0|0|93793822|4914|3797
15|0|94977641|4941|3739
17|0|78814881|4163|3023
1|0|94326698|4928|3702
27|0|74991899|4136|3076
6|0|80314409|3769|2693
13|0|95592036|4596|3593
7|0|93206423|4727|3540
12|0|94828573|4825|3780
10|0|68257720|3998|2883
14|0|81660738|4832|3631
8|0|68256443|4917|3759
2|0|94477845|4456|3442
16|0|72784745|4672|3452
4|0|93446009|4525|3363
18|0|94984999|5547|4539
9|0|93950865|4174|3064
19|0|94498215|4455|3411
22|0|94597595|5174|4016
21|0|95252612|5415|4198
26|0|94336160|4976|3753
28|0|94237107|4947|3920
23|0|94493221|4480|3375
31|0|29016222|3606|2486
25|0|75397438|5153|4073
29|0|94996952|5331|4285
20|0|75392109|4948|3808
24|0|95001210|4272|3265
3|0|94829541|4635|3501
30|0|83457412|4346|3262
11|0|93512713|4900|3800
5|0|92009119|4292|2909
4|1|28119944|3799|2913
6|1|28303893|2957|2098
12|1|28252853|3562|2822
15|1|28408456|3645|2724
10|1|28269619|3495|2624
28|1|28091060|4689|3856
0|1|28408314|3264|2405
5|1|27853540|4056|2949
16|1|28236561|3408|2470
13|1|28297702|4147|3269
2|1|28186753|3437|2552
14|1|28223364|4030|3076
11|1|27883527|4046|3186
9|1|28137215|3876|3023
7|1|28252487|4447|3532
22|1|28112744|4876|4045
18|1|28158153|4373|3556
26|1|28084910|5003|4125
19|1|28130994|3780|2988
21|1|28103151|3915|3070
17|1|28418980|3534|2646
27|1|28393867|3316|2438
1|1|28335445|3948|3061
20|1|28005787|3612|2785
24|1|27989071|3081|2218
30|1|27945728|3131|2287
25|1|28045894|3984|3104
31|1|28065591|4354|3435
8|1|28197228|4062|3179
3|1|27891780|3796|2841
29|1|28052817|3994|3080
23|1|29031347|3863|3009
4|2|50127370|6173|5168
16|2|50033623|5734|4517
13|2|50018020|5576|4516
3|2|49691684|5640|4538
21|2|49906146|5865|4812
0|2|50059550|6152|5044
25|2|49825709|5416|4221
12|2|50113171|6127|4972
1|2|49808499|5767|4790
19|2|50002581|5097|4045
22|2|49952986|5470|4293
28|2|50104247|5830|4816
10|2|50126993|5392|4275
8|2|49706435|5829|4765
14|2|50048354|5725|4559
18|2|49961296|4796|3636
7|2|50001082|6051|4940
6|2|50390253|4738|3660
2|2|50095051|4713|3718
11|2|49975262|5624|4481
31|2|49827030|5912|4692
20|2|49900897|6099|4942
15|2|50111709|5867|4754
29|2|49819878|5542|4454
17|2|49995266|4699|3553
27|2|49999766|5784|4765
24|2|49950920|5234|4078
26|2|49975431|5983|4828
9|2|50393321|5323|4118
23|2|49389184|4362|2605
30|2|52538984|5239|4180
5|2|55426073|5422|3729
0|3|23562632|4670|3472
10|3|23470325|4623|3585
18|3|23440579|4574|3488
19|3|23561280|4083|3048
24|3|23292108|4038|2908
9|3|23268973|3635|2552
8|3|23450936|4381|3261
17|3|23358216|3486|2387
11|3|23366328|5117|4022
7|3|23414829|4380|3279
4|3|23654944|4093|3072
14|3|23444302|4567|3528
6|3|23406783|4379|3347
12|3|23573173|4182|3025
20|3|23346865|4741|3592
21|3|23620518|4560|3502
25|3|23596271|4304|3189
28|3|23505602|4555|3482
16|3|23661365|4652|3531
26|3|23249728|4277|3200
22|3|23533007|4378|3442
29|3|23323374|4424|3363
15|3|23334487|4392|3261
31|3|23373092|4516|3370
2|3|23396137|3663|2633
23|3|23244872|3542|2462
3|3|23619736|4363|3241
27|3|23316746|3688|2578
5|3|18281112|3355|2336
30|3|20940228|3408|2418
13|3|23651173|4637|3595
1|3|23547686|4558|3462
0|4|21822754|4562|3434
4|4|21699016|4862|3819
1|4|21362863|4403|3287
9|4|21796214|3544|2400
29|4|21572626|4441|3414
30|4|21441249|3424|2495
10|4|21834707|4625|3561
18|4|21813621|4725|3570
11|4|21745745|4314|3151
6|4|21666563|3871|2686
12|4|21670113|4314|3114
7|4|21713181|4285|3184
16|4|21595509|4066|2895
2|4|21671900|3622|2456
5|4|21425657|4220|2941
13|4|21361214|4438|3466
8|4|21794117|4721|3650
19|4|21821670|3440|2311
25|4|21639253|5012|3990
27|4|21454763|3731|2702
24|4|21811456|3462|2553
28|4|21628343|4898|3883
21|4|21664030|4947|3890
17|4|21792647|3515|2497
23|4|21486594|3806|2549
22|4|21585972|4529|3335
20|4|21678959|4871|3672
31|4|21537597|4974|3779
26|4|21613828|4136|3016
3|4|21425802|4256|3129
14|4|21692332|4544|3602
15|4|21516191|4912|3742
3|5|22500748|4759|3677
7|5|22818568|4917|3850
15|5|22503366|4827|3663
8|5|22719462|4677|3620
30|5|22979222|3754|2638
5|5|22754375|4526|3224
13|5|22749341|4600|3466
10|5|22904650|5024|4038
2|5|22780657|4084|2832
0|5|22973340|4988|3935
11|5|22863985|4717|3603
14|5|22513324|4632|3497
6|5|22860107|4994|3967
20|5|22576719|5051|3834
12|5|22849747|4962|3779
9|5|22962719|3959|3020
22|5|22597233|5293|4040
18|5|22903167|5057|3933
16|5|22818368|4767|3558
1|5|22951798|4837|3783
21|5|22651093|4977|3916
17|5|22634763|3787|2611
25|5|22726205|4404|3243
26|5|22561467|4512|3294
24|5|22691321|4023|2811
23|5|22621901|4119|3083
29|5|22970341|4795|3692
28|5|22681540|5100|3907
4|5|22969337|4275|3152
31|5|22624316|4823|3629
27|5|22756992|4181|3116
19|5|22931161|3499|2339
0|6|20168838|4067|2949
12|6|20102476|3652|2449
10|6|20248093|4237|3214
25|6|19981305|3710|2610
8|6|20333493|4014|2947
19|6|19834542|3471|2456
6|6|20148893|4171|3122
18|6|20127664|4483|3298
3|6|20323322|4384|3216
16|6|20035303|4064|3025
1|6|19981745|3840|2719
22|6|20074902|4120|3029
17|6|19994239|3175|2297
23|6|19922401|3432|2385
24|6|19948437|3548|2465
14|6|20196540|4019|3005
2|6|20195654|3830|2759
31|6|19862061|4094|2972
21|6|20024907|3724|2583
20|6|20159973|4635|3634
11|6|20222017|3929|2980
26|6|19980365|4282|3023
4|6|19833007|4211|3055
13|6|20297636|4019|3002
27|6|19851627|3503|2392
5|6|20264867|4092|2849
15|6|20368646|3723|2575
30|6|20346596|3957|2891
29|6|19940865|4027|2996
28|6|19929273|3758|2742
7|6|20341181|4235|3171
9|6|20648087|3208|2116
3|7|18978459|3903|3057
2|7|18869939|4451|3715
22|7|18978634|4491|3560
23|7|18950867|3117|2225
31|7|18900174|4302|3406
0|7|19101722|3827|2855
13|7|18756566|3996|3124
10|7|19090982|3890|2994
11|7|18801108|3883|2874
8|7|19075823|3933|2940
4|7|18775703|3910|3132
12|7|19116923|4359|3404
14|7|18901172|4039|3072
20|7|18838272|3847|3039
16|7|19009910|3923|2975
19|7|19071725|3405|2518
18|7|19049715|3910|3043
1|7|18953692|4372|3496
24|7|18930888|3202|2383
26|7|18825674|4154|3178
7|7|18623952|4379|3390
25|7|19128514|4011|3127
30|7|18733794|4043|3119
15|7|18748293|3391|2461
6|7|19013090|4178|3320
29|7|18722908|3903|3003
28|7|18707794|4609|3658
21|7|18898004|3444|2561
17|7|19040891|2769|1979
5|7|18824804|4088|3095
27|7|18867587|3161|2180
9|7|18811084|3191|2307
2|8|17501882|4338|3309
4|8|17400837|3706|2769
11|8|17444175|4074|3184
16|8|17361546|3864|3012
23|8|17546112|3552|2611
6|8|17181427|4244|3413
14|8|17371932|4185|3356
10|8|17452153|4094|3167
3|8|17536931|4281|3361
0|8|17485680|4239|3391
28|8|17163510|3587|2623
19|8|17459903|3235|2217
7|8|17233311|4004|3134
8|8|17438378|4044|3213
31|8|17517779|4047|3139
25|8|17250405|3719|2733
12|8|17409884|3966|3250
20|8|17380927|4142|3147
21|8|17161576|3283|2424
17|8|17149088|3260|2402
29|8|17197330|3712|2801
26|8|17291116|3862|3153
15|8|17503487|3040|2112
18|8|17329619|4580|3804
30|8|17250432|4136|3096
24|8|17313906|3234|2408
1|8|17294437|4069|3203
27|8|17132318|3161|2327
13|8|17479556|3844|2965
9|8|17489044|3176|2233
5|8|17092113|3673|2813
22|8|17729335|3952|3055
0|9|15544509|3644|2850
11|9|15650648|3369|2445
6|9|15609660|3896|3010
16|9|15671787|3163|2242
26|9|15415658|3475|2478
20|9|15494203|3509|2656
23|9|15711580|2812|1982
7|9|15513110|3521|2578
4|9|15666833|3350|2421
1|9|15286789|3335|2523
12|9|15461959|3228|2340
8|9|15508639|3285|2489
9|9|15270928|2673|1826
14|9|15636161|3628|2702
13|9|15294569|3446|2615
3|9|15560917|3117|2272
15|9|15400578|2771|1957
28|9|15583008|3828|3103
18|9|15392636|3759|3013
17|9|15453842|2701|1983
22|9|15264333|3561|2676
30|9|15383383|3572|2687
5|9|15224399|3076|2144
25|9|15528282|3027|2028
2|9|15675601|3391|2331
24|9|15379970|2841|1916
29|9|15457851|3651|2735
31|9|15556191|3690|2920
27|9|15349606|2815|1875
19|9|15619815|2623|1875
21|9|15514422|2843|1781
10|9|15585424|3425|2621
1|10|18162532|3909|3082
7|10|18211397|4427|3577
9|10|18137534|3406|2559
31|10|17897306|4108|3230
17|10|18008928|3539|2590
4|10|18192134|3907|3055
18|10|18032598|3373|2465
5|10|17949194|4055|3159
16|10|18274763|4142|3288
6|10|18289289|4271|3463
25|10|17939467|3793|2937
21|10|17820444|3282|2365
12|10|18179933|4131|3340
10|10|17810571|4198|3375
11|10|18316545|3924|3041
8|10|18170577|4124|3288
2|10|17899210|4603|3841
20|10|18248488|4166|3291
13|10|18118535|3604|2757
23|10|18243094|3235|2387
22|10|18015312|3669|2854
26|10|18278182|4138|3130
29|10|17900179|3971|3031
0|10|18331325|3976|3038
28|10|18071139|3918|3032
14|10|18144497|4415|3544
24|10|17925862|3231|2575
30|10|18020686|4058|3191
27|10|17880566|3323|2541
15|10|18105237|3216|2290
3|10|18075198|4401|3588
19|10|17931228|3154|2223
4|11|19331770|3624|2675
5|11|19311735|4383|3077
21|11|19267967|3801|2681
1|11|19455396|4616|3527
22|11|19145262|4763|3684
2|11|19181045|4560|3348
10|11|19231335|3982|2774
6|11|19297534|4334|3307
17|11|19382676|4227|3136
12|11|19253308|3898|2763
16|11|19319281|4399|3324
14|11|19038877|4087|2942
13|11|19163661|4086|3055
20|11|19181391|4456|3382
7|11|19421179|4365|3245
8|11|19215851|4525|3395
18|11|19360881|4658|3594
9|11|19421794|3693|2616
26|11|19121581|4242|3052
0|11|19065472|3846|2759
11|11|19237432|4187|3195
29|11|19112002|3775|2686
25|11|19306410|4291|3153
3|11|18950481|4201|3199
19|11|18966196|3375|2319
31|11|19430009|4585|3496
24|11|19052456|3203|2246
23|11|19174229|3429|2391
15|11|19010685|3255|2256
30|11|19041702|4743|3596
28|11|19093111|4660|3552
27|11|19077497|3443|2321
5|12|15719261|3411|2403
13|12|15564296|3425|2579
15|12|15328926|2808|1929
28|12|15326036|3477|2662
25|12|15470634|3498|2666
6|12|15648292|3390|2565
29|12|15517249|2929|2027
23|12|15425513|2845|1999
10|12|15664586|3501|2618
11|12|15446610|3417|2592
8|12|15523919|3649|2732
16|12|15605937|3183|2347
4|12|15751516|3361|2505
0|12|15443214|3330|2620
3|12|15418976|3342|2548
14|12|15603438|3667|2817
17|12|15654764|3698|2741
20|12|15573867|3381|2495
21|12|15758081|3446|2624
22|12|15726600|3652|2638
7|12|15530923|3219|2349
27|12|15307651|2774|2000
31|12|15414209|3536|2609
26|12|15522141|3600|2597
9|12|15842996|2778|2050
18|12|15558130|3736|2953
24|12|15406963|2607|2002
12|12|15613836|3360|2505
30|12|15378711|3614|2859
2|12|15681086|3639|2681
1|12|15722161|3376|2516
19|12|15437121|2703|1929
0|13|17223308|3826|2882
8|13|17286881|4288|3178
2|13|17003800|3801|2876
22|13|17182466|3935|2956
24|13|17089381|3127|2118
3|13|17218629|4115|3270
1|13|16984719|4111|3062
5|13|17451478|3671|2816
9|13|17085708|3026|2166
14|13|17224271|4001|3019
7|13|17128857|4049|3099
18|13|17081186|3149|2192
10|13|17342175|4214|3293
13|13|17456959|3914|2939
17|13|17228263|4129|3252
28|13|17420902|3567|2578
21|13|17190804|3472|2417
15|13|17438489|4618|3676
6|13|17388577|4270|3272
29|13|17380847|3829|2809
23|13|17369030|3399|2355
4|13|17286783|3717|2709
20|13|17221348|4180|3256
16|13|17296539|3767|2823
26|13|17131078|3547|2724
12|13|17030372|3728|2768
19|13|17007708|3153|2349
27|13|17165065|4190|3190
31|13|17151094|3513|2529
11|13|17302853|3663|2628
25|13|17430005|3711|2723
30|13|17130504|3241|2209
1|14|17303458|3740|2752
11|14|16941570|3504|2538
8|14|17412551|4011|2997
14|14|17299375|4064|3108
22|14|17408552|3912|2974
30|14|16959685|3066|2139
31|14|17016548|4106|3048
10|14|17232856|4224|3126
0|14|17388976|4143|3103
12|14|17020542|3569|2551
4|14|17087448|3772|2769
9|14|17427620|3282|2230
17|14|17211204|4206|3261
13|14|17225155|4040|3112
3|14|17330396|3919|3062
16|14|17054870|3897|2854
15|14|17172180|3856|2916
20|14|17087299|4045|3050
23|14|17121533|3348|2400
28|14|17214359|4191|3262
26|14|17059593|3821|2702
18|14|17283512|3434|2423
19|14|17023743|2918|2016
24|14|17394719|3271|2413
27|14|17011182|3755|2791
29|14|17156418|4240|3140
2|14|17362408|3850|2852
21|14|17218305|3709|2748
7|14|17255370|4162|3121
6|14|17129919|4063|2942
25|14|17039756|3653|2614
5|14|17298666|3773|2750
0|15|17234146|3330|2545
7|15|16936909|3563|2752
15|15|17151090|3345|2470
14|15|17343377|3569|2659
23|15|17145894|2907|2034
8|15|17332157|3533|2507
18|15|17125991|2863|1940
6|15|16926758|3727|2804
12|15|17251613|3796|2739
4|15|17206150|3677|2758
29|15|17131868|3806|2819
10|15|17283112|3862|2942
31|15|17455418|3792|3061
13|15|17195665|3576|2795
1|15|17341819|3392|2422
16|15|17181917|3540|2696
20|15|17149449|3710|2715
21|15|16984597|3287|2425
5|15|16882411|3586|2603
22|15|17344739|3893|3022
27|15|17045216|4116|3090
26|15|17107948|4027|3159
28|15|17121818|3226|2314
19|15|17074865|2922|2132
24|15|17062792|2928|2033
25|15|16954565|3412|2440
2|15|16954562|3684|2860
3|15|17163824|3589|2719
11|15|17356584|3590|2652
30|15|17468509|2824|2063
17|15|17222344|3664|2846
9|15|17517713|2841|1934
2|16|18655112|3713|2826
4|16|18910707|3948|2861
8|16|19021737|3943|3017
18|16|19017527|3259|2319
19|16|18782063|3104|2152
31|16|18966988|3440|2420
7|16|19053626|4127|3129
6|16|18961447|4031|2964
14|16|19033677|3970|2898
10|16|18915681|3603|2683
13|16|18900003|3588|2651
9|16|18761733|3155|2113
11|16|18669601|3825|2914
17|16|18636655|3683|2717
12|16|18975841|3864|2850
21|16|18850868|3518|2502
20|16|18869515|3662|2723
22|16|18821553|3561|2645
26|16|18794530|3803|2775
15|16|19088516|3857|2925
25|16|18739187|3603|2497
16|16|18896129|3767|2761
23|16|19063717|3278|2267
0|16|19063780|4134|3048
24|16|18766460|3166|2252
27|16|18824250|3783|2748
28|16|18803890|3817|2822
3|16|18658044|3774|2690
29|16|18984573|3724|2767
5|16|18797717|3835|2698
30|16|18715387|3090|2013
1|16|18850952|3962|2877
4|17|19126867|4202|3019
8|17|19121362|4207|3223
23|17|18838510|3148|2135
25|17|18904334|3870|2711
3|17|18737058|4326|3156
7|17|19070357|4496|3381
10|17|19023412|4357|3239
9|17|18994862|3552|2349
2|17|19303842|3071|1991
13|17|19018186|3986|2923
6|17|19058717|3905|2788
12|17|18969842|4352|3225
0|17|18822324|4226|3167
11|17|19006183|4134|3022
19|17|19128575|3549|2445
5|17|18704435|3970|2634
24|17|18808084|3450|2383
28|17|18778688|4374|3335
22|17|18935732|3945|2791
21|17|18966677|3997|2788
20|17|18952011|4132|2942
16|17|18875412|4322|3132
31|17|19120419|4034|2742
26|17|18927280|4491|3390
15|17|18908495|3814|2707
18|17|19156969|4083|2961
17|17|19003211|4296|3104
1|17|18672273|3946|2787
29|17|18785986|4080|3036
27|17|18835222|4024|3021
30|17|18757582|3481|2411
14|17|19049223|4359|3210
1|18|19177585|4004|2964
10|18|19547292|4635|3525
15|18|19263242|4145|2946
19|18|19438483|4018|2963
6|18|19462630|4193|2961
7|18|19550582|4259|3350
12|18|19453869|4544|3528
11|18|19425258|3943|3069
3|18|19557051|4406|3258
2|18|19512807|3542|2424
4|18|19648087|4652|3664
17|18|19227739|4317|3164
14|18|19148971|3933|2841
9|18|19537747|3613|2540
13|18|19512443|4697|3504
16|18|19310326|4097|2897
5|18|19632655|4526|3213
22|18|19368506|4235|3065
21|18|19354440|4011|2815
18|18|19261545|4255|3142
20|18|19340591|4142|2934
24|18|19407760|4137|3071
25|18|19628896|4219|3091
28|18|19395120|3990|3118
8|18|19620732|4340|3156
27|18|19207339|4359|3281
26|18|19299665|4244|3085
29|18|19228006|4002|2980
23|18|19648044|3603|2611
31|18|19319484|4558|3424
0|18|19422866|4457|3367
30|18|19466242|3222|2165
4|19|20240770|4854|3716
1|19|20408281|4788|3457
14|19|20244150|4824|3625
21|19|20179033|4313|3083
25|19|20128790|4209|3036
27|19|20088528|4807|3522
26|19|20082567|4710|3543
13|19|20208953|4576|3402
11|19|20330108|4494|3294
10|19|20420986|4960|3612
2|19|20296775|3303|2296
7|19|20329509|4975|3869
16|19|20209386|4419|3222
15|19|20417006|4688|3438
8|19|20069097|4795|3610
19|19|20400324|4918|3748
9|19|20245288|3853|2708
18|19|20153286|4640|3535
20|19|20140930|4660|3347
17|19|20280217|4667|3536
22|19|20193273|4662|3441
24|19|20137546|4809|3679
3|19|20289846|4794|3677
6|19|20343018|4862|3616
0|19|19927951|4883|3698
29|19|20066701|4724|3550
30|19|19996288|3844|2607
28|19|20140463|4909|3728
31|19|20033391|4618|3294
12|19|20334362|4647|3437
5|19|20260997|4943|3533
23|19|20070692|3892|2801
4|20|15275623|3402|2524
0|20|14900495|3614|2622
29|20|14906967|3404|2397
10|20|15165157|3555|2653
20|20|15031585|3221|2435
5|20|14865536|3004|2094
17|20|15053969|3337|2439
7|20|15111541|3370|2425
21|20|15330581|3385|2441
12|20|14833167|3345|2397
1|20|15263238|3662|2780
25|20|15360988|3309|2355
9|20|15179607|2810|1889
19|20|15070003|3885|2922
13|20|15172968|3352|2504
18|20|15044664|3809|2909
31|20|14872609|3428|2523
23|20|15028798|3100|2043
11|20|15199336|3390|2450
3|20|14986895|3454|2518
26|20|15243112|3538|2734
24|20|15004915|3688|2808
28|20|14911959|3430|2444
8|20|15058525|3521|2631
27|20|15273708|3538|2548
6|20|14922091|3633|2667
30|20|14967783|2701|1913
16|20|15100917|3445|2490
14|20|15264356|3428|2421
22|20|14994106|3353|2474
15|20|15073716|3350|2531
2|20|15376182|2761|1876
0|21|17783852|4367|3221
6|21|17425703|4428|3340
10|21|17789968|4232|3128
1|21|17681300|3706|2547
3|21|17557186|3982|3063
28|21|17528080|4221|3189
29|21|17851399|3968|2844
4|21|17818824|3912|2866
11|21|17554205|3853|2828
12|21|17707635|4119|3167
13|21|17627089|4163|3095
14|21|17394399|3912|2911
15|21|17366520|3954|2911
17|21|17759601|4351|3260
19|21|17661034|4403|3384
18|21|17616775|4200|3074
5|21|17748923|4170|2967
20|21|17791030|3984|2964
21|21|17741985|3544|2413
8|21|17462849|3695|2716
22|21|17398989|4170|3024
26|21|17554073|4608|3412
16|21|17437130|3968|2830
25|21|17711963|3862|2800
27|21|17489508|3961|2907
30|21|17461603|3137|2250
23|21|17613161|3271|2200
2|21|17327904|3300|2263
31|21|17634076|4451|3324
24|21|17558433|4241|3155
7|21|17724793|4109|2996
9|21|17849109|3369|2254
0|22|16138746|3674|2824
10|22|16138463|3618|2572
28|22|16116909|3283|2421
25|22|15832472|3324|2476
26|22|15878690|3272|2322
5|22|15923102|3482|2443
6|22|16128973|3595|2548
14|22|16000744|3292|2331
8|22|15876914|3308|2288
3|22|16114307|3983|2977
11|22|16062978|3691|2688
15|22|15991633|3367|2343
17|22|15976519|3537|2707
16|22|15833502|3107|2413
19|22|15972446|3085|2180
1|22|16115182|3511|2520
21|22|15907992|3386|2379
24|22|15729412|3310|2350
13|22|16049425|3883|2926
27|22|15809709|3376|2452
31|22|15750936|3146|2206
2|22|15766106|3081|2107
22|22|15883304|3698|2803
18|22|15965369|3693|2772
20|22|15934797|3679|2746
29|22|16121842|3870|2944
4|22|16059364|3501|2522
23|22|15799210|2778|1988
7|22|15686632|3480|2426
12|22|16115934|3169|2271
9|22|15774482|2942|1939
30|22|15908342|3010|2102
3|23|16566115|3730|2778
13|23|16440317|3687|2627
0|23|16737415|3857|2784
10|23|16735332|3767|2816
19|23|16543046|3953|2878
27|23|16481476|3565|2665
1|23|16472297|3514|2519
8|23|16605298|3783|2744
18|23|16457111|3079|2110
7|23|16293826|3529|2634
2|23|16372597|3709|2744
6|23|16634404|3632|2778
22|23|16402272|3791|2748
11|23|16600098|3720|2848
9|23|16243319|3255|2256
14|23|16647345|3705|2771
15|23|16596238|3663|2727
5|23|16651745|3805|2769
17|23|16585893|3641|2653
25|23|16734732|3768|2858
12|23|16287760|3713|2828
24|23|16510228|4015|3015
20|23|16399055|3201|2167
28|23|16750757|3799|2847
26|23|16733786|3917|3024
31|23|16465705|3869|2850
30|23|16261006|3543|2564
16|23|16526562|3503|2575
23|23|16372359|3065|2155
29|23|16409362|3752|2874
4|23|16319689|3489|2539
21|23|16581261|3778|2625
1|24|16182686|3727|2805
8|24|16184697|3707|2856
7|24|16167460|3678|2855
16|24|15892988|3676|2736
18|24|16205846|3111|2269
5|24|16025473|3299|2448
6|24|16124387|3832|3122
10|24|16249260|3768|2811
0|24|16247533|3430|2623
11|24|16104516|3857|3037
12|24|15998077|3448|2628
4|24|15807540|3377|2444
14|24|16080183|3234|2567
13|24|16289865|3832|2992
17|24|16038461|3953|3126
9|24|16287969|2964|2032
15|24|16074844|3573|2548
3|24|16273683|3657|2718
22|24|16147462|3627|2834
2|24|16133153|3603|2631
26|24|15958640|3613|2821
25|24|16037175|3783|2946
20|24|15989083|3019|2131
23|24|15891465|2952|2112
27|24|16255999|3922|3116
28|24|15977996|3764|2902
24|24|16011673|3580|2776
21|24|15851606|3407|2472
29|24|15882792|3641|2805
30|24|15937101|3812|2773
31|24|15958119|3735|2816
19|24|16249487|3577|2724
0|25|16413216|3723|2857
16|25|16513851|3512|2632
17|25|16349774|3380|2532
15|25|16342201|3670|2784
9|25|16371927|3099|2179
29|25|16175158|3743|2665
12|25|16407700|3834|2928
13|25|16439315|3194|2338
1|25|16532037|3522|2537
11|25|16424576|3709|2785
8|25|16549351|3928|3081
10|25|16459947|3916|3064
5|25|16462909|3648|2702
21|25|16150505|3170|2341
19|25|16098523|3549|2628
20|25|16249248|3150|2149
18|25|16526385|3291|2384
28|25|16203150|3219|2406
2|25|16254497|3359|2578
6|25|16499249|4177|3393
26|25|16293633|3624|2750
25|25|16281050|3501|2435
24|25|16196027|3908|2940
31|25|16133398|3769|2623
4|25|16385321|3856|3013
22|25|16331931|4046|3207
23|25|16249055|3055|2195
30|25|16154496|4013|3098
7|25|16527874|3753|2773
27|25|16256679|3621|2799
3|25|16300819|3641|2671
14|25|16552354|3454|2493
0|26|13989030|3293|2525
3|26|13554857|3110|2405
8|26|13877972|3153|2422
13|26|13930148|3121|2451
17|26|14002395|3421|2681
27|26|13624985|2518|1849
23|26|13680842|2702|1912
31|26|13741949|3317|2505
10|26|13864812|3138|2389
4|26|13645270|3133|2354
12|26|13940807|3104|2431
11|26|13903963|3289|2556
2|26|13742387|3527|2765
9|26|14121889|2639|1775
15|26|13993140|3313|2677
20|26|13825537|3245|2675
18|26|13812181|3238|2392
7|26|13590809|3389|2615
21|26|13860559|3123|2478
22|26|13675983|3423|2762
14|26|13580922|2680|1855
19|26|13848430|3345|2559
24|26|13730184|3234|2436
25|26|13749804|3062|2281
26|26|13771726|3352|2605
29|26|13992271|3200|2410
6|26|13731290|2992|2238
28|26|13824656|3242|2500
30|26|13669312|3179|2340
5|26|13840318|3199|2454
1|26|13886203|3283|2573
16|26|14023090|3155|2412
4|27|13283871|3370|2538
1|27|12958284|3048|2204
28|27|13019753|3391|2467
21|27|13169685|3144|2189
6|27|13054631|3173|2277
18|27|13221090|3503|2599
11|27|13325296|3319|2290
12|27|13291614|3262|2393
2|27|13332677|3220|2190
3|27|13414858|3322|2481
20|27|13221650|3048|2235
17|27|13391228|3376|2385
25|27|13221427|2917|2055
29|27|13202604|3180|2211
8|27|13564223|3232|2301
22|27|13171201|3306|2397
31|27|13365891|3252|2469
5|27|13021683|3228|2313
15|27|13443057|3026|2125
24|27|13138074|3203|2298
19|27|13157131|2968|2025
30|27|13053125|3258|2393
26|27|13073557|3173|2299
27|27|13435402|2913|1988
23|27|13659756|2607|1769
9|27|13258220|2748|1871
0|27|13422565|3218|2411
14|27|13283562|2818|1899
7|27|13204209|3471|2473
10|27|13314075|3453|2496
16|27|13366190|2993|2054
13|27|13407634|3181|2369
3|28|16025515|3670|2740
4|28|16166647|3815|2724
6|28|16128601|3904|2867
17|28|16041021|3828|2757
10|28|15755419|3789|2791
30|28|15939866|3531|2574
31|28|16025372|3821|2939
11|28|16098733|3820|2833
12|28|16173484|3878|2902
1|28|16171211|3819|2831
7|28|15767389|3696|2684
19|28|15923317|3847|2885
9|28|15850668|3002|2044
15|28|15956648|3807|2886
21|28|16169057|3682|2671
13|28|15767440|3963|3097
14|28|16005209|3187|2166
20|28|16070311|3677|2708
8|28|16023004|4096|3168
25|28|16057600|4081|3058
24|28|15961003|4123|3277
29|28|16051739|3799|2798
26|28|15922204|3908|2928
22|28|16031774|3855|2852
5|28|15937347|3674|2536
2|28|16051150|3781|2765
28|28|16224947|3923|3005
0|28|15795866|3958|2929
23|28|16035281|3124|2140
18|28|16142661|3902|2814
16|28|16099613|3311|2312
27|28|16343651|3158|2129
0|29|17218756|4158|3091
7|29|17516960|4403|3388
21|29|17466190|4068|3031
17|29|17637132|4429|3317
27|29|17192105|3298|2306
2|29|17266322|4351|3367
5|29|17283771|3922|2800
10|29|17593988|4496|3430
1|29|17508565|3844|2818
6|29|17637164|4266|3151
11|29|17559674|4322|3363
16|29|17205118|3654|2542
12|29|17556430|4073|2928
19|29|17520597|4303|3287
3|29|17643814|4197|3156
20|29|17426471|4148|3192
14|29|17440155|3289|2263
24|29|17382186|3980|2948
18|29|17236873|4378|3422
13|29|17464668|4004|3159
25|29|17404700|4410|3337
4|29|17634101|3947|2926
15|29|17501965|3882|2775
22|29|17346465|4103|3074
28|29|17299527|3983|2968
26|29|17364820|3863|2804
23|29|17265996|3303|2260
30|29|17627703|4433|3283
29|29|17390706|3597|2636
31|29|17612606|4348|3223
8|29|17377848|3970|2948
9|29|17643040|3412|2289
0|30|16086543|3477|2415
6|30|15970717|3789|2863
16|30|15952303|3459|2490
4|30|15753465|3474|2511
26|30|15741099|3696|2505
30|30|15719150|3497|2358
18|30|15893042|3306|2336
15|30|15837965|3328|2160
13|30|15819739|3294|2292
7|30|16105511|4042|2899
17|30|16077341|3609|2505
28|30|15746248|3550|2608
31|30|15672660|3430|2539
25|30|15962510|3456|2365
5|30|16018846|3354|2283
19|30|15938138|3805|2692
10|30|16039717|3871|2805
1|30|15965929|3640|2624
11|30|15998337|3780|2716
29|30|15704279|3284|2388
24|30|15887823|3600|2562
22|30|15790391|3908|2910
2|30|16041372|3534|2442
23|30|15747910|3065|1971
20|30|15927595|3665|2483
27|30|16121611|3197|2206
8|30|15639152|3411|2341
12|30|15931925|3648|2610
9|30|15712124|2970|1924
21|30|16110316|3415|2400
3|30|16173406|3617|2541
14|30|16155803|3151|2060
4|31|16579807|3706|2723
0|31|16617799|3869|2797
10|31|16415958|3697|2654
3|31|16177496|3630|2573
19|31|16462646|3829|2840
24|31|16406665|3866|2755
25|31|16522547|3570|2522
30|31|16654918|3952|2772
23|31|16395470|3073|1978
27|31|16383241|3153|2214
12|31|16257028|3662|2531
6|31|16608647|3773|2764
15|31|16576497|3785|2686
8|31|16290034|3664|2722
16|31|16645379|3775|2678
5|31|16422494|4030|2800
9|31|16442178|3346|2128
20|31|16339995|3768|2642
14|31|16223297|3162|2110
17|31|16561054|3803|2772
22|31|16397045|3749|2703
1|31|16372143|3716|2658
21|31|16276226|3534|2563
2|31|16312345|3862|2886
26|31|16670585|3926|2814
11|31|16381394|3504|2470
28|31|16567611|4000|2935
31|31|16556226|3973|2922
29|31|16461209|3708|2603
7|31|16517067|3723|2575
13|31|16539950|3645|2588
18|31|16607081|3674|2603
1|32|15521599|2811|1990
15|32|15702432|3412|2433
17|32|15586068|3880|2999
25|32|15824507|3518|2551
29|32|15474234|3590|2576
13|32|15386060|3343|2441
23|32|15830053|3067|2128
10|32|15931307|3821|2799
14|32|15589425|2934|2019
4|32|15881383|3673|2812
11|32|15477764|3388|2559
8|32|15669077|3382|2571
20|32|15612260|3645|2695
28|32|15468933|3493|2711
30|32|15787661|3633|2676
12|32|15747897|3696|2709
22|32|15576695|3307|2397
6|32|15699644|3659|2780
21|32|15543365|3372|2455
18|32|15402608|3735|2788
19|32|15832893|3669|2722
24|32|15824079|3821|2757
26|32|15530884|3796|2851
0|32|15846597|3582|2698
5|32|15702589|3595|2566
31|32|15494552|3701|2988
27|32|15805523|2959|2016
2|32|15492692|3316|2414
7|32|15405543|3613|2783
16|32|15654658|3141|2313
9|32|15710652|2837|1943
3|32|15935153|3385|2416
3|33|15026665|3489|2703
0|33|15179010|3712|2792
21|33|15265492|3409|2479
24|33|15236956|3710|2675
14|33|15464477|2821|1916
25|33|15541080|3453|2616
13|33|15532056|3412|2448
7|33|15107164|3515|2669
4|33|15386970|3725|2750
22|33|15299574|3608|2775
9|33|15075262|3089|2256
19|33|15235589|3830|2907
17|33|15508841|3525|2633
15|33|15530648|3316|2378
16|33|15080234|3140|2241
6|33|15269344|3221|2400
18|33|15266436|3865|2892
5|33|15202600|3218|2263
27|33|15168111|3039|2115
11|33|15426223|3620|2771
31|33|15192260|3685|2716
2|33|15157676|3677|2845
28|33|15380300|3745|2808
30|33|15366512|3562|2637
20|33|15403180|3799|2960
23|33|15498473|2885|2039
10|33|15431951|3590|2654
12|33|15307983|3478|2497
29|33|15545514|3184|2160
1|33|15532928|3635|2758
8|33|15466449|3579|2484
26|33|15291221|3545|2722
1|34|16710231|3619|2527
16|34|16973016|4207|3099
18|34|16954250|3842|2877
31|34|16907754|3736|2559
23|34|16842535|3109|2064
17|34|17074296|4018|2853
12|34|16752509|3633|2533
29|34|16844039|3657|2326
6|34|16952398|3511|2504
10|34|16773668|3867|2672
2|34|16850494|4087|2965
8|34|16721041|3615|2566
11|34|16890282|4128|3032
27|34|17089587|3035|1907
21|34|17173556|3670|2419
3|34|17161836|4120|3123
26|34|16728277|3490|2228
14|34|17146915|3229|2127
20|34|16834121|3985|2845
19|34|17047988|3540|2497
9|34|17063898|3389|2392
25|34|17147341|3300|2243
22|34|17089764|4226|3033
24|34|17178244|4257|2959
4|34|17048297|3819|2633
30|34|16869384|3620|2625
28|34|16887406|3942|2927
0|34|17154859|3564|2511
7|34|17072104|3829|2664
15|34|17092477|3346|2177
13|34|17094429|3659|2563
5|34|16904425|3619|2440
1|35|16854763|4297|3126
7|35|16433314|4384|3132
19|35|16594022|3677|2566
22|35|16565544|4042|2922
29|35|16818388|4000|2840
31|35|16881313|4284|2939
11|35|16690676|3873|2790
5|35|16446567|3736|2395
8|35|16704389|3983|2887
12|35|16794567|4185|2958
13|35|16389442|4085|3005
21|35|16674726|3791|2588
20|35|16609096|4103|2998
3|35|16662871|3909|2821
15|35|16412419|3936|2847
2|35|16715692|4197|3074
16|35|16888704|3867|2870
24|35|16540799|4162|3094
14|35|16630598|3438|2321
18|35|16870271|4159|3105
25|35|16578789|3909|2760
17|35|16822605|3767|2635
30|35|16525219|4175|2995
10|35|16736067|4068|2980
27|35|16725011|3225|2200
26|35|16682598|4387|3266
4|35|16496935|3736|2625
23|35|16871425|3312|2210
28|35|16524617|3989|2908
6|35|16755361|4190|3131
0|35|16441881|4033|2923
9|35|16710514|3335|2213
1|36|16106895|4076|3034
8|36|16024713|3592|2491
15|36|15944655|3612|2562
4|36|15766181|4194|3155
16|36|15939716|3991|2956
23|36|15771198|3236|2334
5|36|16107820|3658|2528
28|36|15785069|3895|2943
30|36|15898999|3682|2701
17|36|15842101|3474|2545
2|36|15936710|3070|2097
6|36|15687877|3639|2639
20|36|15996321|3369|2376
19|36|16125928|3681|2586
26|36|15795357|3535|2415
24|36|15923906|3397|2322
22|36|16125361|3588|2655
18|36|15897009|3448|2383
0|36|15673575|3800|2781
21|36|16024805|3643|2477
25|36|15892132|3529|2527
7|36|16115772|4038|3094
12|36|16069016|3917|2744
31|36|16122848|3688|2703
29|36|16134142|3834|2785
3|36|15938063|3469|2555
10|36|15786962|3631|2536
9|36|15745364|3080|2071
27|36|15867179|3127|2075
11|36|16067840|3934|2886
13|36|16102576|3638|2434
14|36|15989167|2930|1861
4|37|15409105|3665|2822
5|37|15377074|3504|2465
13|37|15026950|3828|2519
9|37|15084104|3817|2786
0|37|15196872|3415|2416
24|37|15325165|3283|2193
31|37|15192907|3790|2721
21|37|15286642|3393|2287
7|37|15177957|3846|2923
1|37|15448602|3864|2771
12|37|15154896|3493|2350
16|37|15437866|3639|2611
2|37|15361768|3716|2755
6|37|15317109|3521|2528
11|37|15061689|3537|2533
22|37|15276806|3902|2815
15|37|15472363|3544|2450
20|37|15339296|3334|2305
19|37|15329490|3519|2375
23|37|15450816|3601|2510
14|37|15065481|3072|2084
18|37|15294007|2979|2000
10|37|15081423|3764|2791
25|37|15247040|3736|2587
27|37|15117650|3036|2021
17|37|15420305|3496|2461
26|37|15346792|4013|3047
3|37|15098754|3560|2431
29|37|15194090|3589|2473
8|37|15468828|3732|2620
28|37|15470833|3705|2713
30|37|15475323|2998|2062
0|38|18536245|4115|3238
10|38|18288290|3845|2783
16|38|18464365|3811|2715
7|38|18529526|4348|3418
31|38|18570557|4400|3328
27|38|18298997|3340|2355
28|38|18236791|4236|3168
21|38|18600882|3851|2774
4|38|18609689|4101|3082
20|38|18365961|3754|2755
2|38|18447818|4148|3146
18|38|18316242|3437|2418
13|38|18613751|3974|2921
6|38|18433023|4111|3135
9|38|18589641|4320|3285
19|38|18360780|3930|2888
15|38|18383269|3830|2929
17|38|18258400|4176|3167
5|38|18593016|3770|2633
23|38|18354061|3963|2824
24|38|18573606|4126|3087
22|38|18421829|4046|3059
8|38|18164687|3735|2574
25|38|18312203|3946|2834
26|38|18263593|4016|3096
3|38|18193039|4096|3001
30|38|18197146|3323|2362
1|38|18475794|3872|2940
29|38|18255486|3762|2713
12|38|18465880|4165|3202
14|38|18402061|3319|2195
11|38|18409394|3961|2877
2|39|14753535|3384|2368
17|39|14667778|3435|2463
13|39|14757258|3438|2560
28|39|14854634|3580|2683
31|39|14915092|3728|2789
15|39|14740498|3750|3001
25|39|14636180|3021|2229
1|39|14480449|3443|2578
9|39|14716639|3478|2553
4|39|14813990|3269|2402
8|39|14587161|3007|2084
3|39|14549128|3320|2514
11|39|14442353|3264|2438
20|39|14808027|3525|2666
5|39|14632618|3271|2276
19|39|14718834|3367|2497
23|39|14654099|3234|2487
0|39|14904815|3333|2412
16|39|14915058|3134|2251
10|39|14926595|3385|2511
29|39|14540098|3488|2541
21|39|14873565|3306|2410
7|39|14864488|3328|2417
26|39|14609626|3169|2322
24|39|14671166|3589|2755
6|39|14724693|3618|2811
14|39|14521061|2600|1783
27|39|14912698|2915|1988
12|39|14477802|3482|2547
30|39|14594958|2887|1925
18|39|14843414|2777|2017
22|39|14713363|3069|2148
2|40|17703518|4621|3522
1|40|17610122|4427|3335
28|40|17706599|4140|3001
31|40|17713888|4306|3226
9|40|17597575|4187|3093
0|40|17444408|4103|3033
11|40|17533609|4113|2849
6|40|17314636|4156|2991
13|40|17695555|4187|2952
7|40|17360879|3994|2874
10|40|17418579|4257|3127
18|40|17416614|3493|2293
4|40|17591848|4047|2852
8|40|17584322|3883|2737
16|40|17448421|3957|2839
23|40|17486265|4397|3225
15|40|17672296|4036|2944
17|40|17726980|3935|2706
19|40|17502737|3668|2599
24|40|17357677|3844|2809
22|40|17256552|3846|2760
21|40|17409355|3960|2806
20|40|17544978|4422|3429
27|40|17322720|3450|2397
25|40|17673749|4263|3098
3|40|17543990|4171|3060
29|40|17442098|4178|3108
26|40|17394429|4215|3071
14|40|17738654|3406|2211
30|40|17419531|3251|2133
12|40|17277104|3962|2869
5|40|17490811|4136|3060
2|41|15748171|3863|2734
12|41|15293413|3340|2322
28|41|15751626|3444|2478
3|41|15348656|3538|2515
0|41|15669258|3716|2842
4|41|15563634|3445|2412
9|41|15687509|3692|2513
8|41|15541075|3035|1967
16|41|15528088|3372|2284
6|41|15642898|3751|2708
10|41|15594559|3385|2317
7|41|15616661|3756|2550
11|41|15667884|3621|2628
21|41|15429893|3232|2184
13|41|15639442|3432|2583
20|41|15419214|3525|2435
15|41|15513684|3505|2545
17|41|15497697|3611|2615
19|41|15484421|3731|2606
1|41|15722984|3453|2296
26|41|15353564|3433|2375
23|41|15535623|3709|2662
24|41|15475983|3914|2856
18|41|15612319|2841|1948
22|41|15471881|3598|2661
27|41|15427328|3478|2352
30|41|15333270|3085|2100
5|41|15256919|3445|2413
25|41|15416104|3455|2344
31|41|15751199|3322|2343
29|41|15473474|3292|2194
14|41|15474496|2752|1725
5|42|20405183|4482|3131
3|42|20786025|4630|3393
2|42|20870155|4469|3324
27|42|20513192|4356|3060
20|42|20671873|4729|3492
12|42|20906513|4253|3086
28|42|20910352|4433|3231
7|42|20683271|4727|3466
6|42|20716661|4658|3356
15|42|20612192|4189|2963
9|42|20777939|4510|3265
10|42|20709067|4258|3115
0|42|20774738|4863|3632
17|42|20609086|4697|3451
21|42|20672788|4389|3120
14|42|20607513|3315|2194
18|42|20530298|3489|2372
23|42|20558915|4522|3225
22|42|20520282|4560|3240
16|42|20762832|4619|3350
25|42|20458306|4373|3069
4|42|20759494|4501|3206
29|42|20432385|4305|3109
24|42|20562280|4381|3168
26|42|20595972|4302|3011
30|42|20510930|3716|2499
11|42|20645879|4026|2783
1|42|20541452|4213|2972
31|42|20471164|4220|2991
13|42|20638578|4270|2990
8|42|20870801|3620|2407
19|42|20597027|4644|3454
0|43|25711993|5106|3655
17|43|25723149|5220|3802
27|43|25916281|5371|4033
28|43|25875332|5143|3721
4|43|25575258|4788|3482
6|43|25784542|5261|3878
2|43|25879225|5008|3678
10|43|25744603|5065|3660
13|43|25452479|5519|4022
11|43|25501899|5239|3819
15|43|25793974|5525|4082
1|43|25466774|5448|4072
8|43|25450879|4021|2801
9|43|25784511|5235|3886
29|43|25826053|5492|4099
20|43|25888451|4856|3606
26|43|25568605|5193|3797
5|43|25912719|5382|3894
25|43|25647769|5071|3723
24|43|25601202|5426|4164
18|43|25720722|4622|3207
3|43|25899330|5333|3907
23|43|25709373|5212|3818
31|43|25531901|5714|4327
14|43|25880546|3897|2517
16|43|26076133|4763|3429
12|43|26318994|5443|4103
21|43|25718233|4885|3568
7|43|26299306|5558|4105
22|43|26168404|4805|3469
19|43|25955368|5550|4097
30|43|26064956|4215|2808
3|44|22892381|5258|3988
8|44|23085555|4186|2837
20|44|23043860|4860|3499
31|44|22930084|5149|3818
1|44|23073369|4573|3256
11|44|23115891|5228|3926
9|44|23047762|4990|3688
12|44|22829322|5071|3744
5|44|22985061|4945|3505
6|44|23195131|5224|3794
7|44|22804563|5408|3987
16|44|22855880|4953|3831
0|44|23280457|5072|3635
15|44|23124408|5495|4219
21|44|22843249|4878|3400
23|44|22921531|5070|3724
2|44|23158266|5323|3989
17|44|23304882|5208|3809
22|44|22796765|4682|3236
24|44|22980519|5162|3874
13|44|23176211|5038|3701
19|44|22788828|5381|3998
10|44|23527495|5618|4104
27|44|23301256|5181|3812
25|44|23013939|4679|3283
4|44|23196435|4846|3503
28|44|23295206|5083|3684
29|44|23100649|4372|3160
30|44|22798552|4296|2999
26|44|23040897|5339|3919
18|44|23407521|3677|2416
14|44|23440092|3849|2620
3|45|24670181|5088|3756
16|45|24505348|5116|3755
21|45|24471861|5200|3910
8|45|24667718|4395|3001
22|45|24432343|5379|4065
6|45|24531261|5460|4047
7|45|24517066|5316|3889
11|45|24602659|5182|3839
2|45|24426308|5560|4258
5|45|24539414|5561|4181
10|45|24319881|5563|4182
9|45|24592025|5685|4293
20|45|24664931|5464|4038
15|45|24481326|4781|3458
4|45|24483909|5414|4105
13|45|24372929|4490|3166
12|45|24594318|5465|4064
27|45|24567063|5441|4115
0|45|24473127|5212|3783
26|45|24226380|5172|3824
29|45|24266837|5278|3806
1|45|24606381|5654|4390
28|45|24289275|4994|3713
25|45|24330371|5088|3674
23|45|24493954|5769|4411
30|45|24263932|4055|2789
31|45|24696294|5537|4122
14|45|24248727|4058|2771
19|45|24589994|5391|3946
17|45|24433703|5095|3663
24|45|24633498|5494|4110
18|45|24199173|4200|2888
4|46|20564568|4450|3162
3|46|20806452|4766|3518
9|46|20639939|4112|2829
22|46|20790793|4486|3214
5|46|20652640|4252|3050
1|46|20474710|4558|3329
30|46|20486150|3748|2582
24|46|20413828|4582|3337
11|46|20700228|4514|3320
10|46|20651042|4312|3070
14|46|20514566|3662|2333
8|46|20791063|3399|2414
15|46|20603783|4516|3137
7|46|20701016|4414|3212
13|46|20600667|4323|3031
18|46|20344777|3760|2528
19|46|20391682|4584|3265
17|46|20385411|4455|3160
21|46|20833121|4308|3013
23|46|20480762|4503|3231
28|46|20527441|4337|3002
26|46|20576135|4427|3116
20|46|20669717|4531|3354
6|46|20723664|4543|3336
29|46|20563625|4318|3046
0|46|20523799|4271|2974
27|46|20623126|4409|3178
16|46|20876133|4681|3392
25|46|20525170|4120|2940
31|46|20482810|4741|3408
12|46|20564372|4260|3059
2|46|20681071|4341|3078
4|47|19816971|4336|3044
7|47|19624573|4270|3020
15|47|19657697|4112|2822
24|47|19765047|3784|2520
27|47|19465454|3895|2582
8|47|19654801|3425|2282
16|47|19404249|3789|2578
11|47|19709870|4377|3116
6|47|19469845|4044|2795
10|47|19692506|4204|2998
12|47|19360281|3925|2639
5|47|19751381|4032|2785
9|47|19782819|3992|2767
3|47|19810533|4207|3006
14|47|19902481|3399|2121
17|47|19574294|4038|2789
20|47|19503157|4098|2949
18|47|19610274|3510|2287
0|47|19428727|4160|2927
19|47|19599269|4372|3039
21|47|19572851|3647|2417
22|47|19797617|4123|2834
23|47|19559008|3945|2748
26|47|19538781|4153|2933
25|47|19429594|3662|2458
13|47|19606288|3894|2649
29|47|19493648|4044|2744
28|47|19556706|4386|3075
30|47|19793621|3410|2267
31|47|19426379|3836|2691
1|47|19747188|4379|3023
2|47|19357535|3555|2387
4|48|18669051|4391|3262
5|48|18479784|4125|2917
7|48|18684907|4489|3231
21|48|18391518|4088|2874
20|48|18465308|4130|2901
27|48|18691572|4216|3068
16|48|18577822|4366|3122
12|48|18516631|4265|2979
11|48|18564442|4002|2896
10|48|18528776|4269|3144
9|48|18488306|4332|3142
13|48|18294665|4090|2788
0|48|18383555|4158|2993
19|48|18394982|4226|3114
3|48|18465004|4301|3117
6|48|18561472|4399|3152
17|48|18471528|4214|2978
2|48|18172844|4326|3090
25|48|18331708|4161|2988
18|48|18448224|3540|2431
23|48|18366868|4193|3075
26|48|18350359|4299|3165
29|48|18304492|4154|2971
15|48|18697797|4479|3242
22|48|18389713|4370|3190
1|48|18196053|4147|2841
24|48|18680379|4403|3124
31|48|18263371|4390|3138
30|48|18282505|3455|2335
8|48|18590909|3540|2393
28|48|18319796|4295|3145
14|48|18583721|3414|2243
1|49|18908382|4706|3214
8|49|18860923|3769|2534
9|49|19203603|4639|3171
27|49|19305584|4426|3186
5|49|19317350|4510|3195
6|49|19095206|4543|3193
7|49|19310090|4885|3512
30|49|18966729|3768|2490
11|49|19218285|4738|3494
10|49|19204768|4693|3418
12|49|19240003|4606|3213
4|49|19340773|4730|3333
16|49|19260531|4599|3227
13|49|19183964|4568|3236
17|49|19295065|4332|2946
0|49|19134933|4553|3114
19|49|19161503|4607|3253
21|49|19331873|4432|3098
20|49|19311811|4782|3430
23|49|19055558|4385|3153
24|49|18944179|4548|3324
26|49|19048826|4378|3084
22|49|18991744|4389|2986
28|49|18886416|4689|3387
25|49|19108175|4607|3292
3|49|19105598|4668|3177
29|49|19051937|4456|3150
31|49|18962879|4645|3361
2|49|19069150|4862|3483
18|49|19176902|3810|2551
15|49|18982735|4542|3199
14|49|19437400|3587|2364
7|50|18707724|4054|2814
13|50|18615456|4195|2895
17|50|18617004|4032|2727
19|50|18604437|4196|3114
0|50|18584232|4371|3127
11|50|18699042|4551|3309
3|50|18433513|4471|3126
8|50|18893128|3512|2356
12|50|18656989|4298|2969
5|50|18767199|4545|3254
1|50|18808444|4082|2961
9|50|18793731|4188|2926
4|50|18641043|4303|3176
25|50|18466998|4218|2989
23|50|18548122|4158|2972
15|50|18378852|4062|2900
18|50|18393256|3449|2389
21|50|18592988|3793|2745
22|50|18518685|4358|3143
26|50|18535234|4365|3096
27|50|18813635|4337|3210
28|50|18506561|4019|2786
2|50|18383355|4226|3020
24|50|18558967|4244|3227
16|50|18683746|3884|2853
31|50|18451607|4550|3387
30|50|18764977|3446|2357
20|50|18592329|4478|3275
10|50|18737399|4473|3283
29|50|18492082|4374|3199
6|50|18744940|4413|3161
14|50|18575282|3297|2249
3|51|18582101|4452|3171
12|51|18588068|4359|2894
4|51|18540518|4483|3178
20|51|18300178|4490|3195
31|51|18366860|4402|3204
9|51|18543824|4449|3055
30|51|18381908|3681|2374
0|51|18610214|4411|2990
7|51|18704698|4381|3065
6|51|18233489|4345|3045
10|51|18265200|4242|2963
17|51|18675391|4491|3133
13|51|18706168|4210|2926
15|51|18492409|4197|2783
5|51|18554423|4544|3190
18|51|18479450|3404|2298
23|51|18513315|4390|3136
19|51|18680206|4003|2763
16|51|18356110|4138|2869
21|51|18470595|4153|2763
2|51|18351061|4401|3107
26|51|18444064|4337|3067
22|51|18465684|4057|2877
27|51|18435257|4324|3036
24|51|18395361|4213|3012
29|51|18296944|4198|2966
8|51|18656311|3509|2280
1|51|18552593|4263|2943
28|51|18436281|4201|2870
25|51|18571363|3959|2687
11|51|18626037|4403|3094
14|51|18902663|3377|2140
3|52|21622716|5144|3812
4|52|21625944|4935|3617
9|52|21566533|4727|3449
18|52|21438840|3879|2604
1|52|21200177|5115|3741
0|52|21531232|5242|3975
15|52|21442690|4481|3235
6|52|21489685|4762|3376
21|52|21344012|4281|2961
10|52|21499933|4617|3280
2|52|21323865|4584|3343
14|52|21148724|3780|2488
13|52|21471407|4719|3395
12|52|21658026|4404|3065
16|52|21369607|4636|3309
8|52|21235356|3918|2674
19|52|21388740|4878|3454
20|52|21623116|4863|3643
7|52|21504522|5237|3995
11|52|21188976|4737|3517
28|52|21219035|5066|3821
24|52|21288339|4557|3216
23|52|21417076|4661|3420
26|52|21348402|4912|3643
29|52|21282680|4667|3283
25|52|21218570|4192|2937
31|52|21626508|4755|3424
22|52|21335193|4826|3556
5|52|21410573|4316|2958
27|52|21324660|4892|3575
30|52|21668847|3701|2540
17|52|21489346|4712|3388
6|53|16532369|3843|2531
9|53|16633034|3736|2466
23|53|16314005|3566|2309
24|53|16335947|3612|2370
7|53|16351242|3549|2308
31|53|16289486|3722|2438
22|53|16219056|3675|2396
17|53|16155785|3747|2492
4|53|16648965|3638|2394
8|53|16513858|3167|1957
21|53|16532703|3495|2293
16|53|16573479|3440|2197
2|53|16500806|3793|2702
5|53|16214418|3499|2332
11|53|16359484|3697|2542
28|53|16347727|3507|2411
25|53|16272979|3578|2361
15|53|16589495|3611|2333
1|53|16594985|3506|2377
20|53|16405991|3606|2367
12|53|16431734|3759|2549
0|53|16636186|3398|2260
29|53|16313672|3624|2416
27|53|16233243|3613|2373
14|53|16531532|3082|1904
19|53|16386134|3503|2369
30|53|16272815|3284|2037
13|53|16461178|3269|2132
18|53|16774145|3182|2064
26|53|16709292|3586|2201
3|53|17085633|3156|2058
10|53|16517525|3718|2455
3|54|15860822|3777|2781
4|54|16225940|3855|2677
19|54|15960883|4257|3169
26|54|15930431|3614|2418
24|54|16345119|3932|2783
6|54|16338566|4231|3148
11|54|16131298|3736|2554
5|54|16146793|4111|2951
7|54|16286766|4166|3043
1|54|16058880|3972|2870
13|54|15930855|3933|2856
12|54|16042155|4162|3016
16|54|16172048|3619|2477
17|54|16259255|3929|2838
10|54|15889549|3979|2779
21|54|16210735|3403|2313
28|54|16141797|3746|2566
9|54|16343580|3292|2177
20|54|16081421|4022|2914
31|54|16304768|4064|3067
29|54|16041860|3897|2849
18|54|15942304|3224|2141
27|54|16028921|3988|2732
0|54|16015559|3882|2888
23|54|16351342|4248|3183
15|54|16129380|4115|3027
8|54|16251753|3334|2233
2|54|16156296|3940|2783
25|54|16154391|3908|2929
14|54|16037256|2959|2002
22|54|16327891|3855|2734
30|54|16030763|3121|2115
1|55|18329189|4392|3090
9|55|18226042|4214|3062
20|55|18236618|4224|3200
24|55|18467206|4424|3274
18|55|18202258|3485|2318
17|55|18347994|4306|2908
22|55|18082944|4287|3019
31|55|18272937|4666|3418
3|55|18466100|4497|3309
8|55|18089265|3548|2339
10|55|18282742|4563|3246
11|55|18406328|4247|3125
15|55|18115759|3934|2798
0|55|18151660|4249|3016
5|55|18404882|4469|3156
21|55|18280766|4200|2847
19|55|18481818|4610|3400
23|55|18147263|4326|3051
4|55|18460122|4433|3188
2|55|18053919|4536|3314
25|55|18088725|4316|3065
26|55|18484279|4621|3473
14|55|18354356|3307|2151
28|55|18289127|4112|2897
16|55|18354748|4480|3167
27|55|18200736|4349|3108
6|55|18408806|4316|3113
30|55|18052015|3530|2351
7|55|18365982|4572|3479
12|55|18322390|4342|3107
13|55|18341820|4373|3205
29|55|18223891|4156|2904
1|56|36217466|6307|5031
24|56|36200886|5100|3893
31|56|36178145|3722|2567
26|56|35918279|4901|3734
11|56|36081234|5815|4732
6|56|35818481|5113|3809
30|56|35917446|3616|2540
20|56|36204708|6245|5064
27|56|35854874|6193|5104
15|56|36072014|5947|4736
23|56|35992742|6091|5038
0|56|36058750|5920|4790
12|56|35793669|5643|4540
2|56|35964397|5877|4743
13|56|35782297|5956|4786
18|56|36196453|4868|3883
7|56|35788421|6114|4938
8|56|36132808|4981|3928
17|56|36190548|5117|3867
14|56|35921847|4282|3115
28|56|35906841|4337|3278
5|56|36016247|5762|4647
29|56|35800880|4996|3979
16|56|35869217|5462|4354
3|56|36572732|5936|4885
25|56|36406981|5464|4102
21|56|37374442|5968|4603
22|56|37758514|5954|4654
9|56|38131020|5706|4598
19|56|38591873|5950|4663
4|56|39113994|5850|4563
10|56|39472575|5837|4566
4|57|21625134|4822|3701
5|57|24387646|5053|3763
16|57|24385292|4755|3535
15|57|24663723|5586|4408
14|57|24470142|3722|2661
29|57|24436331|4820|3575
6|57|24693861|5463|4139
10|57|21418218|4928|3789
13|57|24561521|5509|4322
11|57|24817645|5289|4130
0|57|24591920|5115|3882
17|57|24475712|4767|3613
22|57|23217418|4934|3789
24|57|24791879|5552|4318
19|57|22225906|5008|3797
2|57|24564300|5394|4175
8|57|24529059|4155|2970
26|57|24761142|5221|3927
18|57|24565707|4496|3178
23|57|24660010|5675|4413
21|57|23461005|4774|3575
25|57|24361753|4805|3352
7|57|24848400|5299|4135
20|57|25023603|5700|4442
28|57|24464738|4435|3214
31|57|24799168|4280|3179
9|57|22869703|4975|3755
12|57|24598399|5273|4029
30|57|24886219|3457|2396
3|57|24330372|5209|4070
27|57|24705286|5733|4424
1|57|26082975|5823|4515
13|58|19025778|4107|2896
4|58|19145893|4299|3168
3|58|18653932|3906|2713
28|58|18785189|3775|2682
26|58|18922128|4282|3108
29|58|19135492|4006|2913
6|58|19140225|4088|2816
14|58|19165672|3226|2227
10|58|19061040|4099|2875
11|58|19036076|4157|2858
9|58|18741497|4207|3047
0|58|19002299|4232|3256
19|58|18952667|4020|2897
15|58|19121170|4067|2945
22|58|18993485|4140|2935
17|58|19007041|4147|2969
12|58|18733620|4206|2963
21|58|18856235|4069|2783
1|58|17831858|4413|3267
23|58|18877632|4055|2920
27|58|18688837|4247|2969
8|58|19201733|3385|2236
24|58|18994272|4190|2993
31|58|18795690|3848|2707
5|58|19130077|4062|2907
18|58|18918752|3506|2349
2|58|18919543|4350|3191
7|58|18795374|3985|2885
25|58|18882431|4111|2868
20|58|18776770|4023|2767
16|58|19154129|4296|3118
30|58|19039527|3235|2141
5|59|20040590|4437|3419
12|59|20195979|4235|3234
10|59|20344475|4710|3618
29|59|20400012|4387|3291
8|59|20102081|3600|2647
16|59|19957156|4253|3290
2|59|20022057|4321|3310
6|59|20355387|4341|3243
3|59|20405399|4548|3560
7|59|20015485|4273|3283
15|59|20238641|4280|3263
0|59|20251158|4680|3622
17|59|20217731|4369|3250
1|59|20172872|4386|3249
19|59|20270303|4584|3566
22|59|20237041|4226|3171
11|59|20332045|4601|3632
4|59|20408643|4208|3161
26|59|20406737|4196|3134
25|59|20024329|4068|2898
28|59|20421339|4412|3383
21|59|20206084|4403|3296
24|59|20129726|4349|3282
20|59|20016690|4462|3473
13|59|20478663|4630|3597
14|59|20388386|3637|2557
18|59|20086191|3551|2612
31|59|20121347|4167|3241
27|59|20171461|4746|3845
23|59|20186218|4350|3315
9|59|20276505|4148|3016
30|59|20276868|3152|2224
13|60|19488979|3714|2748
16|60|19821163|4082|3085
12|60|19867404|4122|3178
15|60|19765530|3837|2784
25|60|19635425|3727|2596
19|60|19669324|3829|2857
9|60|19397611|3540|2569
10|60|19860141|4264|3336
17|60|19707296|3780|2806
6|60|19785254|4135|3131
11|60|19644638|3719|2652
4|60|19629862|4107|3255
20|60|19534067|3629|2752
7|60|19757735|4013|3002
3|60|19772792|3880|2811
0|60|19710831|3993|2962
22|60|19670533|3835|2967
5|60|19882502|4253|3117
8|60|19846389|3353|2454
23|60|19436013|3831|2807
18|60|19485385|3167|2247
27|60|19455566|4203|3141
24|60|19569393|4134|3165
21|60|19587355|4002|2982
2|60|19789343|3935|2989
26|60|19652664|4239|3217
31|60|19497839|3777|2709
28|60|19620432|3751|2861
1|60|19685048|3840|2783
29|60|19906352|3625|2646
30|60|19471542|2962|2026
14|60|19575566|3038|2146
1|61|19369674|4197|3213
6|61|19667774|4451|3497
17|61|19712099|4328|3302
28|61|19441359|4074|3213
2|61|19440918|4490|3412
31|61|19485618|4264|3349
25|61|19850463|3890|3034
7|61|19603650|3942|3085
11|61|19663673|4250|3231
10|61|19712256|4410|3601
13|61|19832831|3839|3016
0|61|19564486|4360|3311
5|61|19560530|4373|3374
12|61|19801471|3904|2916
16|61|19829350|3845|2862
15|61|19791113|4157|3299
14|61|19343247|3102|2296
20|61|19650068|4193|3368
19|61|19761579|4222|3314
3|61|19577724|4414|3467
23|61|19549750|4143|3207
24|61|19509967|3682|2768
21|61|19494305|3870|3133
22|61|19600156|4183|3105
29|61|19415680|4096|3246
18|61|19548584|3463|2565
27|61|19535806|4124|3084
26|61|19475186|4739|3939
4|61|19636075|4236|3371
9|61|19718713|4170|3228
8|61|19534541|3578|2644
30|61|19619242|3073|2228
4|62|19343136|3793|2822
7|62|19702505|4053|3042
11|62|19707877|4174|3163
24|62|19517506|3937|3064
29|62|19486961|3842|2822
2|62|19737743|4020|2886
0|62|19621814|4330|3306
8|62|19326430|3887|2916
9|62|19345453|3904|3038
10|62|19679508|4023|2980
30|62|19464256|3163|2126
6|62|19809004|4199|3162
1|62|19799668|4154|2999
14|62|19581483|3765|2771
15|62|19598385|3892|2897
19|62|19551524|4220|3146
16|62|19617742|3989|2972
17|62|19802720|4158|3212
20|62|19572584|3887|2992
22|62|19474912|4074|3116
13|62|19689537|4004|3027
23|62|19526664|4233|3042
18|62|19441040|3332|2395
21|62|19503135|3693|2725
26|62|19418351|4002|2944
3|62|19498549|4181|3260
31|62|19791023|3992|2978
27|62|19446414|3885|2935
25|62|19778071|3697|2659
5|62|19614663|3774|2819
28|62|19846017|3810|2779
12|62|19619006|3967|2950
1|63|19904538|4352|3118
4|63|20141286|4173|3032
15|63|19913106|4402|3175
26|63|19751656|4475|3385
21|63|19778376|3597|2497
8|63|19997825|4216|3067
6|63|19931984|4094|2887
3|63|19689443|4178|2988
2|63|20034792|4451|3359
17|63|19837929|3695|2505
12|63|19610089|4341|3127
9|63|20000055|4278|3030
23|63|19777179|3915|2747
13|63|19770627|3931|2830
16|63|19874038|3940|2714
19|63|19892352|4248|3144
20|63|19842379|3984|2793
22|63|19828701|3992|2877
11|63|20105945|3709|2600
24|63|20085871|4265|3050
0|63|20043514|4239|3056
14|63|19934478|4086|2918
10|63|19962224|4599|3425
25|63|19676506|3978|2796
31|63|19710247|3772|2535
18|63|19780819|3638|2446
7|63|20099248|4726|3508
29|63|20101189|4193|3022
28|63|19668409|3728|2516
5|63|19624713|4053|2909
27|63|19730709|4433|3361
30|63|20078646|3189|2033
1|64|16050542|3598|2562
3|64|15979003|3554|2502
16|64|15867095|3519|2532
15|64|16065383|3238|2291
27|64|15642515|3431|2458
31|64|15765600|3829|2740
0|64|15772787|3751|2653
11|64|15811799|3580|2461
8|64|16026409|3960|2909
6|64|15982897|3728|2619
17|64|15953965|3476|2443
23|64|15909587|3420|2411
30|64|15754443|2795|1773
20|64|15854095|3773|2834
21|64|16051483|3532|2463
9|64|15891796|3755|2547
2|64|15977174|3911|2921
10|64|15763641|3795|2654
28|64|15672097|3559|2602
5|64|15662564|3589|2403
26|64|16075464|3542|2753
7|64|15678144|3254|2368
18|64|15729647|3066|2022
29|64|15702679|3448|2430
22|64|15862375|3783|2678
24|64|15828615|3639|2503
19|64|15893903|3661|2668
4|64|16044719|3671|2612
25|64|15787119|3329|2240
13|64|15990479|3349|2242
12|64|16038134|3486|2462
14|64|15772672|3201|2225
2|65|16632980|3869|2706
4|65|16471086|3458|2556
11|65|16808266|3785|2784
25|65|16508559|3222|2174
9|65|16662374|3567|2441
27|65|16890986|3691|2741
18|65|16616501|2690|1779
0|65|16813374|3756|2716
12|65|16451652|3393|2353
30|65|16829582|3025|2123
3|65|16890880|4022|3011
16|65|16883348|3586|2513
13|65|16470969|3604|2403
8|65|16796155|3679|2722
20|65|16724274|2984|2032
24|65|16539836|3581|2469
1|65|16874358|3831|2803
23|65|16756476|3826|2770
14|65|16453020|3251|2215
15|65|16882662|3695|2671
19|65|16534698|3570|2522
22|65|16567832|3628|2802
17|65|16787064|3511|2480
26|65|16648434|3792|2774
5|65|16609593|3607|2601
6|65|16813403|3996|2955
31|65|16875542|3350|2313
29|65|16603303|3714|2679
28|65|16682188|3309|2347
10|65|16650720|3601|2609
7|65|16595649|3777|2710
21|65|16701874|3547|2446
4|66|17068601|4140|2961
7|66|16637652|4173|2982
11|66|17072219|3961|2698
23|66|16879854|3827|2688
28|66|16729226|3604|2461
6|66|16708538|4040|2873
29|66|16771708|3661|2484
8|66|16911058|3795|2633
2|66|17085273|4032|2895
10|66|16659990|4111|2964
9|66|17050923|4020|2760
12|66|17002873|3743|2623
1|66|16849185|3963|2791
13|66|16950201|3963|2829
16|66|16964270|4022|2816
30|66|17200296|3076|1968
15|66|16831781|3835|2736
22|66|16809175|3739|2595
21|66|16660982|3897|2684
19|66|16824611|4035|2804
14|66|16863739|3586|2533
24|66|16917523|3811|2689
17|66|16803521|4120|3023
3|66|16952026|3997|2832
27|66|17078307|3682|2660
26|66|16796556|3836|2672
25|66|17101317|3748|2638
18|66|17067038|3072|2125
31|66|16764613|3495|2405
5|66|16725906|3781|2574
0|66|16987243|4365|3109
20|66|16923398|3830|2745
0|67|40203271|6087|4689
23|67|40654653|5150|3842
4|67|40737788|5363|3963
6|67|40669992|6375|5096
12|67|40598391|5933|4644
17|67|40436426|6064|4758
29|67|40708403|4233|2943
20|67|40316172|6017|4638
28|67|40654346|5463|3973
14|67|40413022|5215|3825
18|67|40292829|4496|3176
19|67|40441218|5919|4585
16|67|40515455|5802|4330
26|67|40529337|4519|3237
15|67|40497046|5664|4236
21|67|40417804|5550|4181
27|67|40364164|4824|3542
9|67|40600707|6235|4779
11|67|40664968|6207|4799
22|67|40500490|5941|4637
10|67|40555542|6273|4854
7|67|40775174|6427|5032
24|67|40371703|5555|4191
2|67|40587302|6242|4842
3|67|40445195|6163|4670
31|67|40362102|6025|4627
1|67|40496447|5622|4262
25|67|40426213|4395|3085
30|67|40505473|5006|3615
5|67|42054009|6159|4684
8|67|42610730|6142|4672
13|67|43422124|6353|4739
0|68|28892811|5315|3870
1|68|28417472|5782|4527
11|68|28623684|5773|4297
16|68|28731506|4961|3595
27|68|28678284|4531|3254
20|68|28861877|5789|4370
8|68|26907657|5547|4240
24|68|28601049|5635|4274
10|68|28668097|5826|4544
2|68|28519866|5595|4235
3|68|28465678|4943|3636
21|68|28679753|5359|4047
26|68|28709592|4292|3100
29|68|28838477|4772|3498
5|68|27086315|5484|4177
22|68|28623430|5854|4462
14|68|28798073|5081|3711
25|68|28466012|4048|2759
6|68|28848633|5729|4332
15|68|28720960|5142|3918
28|68|28834740|5124|3827
30|68|28473237|4280|2945
18|68|28813430|4915|3657
23|68|28964409|4900|3663
12|68|28926894|5869|4548
9|68|28631073|5820|4450
19|68|28823539|5938|4576
13|68|26005874|5280|3919
31|68|28598298|5993|4633
7|68|29413271|5909|4566
17|68|29917717|5898|4574
4|68|31140122|5873|4563
1|69|22417245|5487|4168
9|69|22073364|4963|3629
21|69|22315658|4741|3391
20|69|22422921|4612|3301
15|69|22217532|4902|3612
19|69|22133103|5705|4473
6|69|22175858|5110|3720
3|69|22303878|4714|3368
5|69|22245997|5032|3436
2|69|22321867|4956|3519
17|69|21361426|5125|3896
13|69|22048427|4824|3344
7|69|21552122|5128|3687
11|69|22436155|4983|3460
14|69|22222592|4506|3202
16|69|22429523|5102|3669
12|69|22109395|5264|3969
23|69|22131604|4820|3395
18|69|22147500|3911|2651
22|69|22255503|4688|3425
24|69|22385309|5204|3760
0|69|22440072|5024|3500
27|69|22420549|4863|3558
31|69|22068772|5509|4183
28|69|22193536|4825|3344
10|69|22331646|5613|4270
26|69|22332666|4652|3352
8|69|22363338|4808|3337
29|69|22321415|4619|3332
4|69|20170873|4944|3720
25|69|22289056|4240|2848
30|69|22416312|4038|2578
0|70|23333304|5065|3488
9|70|23690822|4607|3119
5|70|23604027|4694|3151
19|70|23657452|5417|3926
31|70|23369606|4916|3452
8|70|23253755|4937|3436
10|70|23286925|5330|3818
1|70|23705141|5261|3764
2|70|23560712|4909|3350
11|70|23499971|4903|3294
13|70|23538014|5039|3593
12|70|23456157|5125|3561
4|70|23211856|5062|3574
16|70|23480393|5029|3512
14|70|23498649|4756|3246
17|70|23565223|4725|3297
15|70|23663802|5215|3724
21|70|23697605|4878|3299
30|70|23493924|4055|2586
23|70|23460868|4890|3462
20|70|23694870|4172|2713
24|70|23408707|5151|3700
3|70|23578358|4965|3454
26|70|23313014|4730|3378
27|70|23374032|4628|3082
22|70|23428678|4236|2820
6|70|23601306|5328|3784
25|70|23256861|4756|3241
29|70|23298047|4753|3394
7|70|23503348|5286|3791
28|70|23362385|4792|3323
18|70|23434855|4122|2802
5|71|23513730|4978|3449
17|71|23313777|5461|3908
25|71|23145780|4419|2855
27|71|23207960|5131|3646
8|71|23474349|4933|3433
10|71|23464000|5326|3755
11|71|23410499|5186|3507
0|71|23547470|5268|3630
13|71|23388271|4988|3435
16|71|23342959|4938|3344
9|71|23538352|4877|3262
2|71|23428578|4963|3369
12|71|23375971|4675|3209
1|71|23436339|4965|3404
15|71|23299599|4899|3374
19|71|23536779|4910|3350
14|71|23336905|4664|3062
7|71|23068019|5104|3551
21|71|23288174|4649|2965
23|71|23276266|5152|3594
24|71|23250955|4741|3312
26|71|23221036|4890|3377
28|71|23106763|4432|2855
4|71|23339128|5059|3517
29|71|23137764|4846|3338
18|71|23089081|4343|2832
31|71|23547874|4858|3329
3|71|23253852|4269|2725
6|71|23114549|5045|3497
30|71|23338386|4126|2579
20|71|23403847|4319|2800
22|71|23370505|4052|2571
3|72|26022356|4736|3537
6|72|26017244|5183|4019
2|72|26324734|5033|3740
15|72|26297059|4823|3626
29|72|26143416|4114|2897
28|72|26196794|5020|3723
10|72|26412483|5180|4041
11|72|26394959|4773|3405
5|72|26490955|4151|2876
13|72|26366124|4384|3057
9|72|26328794|5295|4066
12|72|26303597|4917|3727
16|72|26359041|4665|3359
8|72|26436357|5031|3708
0|72|26362372|5136|3841
17|72|26492346|5287|4050
30|72|26239376|3809|2502
14|72|26250691|4339|3003
21|72|26218784|4717|3383
22|72|26006132|4001|2768
24|72|26190664|4300|2991
23|72|26205871|4821|3434
18|72|26110303|4298|2992
25|72|26496250|4321|3087
1|72|26274013|5154|3704
26|72|26184775|4918|3679
27|72|26490057|4265|3008
20|72|26029335|3695|2576
31|72|26110406|4707|3433
7|72|26203343|4338|3065
4|72|26096211|4383|3074
19|72|26269017|4405|3138
0|73|18438210|3586|2626
9|73|18521714|4011|2880
13|73|18564509|3853|2900
20|73|18284342|2963|2034
7|73|18208180|3647|2525
31|73|18309999|3073|2045
10|73|18590836|4188|2897
1|73|18278757|3681|2633
4|73|18206580|3558|2533
2|73|18648061|3776|2739
12|73|18517181|3950|2748
19|73|18193124|3743|2779
16|73|18506453|3415|2426
3|73|18701399|3669|2660
15|73|18651315|3628|2639
14|73|18439644|3538|2463
17|73|18468241|3252|2272
8|73|18460806|3622|2531
11|73|18604895|3826|2799
23|73|18386557|3869|2890
24|73|18402923|3709|2619
18|73|18369721|3194|2165
21|73|18435911|3551|2488
29|73|18654151|3618|2631
22|73|18420103|2921|2021
5|73|18546431|3518|2429
26|73|18341811|3379|2313
30|73|18490149|2967|2105
28|73|18665505|4038|3044
25|73|18384585|3320|2222
6|73|18658470|3535|2470
27|73|18398402|3338|2207
1|74|16716646|3452|2356
0|74|16845677|3396|2479
5|74|16434618|3346|2393
3|74|16651260|3569|2470
10|74|16785264|3712|2697
7|74|16829188|4002|2906
12|74|16739386|3713|2636
22|74|16507429|3815|2898
28|74|16459959|3507|2465
2|74|16704182|3682|2747
18|74|16616154|3033|2049
21|74|16519839|3327|2248
17|74|16619894|3527|2481
16|74|16697049|3433|2557
4|74|16743145|3865|2718
13|74|16869784|3599|2605
20|74|16858227|3560|2560
15|74|16666379|3365|2345
23|74|16578390|3249|2369
14|74|16654947|3436|2412
19|74|16724773|3706|2769
11|74|16570856|3686|2731
24|74|16577905|3660|2613
29|74|16529146|3295|2226
6|74|16320926|3465|2548
31|74|16841947|3389|2378
30|74|16456595|2875|1977
25|74|16430909|3365|2380
26|74|16486389|3386|2540
9|74|16859595|3709|2715
8|74|16599784|3735|2873
27|74|16512096|3084|2061
4|75|17497962|3949|2738
2|75|17586864|4050|2810
18|75|17600659|3294|2120
1|75|17702439|4067|2805
29|75|17435370|3882|2612
22|75|17693596|4010|2853
31|75|17428021|4056|2932
11|75|17405443|3792|2553
9|75|17284083|3771|2603
8|75|17268252|3537|2474
12|75|17653075|3678|2545
15|75|17484301|4074|3029
13|75|17519225|3846|2787
10|75|17679138|4431|3181
16|75|17548766|3766|2507
5|75|17709752|4097|2843
19|75|17443472|4039|2838
14|75|17463592|3442|2268
17|75|17575326|3896|2666
3|75|17663538|3809|2656
21|75|17605733|3728|2565
20|75|17529726|3964|2834
28|75|17656841|3750|2691
27|75|17305216|3999|2745
24|75|17448223|4027|2685
26|75|17356908|4165|2927
23|75|17523096|3670|2473
0|75|17691134|3791|2596
6|75|17351258|4280|3027
7|75|17635059|4303|3141
25|75|17422371|3590|2315
30|75|17536400|3040|1993
4|76|16060993|2903|2117
0|76|15613678|3749|2709
1|76|16019245|3473|2556
2|76|16045808|3577|2680
24|76|15715954|3428|2429
27|76|15737118|3344|2315
28|76|15770465|3326|2304
30|76|15642547|2970|2120
7|76|15610063|3525|2547
31|76|16085499|3621|2726
10|76|15874446|3486|2529
18|76|16178065|2780|1851
14|76|15811860|3458|2562
16|76|15867567|3696|2598
22|76|16019808|3412|2509
19|76|15835191|3433|2591
17|76|15804178|3502|2502
23|76|15681993|3606|2706
25|76|15623261|3271|2302
20|76|15766580|3487|2587
6|76|15606454|3451|2444
15|76|15939907|3604|2578
29|76|16047878|3561|2525
13|76|15923420|3627|2702
26|76|15714315|3347|2319
3|76|15748829|3267|2229
12|76|15909053|3185|2133
9|76|16009905|3453|2333
21|76|15813337|3240|2276
8|76|15932314|3560|2558
11|76|15971312|3328|2393
5|76|15817481|3691|2622
1|77|30962118|4239|3138
4|77|31005911|5663|4323
19|77|30804518|4823|3602
18|77|30902954|4196|3027
31|77|30943580|4456|3288
26|77|30721740|3807|2644
7|77|30898102|4537|3373
16|77|30822444|4998|4029
2|77|30953380|4561|3547
3|77|30588678|4885|3405
13|77|30669403|5384|4223
8|77|30554116|4373|3256
15|77|30713512|4864|3674
14|77|30857236|4524|3405
0|77|30983847|4856|3607
12|77|30609322|5273|3868
17|77|30798486|4505|3350
5|77|30505829|5186|3738
23|77|30813770|4691|3525
24|77|31010563|3527|2474
11|77|30854889|5395|4115
10|77|30864762|4220|3195
29|77|30751266|4486|3234
6|77|30711241|4934|3702
30|77|30996830|4256|3209
28|77|31023749|4609|3497
27|77|31040900|5103|3849
20|77|30828162|4823|3846
22|77|30943923|3275|2506
21|77|30756722|3090|2205
9|77|30892232|5097|3660
25|77|30801834|5119|3820
0|78|33646338|5455|4251
15|78|33703817|5446|4312
12|78|33659691|5810|4473
5|78|33600482|5910|4700
18|78|33900417|5130|3925
10|78|33543918|5409|4286
30|78|33599480|4892|3642
2|78|33771081|6071|4910
27|78|33468127|5786|4600
8|78|33864088|6028|4903
1|78|33893387|6838|5673
26|78|33831142|5682|4534
24|78|33597662|5182|4161
20|78|33455369|4122|2979
21|78|33434251|3922|2766
29|78|33781891|5679|4509
28|78|33508699|5664|4549
11|78|33552663|5751|4542
22|78|33479805|4305|3107
31|78|33882616|5749|4585
13|78|33788277|5721|4476
6|78|33508799|6499|5396
7|78|33803447|6985|5897
19|78|33874364|5904|4697
9|78|33549505|5668|4459
23|78|33619067|5780|4596
17|78|35197388|5841|4600
16|78|35370288|5909|4598
3|78|35556243|5813|4562
14|78|35923693|5672|4455
4|78|36228093|5992|4605
25|78|35909202|5984|4622
0|79|26123216|4766|3639
19|79|25758977|4914|3613
26|79|25985812|5020|3769
18|79|26118296|3642|2543
30|79|26096921|4008|2947
12|79|26109628|4824|3644
1|79|25975057|5662|4545
11|79|25858301|5280|4186
13|79|25792933|5024|3884
22|79|25842354|4371|3231
17|79|24580984|4832|3736
3|79|24317532|4793|3673
6|79|25796349|5307|4208
5|79|26107620|5721|4459
7|79|25787058|5069|3980
21|79|25918650|4156|2969
20|79|25947277|4324|3249
16|79|24575347|4743|3549
15|79|26143290|4799|3666
24|79|25967749|4247|3064
23|79|25758295|4849|3710
14|79|23924563|4589|3500
10|79|26075973|4945|3829
27|79|26034928|5266|4027
9|79|25730994|5344|4095
25|79|23651934|4217|3135
29|79|25929086|4626|3342
31|79|25864639|5560|4390
4|79|23802334|4383|3381
2|79|26004839|5193|3860
28|79|25975110|5397|4180
8|79|27348205|5813|4535
0|80|21393690|4362|3474
4|80|20924416|4046|3022
13|80|21302692|4535|3690
21|80|21191913|3852|2885
29|80|20999624|3463|2601
14|80|21091340|3583|2549
30|80|21409096|3190|2224
10|80|21014017|4408|3406
12|80|21333345|3658|2702
17|80|21258014|3646|2716
9|80|21000534|3861|2788
15|80|21121402|3471|2408
2|80|20905636|4174|3030
3|80|21216958|4084|3036
25|80|21183226|3154|2207
5|80|21183719|3439|2437
26|80|21398100|3979|2967
24|80|21097955|3750|2857
19|80|21421764|4073|2861
27|80|21038115|3787|2875
11|80|21336631|3898|2921
18|80|21394634|3006|2150
8|80|20039767|4202|3276
22|80|21306496|4368|3281
28|80|20937712|3639|2678
1|80|21304762|3906|2940
20|80|21195318|3839|2933
6|80|21207057|4053|3062
7|80|21172347|4416|3327
16|80|21200403|3605|2641
31|80|21040700|4116|3302
23|80|21079242|3180|2236
0|81|18008119|3194|2181
13|81|18009237|3343|2472
12|81|17930307|3543|2573
27|81|17762361|3262|2336
9|81|17866340|3279|2332
20|81|17669538|3360|2356
10|81|17925890|3328|2305
3|81|17834653|3409|2446
18|81|17810593|2806|1873
14|81|17983411|3243|2246
5|81|17766741|3809|2838
25|81|17983399|2830|1860
2|81|17869327|4028|3131
8|81|17691526|3674|2570
30|81|18171166|2774|1844
19|81|17768196|3572|2376
24|81|17784865|3231|2215
16|81|17579293|3453|2498
6|81|17562531|3460|2625
26|81|17819514|3594|2528
11|81|17753233|3311|2512
29|81|18033656|3436|2513
21|81|18046923|3185|2197
15|81|17912536|3657|2749
28|81|17684037|3315|2320
22|81|17704432|3195|2249
23|81|17577333|3614|2723
31|81|17595603|3168|2150
7|81|17557085|3561|2563
4|81|18025680|3923|3008
17|81|17908065|3199|2141
1|81|17588514|3520|2658
0|82|20838566|4589|3273
11|82|20545136|3800|2643
14|82|20720668|4120|2896
22|82|20490812|3947|2704
30|82|20693657|3517|2298
8|82|20633858|4137|2936
31|82|20521338|3811|2640
3|82|20732173|3894|2753
10|82|20755777|4532|3267
12|82|20834633|4623|3271
9|82|20795598|4376|3183
15|82|20500076|4106|2877
16|82|20596202|4208|3022
1|82|20346337|4302|3110
13|82|20854704|3788|2563
17|82|20395294|3957|2691
6|82|20579079|3965|2687
19|82|20639122|4010|2672
5|82|20675232|4134|2777
23|82|20477467|4001|2823
20|82|20814751|3726|2440
4|82|20378786|4216|3138
25|82|20715651|3719|2553
29|82|20562952|4034|2837
21|82|20549159|3590|2378
26|82|20597074|4059|2805
27|82|20849096|4226|3049
28|82|20530495|4291|3042
24|82|20665586|4235|3003
2|82|20645332|4221|3037
7|82|20405688|4021|2687
18|82|21029885|3472|2179
4|83|20985976|4436|3104
16|83|21150182|4777|3440
11|83|21356683|4548|3172
29|83|21009423|4153|2794
2|83|20863270|4481|3098
5|83|21042079|4173|2764
6|83|21076454|4617|3126
13|83|21110325|4317|2915
7|83|20857098|4920|3589
1|83|21135021|4316|2959
10|83|21220019|4567|3152
3|83|21216189|4505|3028
12|83|21212543|4332|2976
14|83|21351967|4427|3137
8|83|21288210|4414|2973
0|83|21344463|4517|3077
20|83|21042996|4185|2860
24|83|20913490|4272|2924
26|83|20965776|3777|2422
15|83|21196028|4429|3130
19|83|21098558|4618|3201
27|83|20958970|4374|3024
17|83|21136790|4928|3566
28|83|20953572|4700|3450
31|83|21303275|4190|2839
22|83|21357532|4381|3162
21|83|21006946|3949|2660
23|83|21089358|4679|3351
9|83|21173050|4585|3219
25|83|21051241|3829|2478
30|83|21357460|3650|2383
18|83|20914331|3807|2587
3|84|21369482|4537|3119
21|84|21148109|4032|2650
7|84|21430238|4185|2826
1|84|21412299|4303|2906
8|84|21321849|4066|2695
12|84|21355424|4180|2839
6|84|21467169|4332|2864
9|84|21104143|4436|3283
16|84|21584612|4694|3416
10|84|21402456|4307|3148
13|84|21463892|4440|3054
2|84|21513046|4711|3325
17|84|21209265|4448|3068
4|84|21587565|4396|3186
20|84|21303812|4366|2965
14|84|21351380|3826|2688
22|84|21167936|3597|2360
15|84|21260180|4340|3098
0|84|21323305|4223|2909
19|84|21248836|4557|3269
11|84|21557433|4717|3385
23|84|21142814|4402|3112
27|84|21238017|4022|2704
28|84|21210578|4478|3076
25|84|21112988|3981|2711
24|84|21307049|4250|3040
5|84|21491656|4591|3159
31|84|21207307|3999|2783
26|84|21304622|3540|2280
29|84|21596783|4454|3127
30|84|21136697|3652|2363
18|84|21448508|3373|2154
4|85|18035732|3742|2675
13|85|18093751|3858|2807
9|85|18143764|3671|2778
29|85|17809413|3305|2496
0|85|18032925|3500|2531
16|85|18124585|3671|2709
7|85|18241930|4009|3069
10|85|18109704|3825|2981
6|85|18174679|3943|2840
2|85|18079537|3796|2886
18|85|17914279|3110|2137
15|85|17980851|3599|2622
19|85|17952708|3344|2419
12|85|18197475|3837|2929
1|85|18206161|3851|2829
20|85|18043629|3541|2631
11|85|17942629|3881|3015
14|85|18014979|3451|2534
23|85|17929133|3445|2327
8|85|18197282|3973|3098
27|85|17922189|3630|2721
22|85|18022392|3593|2662
28|85|17909095|3570|2537
26|85|17824496|3537|2516
21|85|18292142|3716|2759
25|85|17892830|3685|2646
24|85|17881116|3287|2338
31|85|17847444|3528|2495
3|85|18267781|3744|2828
5|85|17821317|3728|2695
17|85|18069715|3975|3083
30|85|18017641|2938|1961
1|86|17728721|3361|2393
10|86|17861601|3959|3062
20|86|17748282|3540|2549
31|86|17568244|3976|3119
18|86|17871691|3141|2176
4|86|17980586|4080|3140
0|86|17904780|3873|3150
11|86|17704131|4136|3351
15|86|17803704|3637|2642
5|86|17469030|3965|3001
9|86|17963872|4029|3097
2|86|17836089|3710|2859
13|86|17987691|3724|2789
16|86|17906818|3899|2871
17|86|17490787|3790|2833
21|86|17600676|3370|2341
23|86|17699337|3232|2284
25|86|17583419|3540|2558
19|86|17807840|3978|3141
3|86|17488948|3734|2878
14|86|17723922|3578|2684
22|86|17658029|3664|2691
27|86|17686965|3584|2648
24|86|17588859|3482|2739
8|86|17646032|3333|2385
26|86|17644568|3507|2525
28|86|17662638|3904|2989
6|86|17832199|3747|2900
29|86|18054925|3450|2538
7|86|18041373|3164|2279
12|86|17963518|3136|2164
30|86|17771975|3050|2116
2|87|32532896|4855|3825
4|87|32659036|4832|3822
24|87|32382533|4413|3493
26|87|32363618|4460|3474
14|87|32462495|4444|3487
16|87|32603206|3801|2789
7|87|32261577|4761|3748
10|87|32719232|4569|3680
9|87|32567461|4681|3499
13|87|32535891|4216|3240
1|87|32727734|4885|3952
21|87|32669577|3702|2623
11|87|32631620|4444|3367
5|87|32573152|4676|3418
20|87|32720152|4734|3713
23|87|32492909|5020|4010
15|87|32625078|4573|3611
8|87|32327070|4957|3944
27|87|32402314|4416|3416
28|87|32344725|4571|3572
22|87|32419688|4233|3117
25|87|32496547|4158|3033
31|87|32730735|4620|3520
29|87|32326337|4613|3628
6|87|32288453|4827|3792
30|87|32286079|3682|2613
3|87|32410701|4509|3445
19|87|32504325|3408|2481
18|87|32757368|2962|2187
0|87|32621418|4550|3637
12|87|32256485|4296|3353
17|87|32706239|3718|2631
11|88|36393756|5279|4137
9|88|36492737|5888|4652
6|88|36197266|5366|4321
4|88|36586429|4876|3695
3|88|36163590|4896|3775
8|88|36313858|4994|3805
0|88|36100931|5788|4610
18|88|36277541|3580|2484
22|88|36277294|5231|4137
14|88|36542669|4989|3886
15|88|36354272|5670|4624
20|88|36386459|5018|3836
27|88|36321971|5632|4384
17|88|36045684|4409|3244
10|88|36512885|5712|4523
1|88|36428738|5386|4195
24|88|36598515|5676|4500
13|88|36485137|5811|4585
29|88|36243497|5429|4278
7|88|36539263|5775|4538
25|88|36276662|5414|4253
19|88|36185490|3964|2765
23|88|36398622|5724|4516
16|88|36563490|4890|3831
31|88|36285634|5297|4151
21|88|36476761|4846|3607
30|88|36247623|4771|3538
5|88|36473686|5706|4510
28|88|36376611|6400|5374
2|88|36612072|5633|4570
12|88|36352187|5599|4474
26|88|39615333|5683|4543
3|89|21847244|4113|3141
10|89|21707252|4263|3247
4|89|21894734|4334|3300
22|89|21833644|4546|3468
23|89|21604388|4883|3739
1|89|21702737|4567|3499
30|89|21564617|3526|2443
24|89|21774451|4972|4037
20|89|21774664|4617|3649
7|89|21627922|3970|3110
12|89|21441251|4929|3783
11|89|21980637|4396|3183
5|89|21453182|4793|3695
21|89|21524736|3478|2377
14|89|21819227|3859|2727
15|89|21804586|4753|3797
9|89|21941412|4575|3627
17|89|21761796|3880|2779
28|89|21487024|4371|3235
13|89|21684136|4489|3451
29|89|21669608|4295|3309
31|89|21569233|3936|2905
18|89|22147293|3370|2314
16|89|21593161|3921|2848
25|89|21649685|4201|3019
27|89|21801533|4484|3427
19|89|21630411|3492|2446
2|89|21445220|4974|3944
6|89|21921675|4197|3040
8|89|21865806|4534|3442
0|89|22082774|5176|4127
26|89|18967175|4127|3076
0|90|21034536|3992|2910
1|90|21419192|4400|3475
13|90|21247969|4060|3125
28|90|21287516|4419|3384
26|90|21104355|4100|3040
5|90|21334640|4355|3216
6|90|21094492|4581|3603
2|90|21111152|4198|3048
15|90|21309794|4108|3018
8|90|21087836|4549|3450
16|90|21184473|4168|3046
22|90|21492087|4335|3276
24|90|21436121|4399|3409
14|90|21332848|4126|3128
3|90|21514161|4278|3241
17|90|21289638|3527|2505
7|90|21411240|4423|3477
9|90|21304319|4258|3191
25|90|21189197|3534|2466
29|90|21255525|4350|3140
4|90|21481897|4198|3029
12|90|21413358|4172|3225
21|90|21376901|3987|3074
23|90|21520203|4043|2987
20|90|21459228|4177|3212
19|90|21175318|4220|3165
27|90|21189361|4582|3606
10|90|21564628|4515|3486
30|90|21490584|3643|2562
31|90|21272493|4291|3270
11|90|21355254|4594|3458
18|90|21429434|3099|2211
1|91|35413019|5633|4571
8|91|35299532|5405|4298
3|91|35202202|4983|3906
15|91|35353273|5348|4220
7|91|35182533|5415|4198
14|91|35233299|5050|3873
20|91|35045867|4941|3839
23|91|35068836|4923|3897
13|91|35418340|5423|4256
16|91|35288732|4747|3586
19|91|35045144|5501|4366
17|91|35195714|4621|3419
25|91|35162833|5014|3866
21|91|35100595|4116|3043
28|91|35414203|5022|4016
12|91|35096582|5198|4117
22|91|35285080|5454|4287
24|91|35274700|5379|4235
26|91|35416138|6086|5155
18|91|34969367|3983|2861
30|91|35019638|4418|3271
29|91|35164264|4697|3686
27|91|35056352|5224|4184
9|91|35532449|5413|4125
0|91|35496942|5621|4513
5|91|35425052|5638|4493
11|91|35369470|5602|4486
2|91|35385197|5526|4514
6|91|35835636|5545|4470
10|91|35008630|5196|4016
31|91|35023874|5034|3891
4|91|35299771|5563|4546
3|92|19563715|3578|2512
11|92|19196813|4351|3073
23|92|19511459|3561|2436
30|92|19339501|3440|2430
8|92|19604359|4002|2888
6|92|19125766|4054|3055
7|92|19542228|3942|2787
9|92|19236778|3718|2483
10|92|19121166|3891|2782
4|92|19073835|3493|2377
0|92|19219265|3830|2723
5|92|19205146|4429|3058
1|92|19613238|4285|3132
17|92|19442045|3560|2404
22|92|19357913|3626|2546
20|92|19523828|3878|2806
21|92|19414931|3524|2329
25|92|19433121|3741|2578
27|92|19269252|3392|2247
14|92|19542504|3674|2534
15|92|19581292|3490|2306
16|92|19472975|3612|2520
19|92|19467165|3277|2216
24|92|19344562|3455|2521
31|92|19135371|3532|2521
2|92|19168241|4383|3260
29|92|19299524|3441|2450
26|92|19336634|4378|3296
13|92|19516338|3788|2468
18|92|19340428|2992|1928
28|92|19424670|3821|2733
12|92|19361911|3730|2705
3|93|20137465|3891|2856
0|93|19965560|3965|2745
14|93|19851044|3614|2486
2|93|19727757|4006|2903
26|93|19754157|3824|2812
7|93|20104524|4262|2964
11|93|20136166|3714|2599
8|93|20081993|3808|2719
6|93|20057596|4361|3189
15|93|19825717|3992|2867
12|93|19647917|4179|3186
20|93|19914827|3565|2406
19|93|19797256|3925|2780
17|93|19952061|4222|3069
22|93|19939813|4425|3285
23|93|20131543|3858|2700
1|93|19976101|3816|2713
4|93|19978771|4107|3182
13|93|19723903|3627|2405
24|93|19806886|3723|2642
27|93|19895606|4075|3064
28|93|19706288|3834|2760
10|93|20004971|4305|3229
31|93|19813509|4160|2897
16|93|19799865|3898|2907
5|93|20059477|4302|2960
29|93|19850782|4219|3239
9|93|20168480|4122|3005
25|93|20111544|4172|3077
18|93|20098633|3455|2319
21|93|20240257|3106|2044
30|93|20887872|3266|2141
3|94|20015831|4457|3368
7|94|19944637|4667|3465
20|94|19878594|4548|3447
22|94|19858354|4536|3519
6|94|19896378|4334|3241
30|94|19300500|3345|2306
18|94|19668798|3411|2277
8|94|19919550|4814|3709
9|94|19607866|4357|3228
11|94|19938199|4310|3215
10|94|19695611|4673|3514
4|94|19759636|3699|2696
16|94|19675218|4213|3109
19|94|19859589|4564|3550
13|94|19776139|4263|3094
12|94|19891861|4178|3127
15|94|19910180|4223|3204
21|94|19588622|4185|3188
14|94|20022140|4019|2931
5|94|19633371|4295|3095
24|94|19770803|4310|3291
23|94|19835793|4714|3633
25|94|19633967|3728|2803
28|94|19749803|4277|3254
26|94|19998262|4244|3167
27|94|19769264|3957|2921
31|94|19721331|4056|3012
29|94|19679471|4116|2939
1|94|19772415|4363|3295
2|94|19968019|4378|3250
0|94|19991556|4584|3472
17|94|19981976|3636|2480
8|95|20819904|4036|2848
17|95|20465946|4075|2857
19|95|20777839|3745|2617
29|95|20564809|3665|2457
20|95|20973884|4007|2798
1|95|20494256|4223|2983
9|95|20813729|4161|2957
5|95|20642571|3860|2615
4|95|20763935|4101|2845
13|95|20722555|4025|2809
12|95|20716356|4104|2847
3|95|20968802|4040|2815
16|95|20773992|4132|2918
6|95|20909233|4226|3095
7|95|20921500|4413|3311
23|95|20633168|3739|2615
10|95|20802921|4053|2920
15|95|20717273|4135|3059
14|95|20686198|3897|2858
22|95|20935127|3860|2639
21|95|20692617|3381|2215
25|95|20629215|4175|3036
18|95|20897099|3193|2083
28|95|20621005|3746|2473
26|95|20608949|4518|3351
2|95|20472132|3988|2829
31|95|20582282|3895|2648
27|95|20601420|4015|2889
30|95|20926182|3446|2314
11|95|20790826|4116|3041
0|95|20460300|4340|3128
24|95|20692627|3795|2658
1|96|23507093|4923|3142
13|96|23464293|4770|3291
16|96|23432215|4105|2601
15|96|23361183|4803|3330
23|96|23409016|4613|3203
27|96|23245216|4499|3007
25|96|23354304|4394|2945
6|96|23384869|4634|3201
5|96|23492925|4932|3403
8|96|23600043|4655|3077
12|96|23451249|4687|3121
0|96|23111085|4851|3241
10|96|23353464|4606|3154
14|96|23329520|4387|3040
11|96|23157190|4293|2984
18|96|23269790|4472|3031
17|96|23596863|4340|2871
19|96|23589205|4289|2820
2|96|23188662|5048|3594
20|96|23576252|4350|2925
21|96|23318244|4252|2777
22|96|23334352|4099|2704
7|96|23367069|4858|3364
26|96|23264887|4698|3314
28|96|23279147|4233|2732
29|96|23609730|4371|2890
4|96|23463894|4697|3079
30|96|23216110|3894|2523
31|96|23246779|5360|3930
3|96|23420482|4606|3178
9|96|23507085|4650|3128
24|96|23450637|3798|2386
4|97|45866703|5971|4756
21|97|45984391|4922|3830
29|97|45909338|4861|3780
24|97|45849473|4546|3495
30|97|45945036|4779|3817
1|97|46261344|5150|4079
5|97|46148348|5715|4520
18|97|46163154|5833|4648
7|97|45939334|5878|4760
6|97|46162430|5949|4916
3|97|45815305|5489|4443
10|97|46282335|5597|4436
19|97|46029207|5763|4613
26|97|45952130|5611|4584
11|97|46051682|5819|4733
22|97|45987015|5498|4423
16|97|46283153|4719|3729
17|97|46083833|5781|4632
8|97|46122681|5708|4474
31|97|45909076|5475|4423
15|97|46301853|3243|2389
12|97|46205017|5098|3969
13|97|46347931|4228|3143
27|97|46284851|5694|4648
2|97|46002657|5623|4472
23|97|46207196|5814|4811
14|97|46221352|3458|2532
9|97|45835004|5982|5036
28|97|47666534|5758|4518
20|97|48823763|5595|4513
25|97|49056160|5773|4560
0|97|49301161|5828|4591
0|98|27370805|5002|3979
8|98|30270030|5455|4302
29|98|30562233|4807|3562
10|98|30420871|5604|4485
30|98|30554550|4539|3353
9|98|30121189|5622|4423
2|98|30169359|5522|4279
1|98|30491329|5289|4173
14|98|30142172|3592|2510
21|98|30572884|5257|4209
4|98|30563977|5617|4431
17|98|30299561|5496|4361
19|98|30386425|5878|4652
25|98|27719827|5079|4037
31|98|30270286|5300|4144
6|98|30441775|5591|4643
23|98|30178266|5874|4675
22|98|30345684|5585|4341
12|98|30250169|5163|4074
27|98|30213915|5907|4796
13|98|30190330|4580|3438
7|98|30423080|5802|4620
24|98|30556278|4379|3223
16|98|30354123|5130|3995
11|98|30717988|5714|4517
15|98|30305634|4014|3063
3|98|30400707|5744|4601
26|98|31965794|5793|4578
28|98|30753056|5621|4532
5|98|32906632|5823|4602
18|98|33033314|5647|4545
20|98|30779070|5578|4524
2|99|21536434|4633|3448
4|99|21500890|4480|3194
15|99|21279520|3655|2533
27|99|21394672|4488|3289
24|99|21347688|3503|2284
16|99|21341540|3690|2484
7|99|21318892|5056|3907
3|99|21241691|4570|3322
0|99|21637987|4310|3047
10|99|21604166|4629|3258
8|99|21633198|4103|3033
11|99|21280862|4849|3665
13|99|21347965|3912|2623
21|99|21518969|4215|2968
30|99|21794184|3395|2300
22|99|21401196|4205|2974
19|99|21477170|4604|3502
17|99|21496620|4273|2965
18|99|19100043|3799|2656
20|99|18644420|3628|2567
23|99|21432606|4374|3202
9|99|21557587|4024|2876
28|99|19765589|4077|2914
26|99|20079621|4085|2909
29|99|21668386|4103|2975
12|99|21360125|4756|3592
25|99|21495481|4270|3099
6|99|21408355|4768|3708
31|99|21489419|4119|2831
14|99|21589063|3641|2393
1|99|21526284|4318|3081
5|99|19195689|3800|2600
5|100|21576835|3978|2836
8|100|21932006|4640|3661
13|100|21911922|3712|2809
12|100|21736734|4034|3054
21|100|21929154|3960|3008
1|100|21615709|4546|3462
15|100|22058101|3401|2467
6|100|21686619|4258|3183
4|100|22054902|4428|3226
0|100|21981731|4427|3383
9|100|21777716|4326|3154
10|100|21971995|3934|2926
20|100|21814052|4248|3341
3|100|22004158|3987|3060
11|100|21912511|3961|2855
22|100|21861117|4403|3246
17|100|21849173|4083|2900
16|100|22047230|3931|2823
23|100|21809248|3939|2803
19|100|21869622|4164|3116
18|100|21843143|3797|2777
31|100|21698553|3999|2766
27|100|22075621|4102|2924
26|100|21775963|4228|3246
25|100|21732862|4199|3165
7|100|21997848|4392|3350
14|100|21693936|3962|3021
2|100|22081358|4645|3424
29|100|21770586|4013|2907
28|100|21801393|4002|2923
30|100|21917099|3332|2303
24|100|22097908|3507|2450
9|101|21743547|4316|3363
12|101|21894843|4029|3152
21|101|21902438|3909|2952
7|101|21516926|4763|3807
4|101|21794604|3744|2698
6|101|21813314|4001|3014
0|101|21787467|3860|2860
10|101|21744881|4300|3224
3|101|21715576|4521|3568
16|101|21650945|3640|2569
14|101|21513383|3214|2256
13|101|21899505|3276|2342
8|101|21922593|5067|4080
24|101|21448045|3477|2539
15|101|21846853|3347|2342
2|101|21474655|3968|3032
19|101|21633992|3878|2828
11|101|21711144|4383|3408
20|101|21746191|4284|3328
22|101|21698973|4251|3325
5|101|21945970|4343|3184
17|101|21693881|3606|2533
1|101|21845799|4337|3173
26|101|21597275|3903|2997
25|101|21583088|3982|3103
30|101|21486129|3463|2531
29|101|21524065|4082|3083
27|101|21622487|4565|3541
31|101|21640508|3938|3070
23|101|21692331|4322|3230
28|101|21521954|4115|3088
18|101|21711794|2960|2094
0|102|18134635|3432|2483
8|102|18056760|2975|2186
16|102|18125176|3253|2369
21|102|18263133|3218|2303
15|102|18063221|3156|2484
28|102|17814982|3614|2804
7|102|18213493|3517|2650
10|102|18143797|3447|2597
1|102|17876999|3560|2447
2|102|18015078|3423|2568
13|102|18083038|3428|2612
11|102|17988927|3278|2479
14|102|18103874|2877|2001
9|102|18289563|3922|3185
12|102|18269195|3397|2540
17|102|17937182|3153|2257
3|102|18105993|3275|2355
20|102|17994670|3273|2373
5|102|17917367|3283|2288
22|102|17981742|3529|2624
23|102|17817874|3132|2338
24|102|18081978|3140|2253
19|102|18037387|3220|2440
25|102|17905596|3296|2405
4|102|18181440|2985|2134
26|102|17926187|3739|2898
27|102|17858455|2976|2105
29|102|17880378|3308|2437
30|102|17902135|3068|2250
31|102|17853894|3400|2458
6|102|18166381|3502|2651
18|102|18038270|2791|1830
4|103|19541227|3171|2186
5|103|19663985|4325|3130
14|103|19783691|3783|2687
22|103|19683794|3829|2687
12|103|19714005|4078|3038
11|103|19762179|4238|3084
8|103|19913994|4014|2924
10|103|19845670|3399|2368
2|103|19804625|4329|3165
6|103|19435928|4045|2899
9|103|19746584|3884|2709
13|103|19796182|3271|2228
7|103|19871961|4575|3459
3|103|19674021|4099|2968
18|103|19649585|3128|2026
21|103|19921336|3972|2844
16|103|19933655|3686|2603
19|103|19621876|3703|2625
17|103|19737667|3840|2815
0|103|19928400|3924|2800
1|103|19826527|4085|3151
25|103|19626653|3897|2693
26|103|19591521|3999|2898
23|103|19674538|4039|2962
24|103|19662427|3809|2697
29|103|19561666|3920|2751
20|103|19734594|3809|2751
30|103|19565269|3960|2797
31|103|19548295|3779|2786
28|103|19952196|4040|2919
27|103|19605644|4034|2956
15|103|19904998|3675|2716
1|104|21232195|4592|3451
11|104|21489082|4389|3097
14|104|21557657|4430|3225
0|104|21253006|4371|3037
24|104|21231250|4902|3839
9|104|21395275|4461|3218
2|104|21425655|4581|3466
7|104|21358501|4615|3498
10|104|21450846|4742|3335
8|104|21473335|4390|3215
6|104|21409091|4528|3086
12|104|21505179|4630|3451
13|104|21390207|4038|3007
3|104|21334369|4437|3297
15|104|21088036|4735|3680
19|104|21316582|4621|3387
5|104|21545171|4427|3280
20|104|21184777|4485|3308
22|104|21551581|4750|3492
26|104|21259828|4473|3221
25|104|21275368|4599|3170
27|104|21131612|4532|3406
4|104|21568069|3817|2607
21|104|21373550|3740|2424
23|104|21262418|4295|3154
28|104|21175930|4369|3152
31|104|21189688|4473|3284
29|104|21236942|4378|3250
30|104|21206988|4503|3187
17|104|21372800|4045|2883
16|104|21442478|4501|3279
18|104|21583312|3470|2312
3|105|22120730|4013|3002
7|105|22245693|4252|3123
15|105|22148497|4050|3004
6|105|22171553|4528|3362
14|105|22383312|4166|3151
17|105|21942631|3997|2848
5|105|22095441|4601|3505
21|105|21981877|3730|2672
16|105|21870540|3642|2497
2|105|22270957|4560|3511
4|105|22138664|3619|2451
22|105|22079675|3813|2654
20|105|22098859|4494|3450
24|105|22321261|4579|3339
12|105|22203487|4053|3095
19|105|22130323|4713|3694
28|105|21971456|4613|3532
27|105|22041570|4552|3502
18|105|22118585|3516|2474
1|105|22342765|4533|3385
31|105|21972464|4382|3198
13|105|22204827|3942|2893
30|105|21941886|4616|3393
8|105|22196981|3899|2890
25|105|22079088|4197|3009
11|105|22403422|4369|3172
26|105|22102933|4553|3398
23|105|22021369|4185|3110
29|105|21975335|4424|3400
10|105|22225477|4557|3501
0|105|22298188|4379|3347
9|105|22301006|4580|3658
6|106|26918070|4618|3689
15|106|26956243|4194|3256
24|106|26794363|3901|2834
3|106|27016708|4561|3592
21|106|26936099|3897|2849
29|106|26615834|3770|2697
26|106|26678872|4477|3414
19|106|26740902|3649|2626
7|106|26935878|4563|3609
14|106|27080021|3985|2984
17|106|26912903|3825|2735
23|106|26576376|4759|3744
5|106|26861101|4119|3056
0|106|26532544|4421|3551
27|106|26739170|4314|3313
22|106|26836822|4115|3173
25|106|26646093|4343|3353
4|106|26810843|3498|2333
13|106|26705439|3866|2949
28|106|26784458|4195|3132
30|106|26691613|3706|2676
20|106|26854361|3963|2905
16|106|26836480|3875|2919
31|106|26743033|4453|3392
12|106|26843648|3567|2579
11|106|26675752|3549|2422
1|106|26675439|4073|3166
2|106|26833889|3785|2790
9|106|26607386|4200|3051
18|106|26709128|3162|2234
10|106|26708793|4162|3094
8|106|26962542|4884|3851
1|107|34958231|5422|4503
0|107|35233422|5442|4321
29|107|35400413|5156|3961
10|107|34950727|4177|3146
24|107|35424094|5821|4749
6|107|35467925|5829|4869
8|107|34889790|3842|2822
30|107|35103429|5579|4557
28|107|35119163|5620|4514
12|107|35034727|4543|3525
13|107|35144990|5693|4565
7|107|35322781|5899|4810
31|107|35054506|5684|4570
25|107|35181323|5463|4533
14|107|35311396|5041|4046
15|107|35468984|4986|3889
11|107|35029755|4048|2958
2|107|34972454|5578|4517
18|107|34940398|5652|4593
4|107|35171922|6307|5005
17|107|35270570|6021|4703
27|107|35228420|5955|4959
19|107|35357903|6418|5351
26|107|35380948|5818|4733
9|107|34969685|5635|4456
20|107|35074939|5531|4494
3|107|35392302|5696|4723
22|107|35249353|5719|4826
21|107|37907428|5559|4425
5|107|38185456|5766|4601
23|107|39061212|5905|4708
16|107|38979501|5790|4681
1|108|23887528|4999|4047
21|108|21400096|4492|3397
24|108|23847148|4679|3652
5|108|20958665|4637|3564
4|108|23577644|5440|4483
11|108|23628794|4140|3288
9|108|23503190|4898|3842
0|108|23867346|4591|3579
6|108|23810720|5538|4654
16|108|19997977|3852|2790
13|108|23729398|4632|3605
3|108|23461939|4934|3899
19|108|23552191|4756|3778
10|108|23863843|3555|2523
8|108|23811738|3744|2745
23|108|20133573|4421|3558
22|108|23486436|4616|3522
14|108|23693795|3952|2942
26|108|23550901|4559|3463
25|108|23709433|4578|3646
27|108|23575400|4841|3892
29|108|23902530|4551|3510
17|108|23602755|5306|4192
18|108|23633486|4537|3533
7|108|23697770|5214|4227
12|108|23785066|4241|3234
15|108|23703821|3835|2723
30|108|23837028|5423|4369
28|108|23976889|5408|4464
20|108|23802633|5218|4110
31|108|24054563|4548|3517
2|108|24474445|5394|4433
3|109|20193732|4228|3087
10|109|20181987|3934|2866
23|109|20164056|4015|2723
30|109|19977669|3959|2861
31|109|19929113|3798|2720
2|109|19541246|4531|3391
17|109|20014473|3811|2553
8|109|20158141|3879|2759
6|109|20259995|4380|3217
11|109|20308303|3770|2690
9|109|20307483|4228|3115
18|109|20006056|3473|2360
13|109|20233728|4178|3041
0|109|20268965|3827|2752
22|109|20137665|4003|2871
16|109|20257035|3796|2722
4|109|20321941|4501|3266
12|109|19997296|3801|2638
7|109|20015452|4038|2894
21|109|20428803|4094|2923
28|109|19957184|4475|3332
24|109|20414710|3951|2785
20|109|19935723|3484|2397
26|109|20137652|3941|2858
27|109|20104568|3904|2858
14|109|20159227|3506|2384
5|109|20341222|3880|2598
1|109|20400840|4009|2778
19|109|20272278|3538|2430
25|109|20153142|3930|2826
29|109|20130264|4013|2758
15|109|20068017|3574|2357
4|110|19746549|4031|2928
10|110|20013759|3521|2438
2|110|19975346|4023|2948
13|110|19877184|3530|2304
22|110|19858778|3826|2684
24|110|19754740|3885|2717
28|110|19779927|3823|2722
6|110|19874447|4198|2927
9|110|19870636|4240|3043
12|110|19765486|3492|2417
5|110|19627777|3817|2424
0|110|19835525|3845|2670
19|110|19600698|3824|2761
17|110|19961591|3694|2519
29|110|19763268|3402|2188
16|110|19809830|3395|2297
18|110|19874353|3564|2363
3|110|20008894|3943|2805
26|110|19704800|3641|2439
8|110|19899411|3664|2616
11|110|19869703|3665|2560
21|110|19787709|3296|2178
30|110|20048539|4054|2911
31|110|20040681|4334|3112
20|110|19748073|4075|2980
23|110|20067198|3848|2720
1|110|19598231|3858|2703
25|110|19647460|3453|2289
27|110|19725027|3769|2716
14|110|19633677|3238|2142
7|110|19761509|3840|2607
15|110|19768319|3702|2418
3|111|21927366|4407|3234
10|111|22201250|4065|3109
17|111|22028836|3997|2882
5|111|22054367|4240|3148
11|111|21893010|3377|2409
21|111|21880189|3442|2474
12|111|22074941|3677|2648
13|111|22159753|4156|3092
14|111|21757469|3450|2268
15|111|21882409|4030|2787
2|111|22176322|4281|3219
20|111|21841729|4134|3036
7|111|21747306|4151|3144
4|111|22193795|4473|3381
19|111|22036110|4181|3036
8|111|21924419|4048|3003
30|111|21878841|3923|2836
24|111|22151759|3360|2480
9|111|22112812|3529|2436
18|111|21978522|4059|3101
25|111|21804614|4111|3000
29|111|22014638|4044|3021
6|111|22135067|4200|3297
16|111|22000405|4103|3152
0|111|22071522|4137|3064
28|111|22159018|4354|3307
26|111|21949093|4082|3209
1|111|21784839|4209|3199
22|111|22183667|4203|3194
31|111|21889889|4411|3470
27|111|21814118|4168|3041
23|111|21825724|4245|3077
1|112|17689215|3516|2483
16|112|17767677|3494|2461
26|112|17742591|3633|2636
22|112|17714930|3648|2572
4|112|17918286|3270|2376
3|112|18133528|3408|2514
13|112|18002853|3186|2184
6|112|17781242|3380|2471
19|112|17906723|3513|2652
9|112|17848270|2828|1839
5|112|18071945|3383|2326
18|112|17833139|3066|2218
2|112|17976965|3443|2501
0|112|17739533|3309|2360
21|112|18050436|3203|2203
12|112|18036161|3565|2661
8|112|17904108|3520|2699
27|112|17671765|3365|2345
17|112|18116487|3171|2107
15|112|17999826|3345|2428
23|112|17668813|3567|2512
30|112|17900175|3565|2686
11|112|18046104|3457|2438
28|112|17767189|3143|2110
31|112|17704804|3513|2617
25|112|17839860|3572|2626
20|112|17994506|3331|2375
7|112|17933103|3340|2430
29|112|17855791|3213|2192
24|112|17916069|2808|1834
10|112|19010047|3101|2276
14|112|18913366|3142|2102
1|113|22249150|4719|3314
19|113|22126158|5092|3698
27|113|22011184|4069|2775
15|113|21990132|3763|2487
3|113|22159153|4688|3442
10|113|21363247|4353|2973
0|113|22016666|4450|3086
14|113|21336741|4287|2931
12|113|21999578|4447|3153
6|113|22123926|4387|3085
17|113|21955337|4419|3030
2|113|22033027|4246|2826
16|113|22252908|4680|3350
13|113|22163581|4412|3025
20|113|21836983|4581|3217
21|113|22027655|4472|3176
9|113|22116700|4102|2785
5|113|22066740|4609|3280
23|113|21939150|4099|2838
26|113|22249014|4817|3403
25|113|21866341|4093|2733
22|113|22228420|4688|3253
11|113|21916987|4286|2890
29|113|21822065|4663|3290
18|113|22095252|4134|2769
28|113|21905319|4010|2863
30|113|21937267|4057|2738
31|113|21892890|4227|2922
4|113|22171762|4130|2825
7|113|21797870|4430|2965
8|113|22127738|3399|2120
24|113|22025346|3589|2338
8|114|19498915|3766|2403
4|114|19562388|3987|2777
19|114|20032436|3793|2634
20|114|19833003|3718|2463
0|114|19904718|4030|2782
29|114|19704218|3595|2396
27|114|20071185|4590|3272
26|114|19790973|4444|3149
14|114|19915110|3951|2768
21|114|19791633|3831|2748
17|114|19874047|4193|2801
10|114|19949768|3767|2641
3|114|19931504|3507|2276
18|114|19651147|3469|2274
15|114|20007595|4159|2997
6|114|19899330|4530|3364
9|114|19774682|3433|2270
13|114|19842389|4101|2774
11|114|19695688|3751|2614
25|114|19732501|3744|2467
12|114|19926812|3653|2472
22|114|19723284|3698|2488
28|114|19666571|3797|2533
1|114|20020327|4149|2901
23|114|19784736|3733|2558
24|114|19561634|3309|2257
7|114|19545378|4224|2892
30|114|19669074|4150|2911
5|114|19755317|3805|2528
31|114|19655899|4133|2992
2|114|19853960|4180|2896
16|114|19947686|3393|2220
3|115|19125954|3491|2604
12|115|19020862|3641|2594
14|115|19233743|3765|2844
13|115|19095328|3884|2794
30|115|18921573|3399|2441
10|115|19165449|3503|2589
1|115|18952101|4292|3258
4|115|19313324|3686|2705
0|115|19260524|3382|2502
21|115|19207589|3606|2635
9|115|19096207|3179|2135
2|115|18816551|3631|2680
17|115|19193782|4020|2868
20|115|19294388|4148|3140
28|115|18980865|3681|2503
7|115|18913738|4323|3116
15|115|19134213|3697|2418
29|115|19277687|3409|2382
8|115|19348830|3415|2475
16|115|18812939|3550|2599
18|115|19155543|3244|2297
31|115|18873618|3708|2562
5|115|18859900|4004|2785
26|115|19260481|3729|2735
25|115|19067196|3677|2601
23|115|18964236|4246|3222
11|115|19048515|3549|2470
19|115|19333919|3339|2463
6|115|19098794|3627|2533
27|115|19293653|4322|3278
24|115|18961644|3362|2444
22|115|19060485|3428|2374
1|116|19398050|3883|2842
10|116|19432201|4099|2888
16|116|19234505|4047|3012
23|116|19156231|4014|3022
21|116|19438116|3874|2831
8|116|19241010|3621|2698
12|116|19500673|4064|2901
26|116|19270099|4144|3178
11|116|19110543|3816|2828
2|116|19328804|4255|3194
3|116|19526545|3957|2903
13|116|19487349|3856|2846
17|116|19343531|3619|2571
14|116|19506411|4058|2923
5|116|19168712|3623|2433
4|116|19423778|4212|3091
29|116|19280725|3772|2772
9|116|19636346|3341|2269
19|116|19113861|3374|2303
22|116|19052304|3433|2320
20|116|19354734|3873|2787
6|116|19070250|4092|2808
25|116|19184031|3655|2643
31|116|19238015|4151|3083
18|116|19257645|3538|2585
27|116|19105173|3558|2515
24|116|19089260|3499|2411
30|116|19510780|3895|2967
7|116|19284999|3848|2892
0|116|19392248|3563|2511
15|116|19546484|3357|2122
28|116|19326815|4078|3027
1|117|26477060|3822|2753
16|117|26462479|4069|3166
5|117|26287465|4157|3198
9|117|26252721|3324|2361
10|117|26480492|4286|3195
2|117|26341890|4508|3436
15|117|25989125|3807|2673
12|117|26393544|3714|2801
8|117|26390478|4194|3287
14|117|26282834|4446|3369
19|117|26208572|4122|3192
4|117|26235426|4180|3129
21|117|26443815|4272|3221
18|117|26112327|3273|2238
11|117|26352105|3568|2683
26|117|26406908|3890|2963
22|117|26209517|4149|3218
23|117|26473840|4529|3600
17|117|26321569|4006|2890
3|117|26316868|3451|2531
13|117|26340918|3042|2033
29|117|26260104|4170|3197
24|117|26098840|3367|2321
30|117|26081668|4268|3225
25|117|26172816|4412|3331
27|117|26123334|4228|3204
31|117|26160573|4145|3099
0|117|25994713|4088|3138
28|117|26018452|3899|2832
20|117|26218990|4262|3189
7|117|26090671|3455|2549
6|117|26286146|3992|2874
8|118|32795926|5406|4520
26|118|32709035|5619|4686
9|118|32930062|3494|2545
16|118|32930606|5342|4331
13|118|32683498|5390|4458
17|118|32653090|4445|3476
7|118|32424273|3964|3167
21|118|32752037|5390|4552
6|118|32416258|3132|2268
15|118|33004569|5428|4477
23|118|32682548|4819|3997
10|118|32883942|5531|4504
14|118|32783027|5354|4431
12|118|32842746|5834|5012
29|118|32590585|4638|3481
4|118|32787876|3379|2624
22|118|32715270|5627|4789
31|118|32524730|5322|4271
24|118|32593971|4986|4188
5|118|32919631|4836|3850
30|118|32583505|5847|4759
11|118|32791313|5431|4453
3|118|32633635|5357|4526
19|118|32893585|5643|4706
0|118|32596156|5215|4367
27|118|32515067|5617|4823
1|118|33180978|5395|4422
18|118|33382561|5418|4423
25|118|35174007|5586|4566
28|118|35890338|5635|4545
2|118|36496165|5637|4618
20|118|36669401|5739|4675
1|119|21483279|4966|3964
0|119|21534874|4620|3661
2|119|18391953|3700|2781
16|119|21983908|4256|3288
20|119|17837839|3884|3000
24|119|21753106|3459|2500
31|119|21786862|4231|3340
8|119|22030778|4621|3554
10|119|21836910|4316|3301
3|119|21609063|4468|3530
12|119|21813239|4608|3583
19|119|21604737|4445|3522
15|119|21879437|4426|3471
13|119|21964496|3980|2945
14|119|21837819|4857|3932
18|119|21410602|4487|3542
23|119|21877483|3847|2873
17|119|21960539|4400|3465
4|119|21752993|3752|2780
28|119|18629760|3656|2716
7|119|21946496|3327|2481
21|119|21929680|4793|3864
25|119|19410774|4251|3373
26|119|22046422|5063|4260
22|119|21792448|4884|3851
29|119|21831228|4031|2856
6|119|21846831|3509|2505
27|119|21574237|4704|3769
30|119|21710836|4474|3516
5|119|21676945|4621|3627
9|119|22052493|3157|2273
11|119|21651181|4771|3681
0|120|21013017|4158|3053
6|120|20641656|3460|2364
8|120|20973996|3802|2672
27|120|20672717|4126|3004
23|120|20876996|4155|2878
1|120|21044574|4084|2897
2|120|20997549|4353|3125
10|120|20945307|3793|2609
12|120|20915480|4187|3092
7|120|20759973|3910|2816
5|120|20574358|4413|3231
16|120|21044814|3794|2721
22|120|20711093|3958|2832
19|120|20926717|4319|3192
11|120|20603587|4078|2884
17|120|20831331|4279|3045
21|120|20767373|3739|2500
26|120|20741941|4194|3090
20|120|21047122|3962|2779
15|120|20917174|3596|2549
3|120|20901090|4240|3029
14|120|20883124|3560|2434
25|120|20755719|3739|2657
28|120|20811293|4068|2862
30|120|20668252|4418|3172
18|120|20876194|3392|2273
29|120|20724657|3802|2469
31|120|21039070|4292|3121
9|120|21035809|3336|2107
24|120|21089206|3379|2302
13|120|20976215|4155|2973
4|120|20774563|3711|2680
2|121|24352946|4702|3360
15|121|24175300|4411|3043
6|121|24505182|3925|2568
3|121|24124112|4230|2842
12|121|24415769|4677|3403
8|121|24432128|4616|3224
1|121|24388395|4473|3069
22|121|24408788|4461|3097
4|121|23955603|3908|2559
27|121|24572363|4987|3533
11|121|24270650|4177|2822
20|121|24206041|4381|3008
17|121|24258280|4619|3141
26|121|24237651|4566|3245
5|121|24358925|4928|3488
28|121|24148448|4648|3232
21|121|24261094|4325|2803
0|121|24473825|4521|3107
31|121|24099260|4466|3066
13|121|24055190|3878|2528
24|121|24343883|3722|2336
16|121|24364995|3849|2554
29|121|24121912|4282|2944
14|121|24206475|4346|2992
10|121|24350783|3969|2627
19|121|24353079|4962|3543
23|121|24494565|4765|3448
30|121|24206370|4784|3394
7|121|24324233|4048|2658
18|121|24089392|4074|2711
25|121|24181965|4304|2964
9|121|24566214|3662|2299
0|122|23112782|4928|3558
6|122|23405575|4593|3202
26|122|23236889|4982|3617
31|122|23164684|4962|3546
30|122|23035367|5043|3647
8|122|23324702|5200|3848
10|122|23018284|4758|3369
5|122|23176536|4811|3345
12|122|23346563|5061|3666
1|122|23305080|4551|3171
13|122|23107929|4726|3376
15|122|23408091|5014|3595
2|122|23406136|4890|3491
20|122|23264110|5079|3753
17|122|23252026|4363|2989
25|122|22966782|4950|3572
19|122|23042732|4596|3238
9|122|23164576|3800|2464
27|122|23308312|4496|3071
4|122|23265158|4792|3472
24|122|23129596|3924|2505
14|122|23080690|4623|3260
22|122|23338771|4767|3453
16|122|23115299|4886|3497
21|122|23196859|4608|3160
28|122|23219227|4936|3541
3|122|23341182|4881|3479
23|122|23050871|4618|3164
7|122|22953843|4583|3159
18|122|23010022|4837|3420
29|122|23121886|4887|3380
11|122|23287294|5083|3706
2|123|21119129|4472|3034
17|123|21117199|4169|2709
20|123|21148359|4003|2642
27|123|21080993|4297|2927
24|123|21048417|4283|2866
12|123|21194952|4175|2789
0|123|21337992|4178|2771
14|123|20992370|3992|2586
8|123|21252550|4074|2775
1|123|21200642|4357|2946
15|123|21159087|4206|2834
6|123|21328607|3906|2543
13|123|21182251|4116|2801
4|123|21045271|4095|2673
9|123|21047761|3822|2466
21|123|20959374|3916|2520
16|123|20961190|4244|2860
19|123|21091193|4310|2936
7|123|20863190|3850|2460
29|123|20874963|3941|2634
23|123|20926756|3637|2332
18|123|20894176|3728|2366
28|123|20961292|3864|2553
30|123|21312508|4384|2941
3|123|20947709|4313|2871
10|123|21222830|4140|2842
25|123|21130885|4171|2789
26|123|21345640|4488|2992
22|123|21026980|4474|3232
31|123|21353097|4297|2876
11|123|20827923|3773|2415
5|123|21456403|3773|2377
1|124|19458312|4203|2959
17|124|19609782|4351|2941
27|124|19608296|4048|2702
3|124|19206095|3774|2475
13|124|19417903|4269|3076
10|124|19196691|3905|2574
22|124|19137581|3978|2609
12|124|19549698|4084|2840
5|124|19235360|3577|2231
7|124|19339793|3837|2654
15|124|19460241|4074|2695
23|124|19293555|3427|2288
16|124|19375002|3952|2672
4|124|19422696|4273|3028
9|124|19377671|3883|2539
19|124|19356812|4190|3014
14|124|19517549|4138|2913
24|124|19589591|3962|2603
25|124|19200500|3698|2373
21|124|19398026|3985|2707
28|124|19273488|4236|2959
11|124|19113130|4054|2759
26|124|19180444|4043|2799
8|124|19515650|3971|2706
6|124|19466127|4106|2803
31|124|19152600|4365|3118
29|124|19351027|4280|3061
30|124|19268208|4111|2724
2|124|19596491|4291|3083
18|124|19319964|3658|2403
0|124|19520843|4118|2774
20|124|19734493|3534|2335
3|125|17549197|3397|2345
0|125|17116686|3339|2239
4|125|17422271|3462|2390
7|125|17499264|3595|2577
9|125|17437438|3460|2257
6|125|17242494|3228|2088
23|125|17524906|3552|2422
16|125|17518597|3878|2772
25|125|17434291|3327|2306
27|125|17723751|3864|2829
1|125|17625342|3442|2309
12|125|17560608|3217|2223
8|125|17306692|3231|2241
20|125|17200437|3304|2241
15|125|17532050|3241|2143
2|125|17149695|3571|2341
24|125|17439107|3847|2706
28|125|17394759|3620|2677
18|125|17417628|3454|2158
5|125|17475591|3427|2174
21|125|17419159|3418|2258
10|125|17573679|3228|2144
29|125|17313276|3400|2285
30|125|17296811|3515|2332
31|125|17332717|3235|2181
13|125|17680266|2828|1789
11|125|17325565|3462|2257
17|125|18021104|3452|2133
19|125|17481633|3419|2324
22|125|17801613|3502|2350
26|125|17550512|3203|2080
14|125|17535120|3452|2230
1|126|20004775|3841|2454
17|126|19760408|4098|2587
26|126|19751293|3735|2376
30|126|19879490|3873|2539
31|126|19876190|4370|2997
5|126|19897579|3805|2368
10|126|19862750|3783|2399
7|126|20121499|3987|2712
18|126|19917129|3844|2464
12|126|20025559|4017|2585
14|126|19718758|3751|2394
27|126|20062501|3960|2594
8|126|20016878|3840|2650
0|126|20190414|4228|2803
6|126|20118092|4147|2833
13|126|19810519|4041|2716
21|126|19897683|4105|2715
16|126|20097988|3778|2400
15|126|19994503|4163|2743
2|126|19980771|4410|3002
23|126|20120925|4531|3055
20|126|20021217|4213|2708
3|126|20166254|4341|2983
9|126|20154539|3731|2332
28|126|19960253|4122|2783
24|126|19978538|4194|2778
19|126|19788467|4537|3340
29|126|19885758|4173|2784
25|126|20105664|4259|2847
22|126|19791312|4394|3042
4|126|20141013|3896|2498
11|126|19775802|3837|2535
2|127|20851120|4212|3000
8|127|20985487|3345|2141
4|127|20684465|3996|2783
27|127|21051391|4470|3147
30|127|21190515|4449|3270
5|127|21099478|4097|2958
6|127|20950824|4083|2894
0|127|20972641|3988|2944
9|127|20795562|4201|2934
17|127|21171293|4358|3134
15|127|20900583|4137|2978
21|127|20929806|4176|2983
13|127|20945807|4213|2894
3|127|20846559|4051|2763
16|127|20921607|4230|3070
7|127|21092050|3986|2722
11|127|20713024|4445|3231
25|127|20770981|3665|2490
20|127|20878025|3984|2869
12|127|21062966|4266|3084
23|127|20895482|4090|2850
26|127|21184654|4205|2975
24|127|20824921|4080|2856
14|127|21064855|3784|2592
31|127|21164823|4344|3046
28|127|20849441|3837|2664
19|127|20821404|4204|3057
22|127|20776198|3948|2708
10|127|21079457|4275|3064
29|127|20811521|4465|3280
1|127|21190695|4554|3355
18|127|21153952|3923|2710
7|128|46612389|5629|4275
21|128|46684176|6274|4872
22|128|46482041|6380|4994
15|128|46770244|5815|4551
6|128|46756505|6135|4812
29|128|46514454|5965|4560
1|128|46394230|5102|3788
12|128|46562087|5931|4771
10|128|46423952|6376|4973
31|128|46663491|6076|4744
3|128|46847274|4005|2794
18|128|46386498|5754|4431
28|128|46477708|6176|4794
17|128|46717150|5716|4331
19|128|46465205|6474|5018
5|128|46795559|4615|3170
23|128|46562829|6593|5320
8|128|46833457|6156|4795
25|128|46619818|6413|4979
2|128|46888573|5584|4300
24|128|46541857|6257|4923
26|128|46558728|6019|4761
27|128|46843291|5640|4229
14|128|46490284|6203|4904
11|128|46654164|6346|5028
9|128|46775127|6513|5128
16|128|46635386|5135|3788
30|128|46876726|6291|4990
0|128|46739211|6093|4794
4|128|46966606|5982|4531
13|128|46669004|6273|4840
20|128|46579596|6112|4783
0|129|36639332|5602|4514
28|129|36954226|6032|4741
30|129|36706736|5958|4588
17|129|36910884|5159|3732
20|129|36680015|5752|4566
29|129|37050739|5980|4833
7|129|37272683|5885|4610
26|129|36790039|6290|5189
22|129|37118593|5938|4673
24|129|36811668|5856|4665
8|129|36864407|6171|4971
15|129|37108044|6410|5436
31|129|37005945|7001|5759
9|129|36701527|6253|5109
6|129|37104723|5701|4657
10|129|37031804|6145|4974
18|129|36988534|5735|4440
1|129|37072347|5293|4088
11|129|36723904|4914|3675
19|129|36949878|6307|5124
27|129|36811662|5617|4401
3|129|37021003|3625|2531
16|129|36748436|5927|4948
2|129|36866988|4976|3776
14|129|36741806|6029|5008
23|129|36873295|5718|4618
4|129|36787731|5766|4552
21|129|37300470|5987|4726
25|129|37029343|5970|4700
12|129|37489886|6180|4938
13|129|37997401|5934|4598
5|129|44014850|6417|5028
11|130|32915145|5990|4600
3|130|32893754|4243|2857
12|130|32791527|5782|4345
17|130|33212131|5562|4073
30|130|33253373|6233|4738
16|130|32874437|5839|4544
0|130|33228559|6311|4900
28|130|33314845|6521|5038
2|130|32864510|5542|4002
14|130|32826935|5574|4179
31|130|33199995|5973|4598
19|130|32941376|6389|4793
22|130|33115488|6166|4705
26|130|33130669|6068|4626
20|130|33191252|6313|4788
25|130|32815387|5872|4537
13|130|31901548|6075|4674
8|130|33093259|6060|4731
7|130|33120905|5933|4500
9|130|33048597|6000|4537
15|130|33043907|6072|4620
23|130|32860614|6947|5481
6|130|33053193|5794|4269
29|130|33195931|6823|5462
21|130|32855891|6199|4640
5|130|26176594|4217|2870
10|130|32988152|6326|4891
4|130|32904421|6220|4712
1|130|32958631|5768|4418
18|130|33082598|5636|4149
24|130|33098818|6143|4656
27|130|33153379|6203|4671
6|131|22646705|4404|2972
15|131|22709928|5020|3782
18|131|22524343|4414|3108
27|131|22529131|5056|3577
22|131|22933693|4854|3569
13|131|22791262|4801|3481
2|131|22903386|4693|3422
9|131|22744942|4410|2991
10|131|22592568|4796|3442
8|131|22791559|5000|3563
0|131|22946846|5045|3573
4|131|22561934|4744|3395
20|131|22852992|4265|2867
3|131|23047784|4445|3369
25|131|22837718|4428|3119
19|131|22889437|5199|3792
17|131|23030327|4544|3044
1|131|22511611|4510|3156
21|131|22658728|5022|3699
24|131|22527698|5058|3668
7|131|22796446|4367|2946
26|131|22879057|5454|4024
28|131|22980133|4909|3523
16|131|23018639|4966|3572
31|131|22933296|5023|3585
14|131|22951886|4169|2865
29|131|22692536|5071|3734
23|131|22732581|5032|3724
30|131|23046013|4910|3617
11|131|23051464|4672|3252
12|131|23019986|4582|3199
5|131|22851393|4380|2937
2|132|25860463|4336|2881
16|132|25614165|4746|3329
6|132|26024515|4279|2946
1|132|25689233|4897|3589
25|132|25846230|4688|3378
10|132|25844888|4503|3225
17|132|25711437|5083|3523
3|132|25758742|3595|2296
5|132|25650945|4150|2742
4|132|25796346|4787|3412
13|132|25903184|4678|3336
0|132|25815990|4836|3388
11|132|25527499|4138|2747
18|132|25967147|4293|2926
7|132|25629778|4700|3344
22|132|25936456|5077|3635
8|132|25854872|4455|3008
19|132|25761565|4786|3448
26|132|25668468|4632|3330
27|132|25967305|4922|3523
21|132|25724423|4724|3248
30|132|25570733|4916|3673
28|132|25667327|4854|3492
23|132|25584362|4600|3287
29|132|25604189|4269|2876
9|132|25853032|4872|3455
20|132|25829569|5061|3757
31|132|25642650|5134|3669
24|132|25719336|4523|3136
14|132|25631540|4972|3545
12|132|25486341|4865|3602
15|132|25972936|4553|3160
0|133|22785355|4708|3311
8|133|22727182|4316|2903
19|133|22734676|4705|3272
7|133|22822735|4919|3420
12|133|22487089|4684|3241
6|133|22973055|4693|3314
3|133|22841506|4272|2887
24|133|22530242|4756|3351
9|133|22582488|4236|2861
14|133|22516007|4262|2851
16|133|23011485|4395|2933
13|133|22851254|4341|3021
11|133|22821724|4540|3085
17|133|22915253|4827|3220
18|133|22806677|4560|3073
5|133|23140246|3827|2443
15|133|22508603|4418|3074
4|133|22827765|4515|3135
20|133|22589000|4716|3216
29|133|22623599|4191|2760
22|133|22783999|4838|3268
28|133|22662158|4490|3142
23|133|22645062|4148|2820
31|133|22582075|4318|2994
27|133|22718443|4351|2876
25|133|22974072|4365|2997
30|133|22684927|4223|2872
10|133|22903855|4850|3441
1|133|23001861|4629|3193
26|133|22762740|5049|3478
2|133|23167290|3728|2322
21|133|22688782|4437|3028
2|134|19904686|3886|2545
4|134|20177896|4323|3016
17|134|20284062|3969|2615
30|134|20042597|4150|2823
25|134|20087336|3875|2518
10|134|19989308|3942|2745
15|134|20301612|4184|2759
16|134|20316041|4168|2855
0|134|20507274|4244|2821
11|134|20287135|4238|2896
18|134|20240383|3912|2567
14|134|20333027|3819|2506
22|134|20135510|3943|2641
23|134|20102360|4130|2946
9|134|20350734|4325|2962
21|134|19938917|3948|2581
28|134|20124126|4383|2937
8|134|20496172|4264|3005
26|134|19977602|3914|2669
20|134|20185655|4119|2705
27|134|20079446|4280|2858
6|134|20388258|4175|2801
29|134|20181525|4216|2789
5|134|20209083|3715|2426
31|134|20114279|4273|2891
19|134|20495150|4028|2774
24|134|20413849|4305|2911
3|134|20375284|3992|2769
1|134|20030225|3821|2421
13|134|20361199|4420|3067
12|134|20505755|4105|2724
7|134|20421087|4092|2913
1|135|20162845|3829|2686
9|135|20418696|3420|2384
24|135|20253802|3419|2261
29|135|20324652|3844|2649
31|135|20313154|4088|2899
10|135|20528762|3691|2504
13|135|20159605|3709|2479
2|135|20642641|3837|2733
11|135|20490246|3647|2476
8|135|20357192|4026|2867
15|135|20535498|3998|2941
14|135|20459538|3677|2510
5|135|20482668|3476|2233
18|135|20488981|3705|2421
6|135|20309604|3358|2176
4|135|20606179|3743|2536
21|135|20412538|3641|2425
19|135|20249103|3696|2570
17|135|20634600|3759|2542
20|135|20348923|3752|2551
22|135|20467955|3852|2753
26|135|20379088|3749|2563
23|135|20464880|3955|2879
25|135|20608509|3679|2605
3|135|20183632|3396|2285
28|135|20417078|3481|2348
27|135|20362857|3523|2411
0|135|20497914|3560|2400
7|135|20118996|3313|2255
30|135|20664405|3778|2557
12|135|20290281|3551|2488
16|135|20534275|3849|2678
3|136|26280304|3606|2566
11|136|26564331|4161|3154
6|136|26477719|4660|3584
24|136|26734568|4472|3382
28|136|26363645|4103|2905
7|136|26247684|4361|3205
4|136|26421257|3211|2165
13|136|26609415|4129|3112
1|136|26710627|3825|2785
8|136|26534675|4364|3197
2|136|26583260|3828|2729
12|136|26238117|3297|2215
19|136|26452108|4061|3062
15|136|26538429|4317|3239
20|136|26431838|3530|2560
16|136|26235085|3233|2381
22|136|26425963|4214|3034
17|136|26455604|3961|2951
25|136|26377495|4223|3101
26|136|26416372|3666|2526
9|136|26696066|3985|2833
23|136|26401916|3380|2356
18|136|26556143|4347|3113
21|136|26507654|3906|2844
14|136|26593889|4009|2947
29|136|26752470|4090|2886
30|136|26305322|3842|2770
31|136|26731477|3841|2537
27|136|26358916|3844|2905
10|136|26631170|3641|2497
5|136|26618667|3473|2470
0|136|26900013|3429|2362
2|137|49070012|5749|4596
4|137|49161220|5873|4647
7|137|49202032|5390|4131
6|137|49261294|5604|4289
23|137|48924206|6080|4694
30|137|48837557|6021|4693
16|137|49012851|5633|4333
29|137|48877899|5776|4344
9|137|48902445|6229|4798
0|137|48736664|3541|2298
15|137|49064472|5682|4350
1|137|49283541|5835|4537
5|137|48657923|5629|4238
11|137|49235431|5445|3981
26|137|48989269|5911|4633
10|137|48700524|6086|4670
28|137|49243768|5848|4616
21|137|48892648|6086|4667
17|137|49032839|5951|4621
18|137|48911052|5958|4531
27|137|48802137|6090|4632
31|137|48824999|5714|4339
19|137|49076343|6130|4700
24|137|49282181|6081|4765
14|137|48830122|5583|4319
20|137|49135832|5869|4560
22|137|49106511|5717|4515
12|137|49095579|6148|4830
3|137|49299197|5605|4344
13|137|51984976|6079|4695
8|137|52390335|6172|4732
25|137|52485628|6204|4744
5|138|30571504|4882|3470
8|138|27501727|5027|3847
15|138|30644387|5336|3900
30|138|30746342|5686|4238
29|138|30739044|5275|3795
28|138|30618442|5028|3636
3|138|30331197|4935|3619
10|138|30577252|5745|4391
2|138|30917285|5498|4051
0|138|30796460|3863|2522
11|138|30607874|5187|3788
4|138|30740456|5481|4070
13|138|27961554|5171|3878
19|138|30469036|5471|4143
26|138|30599250|5498|4137
7|138|30766375|5610|4137
16|138|30728586|5096|3731
14|138|30442978|5139|3762
24|138|30463109|5719|4315
6|138|30709495|5192|3790
27|138|30519455|5576|4143
12|138|30405416|5442|4159
25|138|27288197|4919|3501
22|138|30433499|5534|4106
31|138|30519135|5050|3678
23|138|30776934|5594|4146
9|138|30669697|5394|3939
20|138|30399458|5281|3814
17|138|30617946|5898|4546
1|138|30635871|4917|3497
21|138|30689589|5589|4119
18|138|30513622|4842|3504
7|139|21397181|4088|2759
12|139|21302762|4034|2732
8|139|21631852|4004|2657
3|139|21583915|3494|2209
9|139|21191294|4118|2765
10|139|21519154|4004|2745
11|139|21487361|3648|2425
5|139|21656863|4310|3063
0|139|21644856|3597|2315
1|139|21134566|3876|2622
17|139|21181328|4473|3093
2|139|21526199|4343|2953
15|139|21637011|4070|2777
19|139|21460299|4331|2938
13|139|21478253|4283|2942
16|139|21414250|4194|2868
14|139|21399915|3891|2557
21|139|21150899|4075|2765
20|139|21202592|3900|2661
23|139|21250036|4258|2915
22|139|21286643|4267|2990
30|139|21627402|4196|2753
26|139|21464992|4229|2947
28|139|21610947|4249|2884
31|139|21277292|4296|3014
27|139|21352836|4220|2948
25|139|21313749|4080|2867
29|139|21630249|4471|2932
24|139|21383701|3847|2491
6|139|21321366|4083|2816
18|139|21219684|3479|2241
4|139|21482466|4219|3102
1|140|19541809|3806|2690
8|140|19690441|4205|3034
17|140|19564577|4121|2900
5|140|19633335|3424|2306
26|140|19414207|4149|3032
4|140|19213061|3569|2522
2|140|19528572|3820|2696
16|140|19476283|4340|3306
29|140|19422774|3421|2312
14|140|19461551|3657|2686
13|140|19649914|3894|2810
12|140|19712626|3574|2550
0|140|19565472|2993|1983
15|140|19538567|3626|2530
18|140|19254358|3619|2638
19|140|19528120|4101|2916
22|140|19430204|4083|2806
31|140|19376754|3834|2783
30|140|19423937|3996|2917
7|140|19712951|4199|3007
27|140|19365151|4328|3202
20|140|19471000|4319|3072
6|140|19301737|3763|2543
10|140|19610575|4270|3119
23|140|19474759|4237|3113
24|140|19350489|4146|3087
28|140|19440766|3606|2440
21|140|19563175|3410|2284
9|140|19645311|3723|2532
3|140|19643640|3677|2639
11|140|19808959|3665|2591
25|140|19512099|3606|2489
3|141|17550397|3356|2274
12|141|17857988|3464|2319
28|141|17644286|3337|2314
21|141|17645525|3463|2358
2|141|17923090|3247|2282
9|141|17571638|3577|2481
5|141|17986304|3481|2496
8|141|18030783|3689|2624
6|141|17675632|3574|2415
14|141|17882762|3195|2147
15|141|17824787|3412|2335
4|141|17936538|3739|2860
19|141|17795011|4069|2798
7|141|17711753|3368|2291
17|141|18005006|3637|2672
22|141|17788570|3507|2615
18|141|17821591|3615|2469
10|141|17685409|3429|2505
23|141|17669401|3735|2610
16|141|17933870|3727|2687
1|141|18068307|3284|2157
27|141|17737035|3057|2003
11|141|17584114|3591|2658
0|141|17827969|3602|2589
31|141|17791939|3735|2532
26|141|18008523|3719|2710
30|141|17777288|3705|2745
24|141|17670070|3489|2344
29|141|17935678|3812|2680
25|141|17579463|3233|2187
20|141|17745747|3820|2845
13|141|17861521|3194|2216
9|142|22357285|4669|3254
14|142|22325558|4722|3374
26|142|22065073|4626|3308
24|142|22058838|4671|3377
12|142|22437377|3986|2704
28|142|22520000|4344|3126
29|142|22081697|4198|2788
7|142|22249229|4279|2937
2|142|22374431|4823|3578
17|142|22250844|4514|3181
18|142|22363960|4140|2863
16|142|22338086|4129|2765
19|142|22286389|4589|3240
15|142|22326737|4347|2971
21|142|22448034|4389|3026
23|142|22204660|4501|3099
6|142|22315121|4314|2960
30|142|22057533|4689|3317
10|142|22239122|4535|3222
4|142|22269240|3907|2537
11|142|22167865|4177|2853
25|142|22034456|4457|3108
22|142|22299119|4546|3142
8|142|22339162|4564|3361
0|142|22191875|3602|2346
13|142|21931973|4305|2965
31|142|22175683|4413|3020
5|142|22513390|4035|2636
1|142|22154734|4076|2662
20|142|21970335|4597|3228
27|142|22340249|3732|2436
3|142|22746349|3773|2411
1|143|22901917|4261|2766
13|143|22976913|4256|2779
23|143|23168738|4346|2850
3|143|22860739|3961|2502
6|143|23103801|4280|2758
8|143|22997400|4078|2634
2|143|23250884|4051|2594
14|143|23357834|4202|2736
4|143|23067130|4382|2991
9|143|23390982|4696|3194
18|143|23215856|4063|2541
16|143|23208952|4145|2775
21|143|23159582|3995|2543
5|143|22921814|4340|2990
12|143|23318017|4242|2862
10|143|23096325|4357|2911
25|143|23059178|4199|2807
29|143|23311480|4045|2559
11|143|23076595|4091|2867
26|143|23365956|4225|2711
22|143|23048012|4825|3188
27|143|22932973|4517|3017
17|143|23277076|4309|2770
7|143|23249613|4180|2741
15|143|23209733|4640|3032
28|143|23336604|4357|2920
20|143|22954214|4219|2710
19|143|23232253|4748|3216
31|143|23004931|4257|2803
30|143|23151333|4287|2812
24|143|23381987|4952|3464
0|143|23083689|3725|2296
1|144|17155755|3459|2452
3|144|17099816|3882|2860
29|144|16884457|3451|2371
13|144|17172154|3450|2308
28|144|16779007|3647|2581
7|144|16763137|3323|2274
30|144|16743477|3795|2865
0|144|16633691|3295|2288
14|144|17012788|3056|2092
17|144|16785761|3196|2234
2|144|17038070|3773|2670
8|144|17040680|3665|2696
16|144|16957731|3795|2810
19|144|16710510|3406|2404
4|144|17009037|3758|2724
11|144|16860617|3865|2827
21|144|16951971|3437|2350
18|144|16990838|3619|2423
31|144|16711368|3838|2675
15|144|16746239|3451|2440
27|144|16829090|3335|2239
20|144|16745767|3747|2817
22|144|16845621|3788|2696
23|144|17148991|3526|2420
24|144|16691848|3826|2873
12|144|16945221|3882|2836
5|144|16912894|3536|2444
10|144|16932442|3356|2282
26|144|16878169|3952|2742
6|144|17060389|3177|2237
9|144|16976212|3411|2390
25|144|16963447|2869|1951
10|145|13495565|2848|1918
14|145|13806083|2948|1918
15|145|13646868|2883|2023
22|145|13612587|2992|2081
0|145|13872924|2878|1999
20|145|13599134|2914|2046
1|145|13933737|2972|1950
30|145|13944465|2997|2102
9|145|13578019|3086|2063
4|145|13715351|3100|2153
11|145|13678895|2829|1976
8|145|13770266|2887|1929
28|145|13887346|3081|2140
24|145|13569200|3136|2176
18|145|13674636|2729|1806
12|145|13553398|2994|1976
26|145|13514919|2820|1998
16|145|13763720|2977|2073
17|145|13813612|2982|1975
13|145|13884738|3124|2167
6|145|13480457|3056|2107
25|145|13486116|2827|1873
31|145|13680199|2915|1926
23|145|13608321|2802|1888
29|145|13948816|3023|2119
5|145|13525031|2780|1824
27|145|13689931|2815|1864
2|145|13873372|3003|2060
3|145|13918951|3057|2093
19|145|13845102|3009|1931
21|145|13682786|2803|1946
7|145|13992359|2983|2101
6|146|18925193|3899|2834
8|146|19098016|4058|3099
15|146|19253493|3610|2718
4|146|19119357|3639|2725
21|146|18849611|3463|2383
12|146|19026602|3754|2715
30|146|19238511|3982|2954
0|146|19199440|3233|2403
5|146|18852541|3779|2801
11|146|19122517|3494|2662
16|146|19009221|3382|2554
7|146|18792041|3621|2418
18|146|19068403|3686|2724
22|146|19239432|3390|2463
17|146|19006791|3978|3075
20|146|19208518|3831|2758
2|146|18824157|3751|2749
25|146|18970407|3491|2557
14|146|19287014|3847|2873
23|146|18941149|3965|2840
24|146|19111585|3862|2860
19|146|18851948|3605|2649
28|146|19133076|3717|2662
31|146|18978250|3758|2693
27|146|18913754|3872|2783
26|146|19081187|3773|2756
10|146|19255551|3725|2655
29|146|18947689|3509|2637
13|146|19049844|3474|2537
3|146|18821182|3373|2391
9|146|19309567|3482|2480
1|146|19809919|2973|1961
3|147|18876726|3361|2212
2|147|19096643|3687|2558
17|147|19149365|3727|2681
27|147|19006229|4469|3233
4|147|19291718|3973|2961
25|147|19130735|4187|3129
30|147|19329517|4539|3327
7|147|19157511|4073|2863
14|147|19075087|3967|2834
0|147|19248294|3602|2502
15|147|19342495|4086|2882
8|147|19354656|4139|3127
26|147|18976214|4240|2967
22|147|19158842|3962|2831
12|147|19295310|4093|2952
11|147|19230902|4289|3145
13|147|18938664|4015|2910
10|147|18931598|3491|2332
19|147|19058569|4420|3329
16|147|19231382|4062|2890
24|147|19077578|4234|3132
21|147|19335718|4092|2936
23|147|19097575|4511|3333
1|147|18700097|3669|2527
20|147|19162318|4378|3146
28|147|19056057|4221|3188
5|147|19279098|3584|2280
6|147|19366167|4087|2927
31|147|19051109|4048|2907
18|147|19158450|4139|2924
29|147|19008851|4165|3032
9|147|19017048|3849|2645
0|148|17395153|3444|2573
14|148|17434697|3943|3072
26|148|17386702|3845|2714
28|148|17184342|3236|2313
12|148|17320357|3786|2792
10|148|17275567|3507|2534
1|148|17179432|3266|2281
6|148|17116394|3518|2542
2|148|17520179|3606|2562
17|148|17515689|3747|2580
11|148|17319649|3384|2491
4|148|17481792|3828|2959
19|148|17279247|3748|2807
21|148|17228965|3464|2576
7|148|17456218|3852|2917
20|148|17182202|3579|2720
23|148|17217649|3407|2533
18|148|17110275|3041|2164
9|148|17366655|3170|2051
22|148|17370120|3753|2802
25|148|17508267|3509|2535
29|148|17104108|3258|2222
8|148|17366538|3674|2791
24|148|17266145|3757|2844
30|148|17498071|3593|2461
31|148|17143266|3399|2457
27|148|17537802|3668|2653
5|148|17124502|3460|2541
13|148|17383873|3466|2554
15|148|17675866|3114|2118
16|148|17270502|3516|2622
3|148|17974595|3465|2381
0|149|17482038|3320|2429
3|149|16968954|3392|2296
5|149|17040725|3212|2096
8|149|17156301|3600|2500
17|149|17379001|3628|2502
12|149|17438711|3433|2366
7|149|17238057|3313|2201
6|149|17394265|3557|2456
1|149|17388381|3623|2530
14|149|17502079|3442|2387
19|149|17312435|3532|2458
24|149|17133210|3635|2593
13|149|17041041|3309|2230
22|149|17205422|3597|2443
4|149|17336576|3530|2499
9|149|17222240|3556|2325
18|149|17233259|3309|2239
20|149|17268478|3713|2721
11|149|17319877|3771|2720
26|149|17502857|3533|2494
23|149|17255975|3351|2417
27|149|17089569|3614|2517
29|149|17186469|3383|2363
31|149|17115108|3419|2485
2|149|17353122|3802|2554
28|149|17501790|3407|2477
21|149|17323121|3367|2343
30|149|17147993|3436|2360
10|149|17474794|3534|2394
16|149|17052989|3214|2074
15|149|17182808|3325|2244
25|149|17408527|3251|2247
1|150|16719280|3620|2446
6|150|16753945|3448|2375
11|150|16586328|3784|2795
22|150|16668278|3611|2564
9|150|16628058|3661|2508
23|150|16543658|3661|2544
5|150|16841415|3452|2386
4|150|16624899|3480|2540
30|150|16542595|3183|2215
21|150|16448956|3491|2433
20|150|16598207|3417|2314
17|150|16968258|3162|2087
15|150|16360765|3642|2575
14|150|16922159|3328|2122
19|150|16724707|3849|2818
26|150|16574502|3694|2600
13|150|16688570|3391|2457
25|150|16331550|3392|2259
0|150|16886150|3537|2554
3|150|16866531|3969|3061
29|150|16529895|3550|2463
18|150|16629171|3481|2589
2|150|16465903|3521|2455
24|150|16720660|3818|2869
8|150|16819296|3852|2734
27|150|16561168|3447|2320
31|150|16529071|3589|2694
28|150|16542366|3418|2333
7|150|16858679|3383|2355
10|150|16390363|3616|2613
16|150|16376811|3528|2304
12|150|16805386|3914|2899
7|151|16331012|3198|2166
5|151|16720544|3565|2520
14|151|16624179|3325|2165
16|151|16340612|2998|2187
8|151|16471821|3556|2679
31|151|16452394|3658|2669
25|151|16602757|3098|2211
3|151|16520579|3223|2339
12|151|16313449|3231|2167
13|151|16569071|3397|2503
10|151|16346971|3297|2400
6|151|16813630|3780|2928
18|151|16495775|3274|2219
1|151|16804775|3368|2330
9|151|16774026|3423|2362
20|151|16678202|3375|2469
26|151|16603831|3478|2467
11|151|16812665|3446|2546
2|151|16455092|3414|2486
22|151|16797997|3437|2510
15|151|16658697|3473|2581
23|151|16773067|3334|2353
21|151|16706622|3451|2532
19|151|16636504|3500|2642
28|151|16407855|3257|2303
17|151|16644353|3599|2617
27|151|16467911|3639|2729
30|151|16738883|3286|2480
29|151|16551289|3654|2639
0|151|16531367|3036|2085
24|151|16512135|3544|2565
4|151|16684363|3236|2374
3|152|16040478|3605|2491
17|152|15771281|3413|2367
20|152|15950925|3488|2279
26|152|15945116|3418|2402
31|152|16141764|3283|2169
29|152|15791393|3368|2348
13|152|16038094|3146|2209
15|152|15860965|3176|2159
9|152|15950469|3397|2338
2|152|15890952|3397|2413
11|152|15910526|3542|2520
6|152|16020530|3470|2396
19|152|15825502|3483|2416
18|152|16007765|3034|2041
14|152|16153610|3508|2427
28|152|15816929|3306|2215
8|152|16094904|3518|2442
24|152|15727210|3196|2097
23|152|15868242|3357|2096
16|152|16143277|3424|2323
27|152|15797713|3296|2353
25|152|16118737|3265|2283
12|152|16046620|3364|2290
21|152|15862548|3279|2242
30|152|15800277|3430|2358
4|152|15673612|3402|2461
7|152|16216451|3118|2081
0|152|15692014|2953|2021
10|152|16138974|3070|2101
1|152|16220404|3136|2149
22|152|16154572|3696|2627
5|152|16509153|3255|2166
3|153|15440687|3080|1993
14|153|15235103|3085|2073
8|153|15222140|3162|2127
9|153|15359959|3257|2305
13|153|15418515|3351|2392
28|153|15281800|3425|2462
10|153|15069529|3020|1921
0|153|15017069|3089|2002
2|153|15305327|3281|2174
17|153|15465510|3420|2302
7|153|15017280|3114|2000
26|153|15440377|3422|2284
4|153|15073684|3260|2162
18|153|15280652|3142|2119
22|153|14985212|3151|2108
19|153|15300462|3539|2416
12|153|15092130|3218|2198
11|153|15330592|3342|2330
31|153|15437949|3298|2257
16|153|15191856|3138|2092
27|153|15167181|3035|1912
20|153|15459736|3341|2204
5|153|14982461|3071|1930
23|153|15215823|3315|2046
24|153|15237484|3388|2312
30|153|15116225|3143|2102
25|153|15166870|3309|2201
21|153|15136100|3161|2126
6|153|15282242|3305|2236
15|153|15350471|3245|2155
29|153|15457709|3231|2115
1|153|14977547|3207|2038
9|154|17422460|3338|2417
14|154|17475990|3618|2549
29|154|17028741|3538|2483
21|154|17097947|3213|2271
15|154|17025913|3467|2466
1|154|17084798|3332|2134
24|154|17113899|3457|2400
8|154|17450245|3416|2443
4|154|17300124|3862|2832
10|154|17411996|3525|2563
12|154|17259671|3510|2534
27|154|17195757|3575|2576
16|154|17217905|3716|2708
0|154|17373089|3489|2538
6|154|17063616|3740|2780
28|154|17430629|3480|2541
11|154|17247157|3532|2513
2|154|17375930|3683|2796
7|154|17361279|4094|2991
20|154|17197680|3629|2769
25|154|17105337|3862|2991
22|154|17302482|3523|2442
19|154|17287448|3832|2770
30|154|17132430|3269|2216
23|154|17128036|3727|2588
26|154|17359795|3704|2722
31|154|17258222|3709|2676
13|154|17467078|3256|2315
18|154|17336432|3280|2125
5|154|17156479|3386|2396
3|154|17539179|3833|2752
17|154|17355124|3591|2439
4|155|13908924|2854|1985
0|155|13823613|2782|2080
14|155|14056657|2987|2182
12|155|13880698|2827|2025
25|155|13732579|2847|1863
19|155|13701082|2937|2018
10|155|14008041|2839|1984
1|155|14090186|2756|1965
30|155|13808878|3072|2393
2|155|13914796|2875|2079
11|155|13780889|2859|2014
7|155|13784482|2741|2018
8|155|13990438|2791|1984
18|155|13683721|2843|1879
3|155|13651982|2854|1820
9|155|14138960|2929|2058
20|155|13749115|2751|1940
22|155|13810761|3021|2077
31|155|13740200|2808|2023
29|155|14135599|2897|1931
27|155|13983138|2833|1884
15|155|14102925|2754|1921
24|155|13967762|2844|1926
26|155|13772640|2869|2076
23|155|13678625|2949|1996
16|155|13995856|2769|2085
28|155|13950533|2745|1817
5|155|13728510|2751|1825
17|155|13700371|2651|1717
21|155|14029562|2784|1995
13|155|13774488|2907|2071
6|155|14063702|2928|1891
7|156|21750627|4085|2940
15|156|21611216|4420|3124
13|156|21475280|3515|2325
26|156|21612513|4202|2952
29|156|21687729|3885|2716
8|156|21743041|3630|2497
25|156|21959765|3627|2504
4|156|21945075|3933|2763
11|156|21782909|3869|2822
12|156|21894263|4227|2990
9|156|21700097|4050|2840
16|156|21550091|3960|2815
2|156|21807612|3577|2523
5|156|21493821|4155|2903
14|156|21919462|4236|3085
17|156|21505390|3906|2704
1|156|21841327|3301|2303
18|156|21753089|3310|2178
19|156|21871578|4237|3045
0|156|21915245|3798|2553
22|156|21711213|3855|2718
3|156|21703984|3690|2609
23|156|21599288|3862|2630
21|156|21518925|3613|2460
24|156|21639296|4176|3113
27|156|21673411|3394|2231
6|156|21437260|3777|2660
20|156|21742557|3828|2691
30|156|21865266|3997|2863
28|156|21582904|3318|2313
10|156|21829263|3675|2558
31|156|21744778|3503|2416
1|157|17421682|3208|2104
14|157|17482245|3360|2157
6|157|17285309|3605|2397
23|157|17367714|3469|2280
27|157|17344812|3373|2171
31|157|17241253|3435|2256
10|157|17209778|3436|2230
18|157|17510930|3111|1895
8|157|17641015|3606|2382
13|157|17687525|3642|2314
5|157|17478437|3540|2171
21|157|17335673|3254|2088
16|157|17541568|3717|2490
20|157|17271272|3337|2090
11|157|17603861|3542|2450
22|157|17390846|3504|2225
17|157|17478095|3749|2497
0|157|17376988|3440|2207
12|157|17598400|3484|2265
26|157|17693211|3557|2412
29|157|17678027|3388|2155
25|157|17655882|3550|2385
3|157|17389120|3772|2573
15|157|17729647|3560|2331
4|157|17599850|3653|2441
24|157|17342033|3385|2182
19|157|17446899|3744|2521
30|157|17286400|3451|2227
9|157|17539603|3409|2172
28|157|17281517|3568|2266
2|157|17506743|3660|2427
7|157|17715603|3884|2633
0|158|14832267|3299|2205
10|158|15030398|3388|2219
16|158|14942984|3356|2264
24|158|14750682|3094|2212
25|158|14839554|3008|1915
7|158|14636351|3277|2172
6|158|15088855|3421|2236
11|158|14902436|3526|2349
4|158|14727679|3415|2193
13|158|14988185|3369|2245
15|158|14766463|3140|2012
12|158|14847809|3363|2184
14|158|15122266|3370|2112
20|158|14932506|3283|2231
3|158|14983601|3096|2072
17|158|15090928|3313|2067
22|158|14905344|3178|2144
2|158|14641305|3344|2291
26|158|14848916|3305|2157
27|158|15083255|3562|2361
18|158|15044593|3159|2008
1|158|15105681|3157|2147
31|158|15079711|3361|2237
30|158|14735653|3283|2116
28|158|14708347|3087|2244
9|158|14679019|3472|2222
21|158|14965889|3293|2248
8|158|15210197|3397|2182
23|158|15090046|3309|2344
29|158|15045728|3157|2067
5|158|15379530|3309|2045
19|158|15144037|3143|2059
2|159|14602759|3489|2355
19|159|14375061|3135|2039
22|159|14655160|3467|2299
1|159|14513990|3418|2163
29|159|14437813|3501|2308
4|159|14732753|3288|2350
7|159|14789778|3648|2544
8|159|14415226|3333|2234
9|159|14449463|3483|2376
10|159|14858546|3463|2409
18|159|14696161|3189|2084
13|159|14734354|3441|2309
14|159|14689878|3465|2296
11|159|14767549|3401|2259
15|159|14721845|3082|2068
3|159|14662006|3515|2371
16|159|14859060|3311|2369
0|159|14860734|3358|2375
21|159|14459486|3291|2115
17|159|14672839|3243|2129
26|159|14630379|3579|2516
20|159|14700945|3401|2224
24|159|14862975|3349|2331
28|159|14510801|3137|2018
5|159|14364131|3540|2235
23|159|14445968|3412|2308
30|159|14536628|3524|2432
31|159|14555479|3422|2352
6|159|14774474|3516|2474
27|159|15138963|3163|2069
12|159|14701291|3274|2104
25|159|15407699|3251|2063
3|160|14818202|3215|2348
16|160|14818488|3365|2563
6|160|14553029|3501|2579
30|160|14600367|3523|2603
8|160|14951212|3294|2276
14|160|14878741|3066|2171
2|160|15068509|3642|2559
17|160|14735444|3183|2263
12|160|14619216|3168|2127
13|160|14903370|3531|2497
0|160|14794183|3209|2398
20|160|14710294|3158|2187
5|160|14778634|3591|2412
9|160|14953143|3366|2455
21|160|14806675|3461|2408
28|160|14843016|3015|2062
11|160|14882809|3302|2298
29|160|15036900|3461|2645
10|160|14913591|3689|2789
19|160|15071027|3355|2334
25|160|14497190|3201|2245
23|160|14608309|3108|2219
27|160|14548188|3251|2339
7|160|14967800|3344|2406
22|160|15076324|3377|2328
31|160|14596522|3387|2416
4|160|15001978|3328|2435
26|160|14855161|2893|1943
15|160|14861060|3133|2127
18|160|15107904|3300|2407
1|160|15226609|3451|2312
24|160|14677626|3388|2415
0|161|14739356|3407|2269
10|161|14635380|3174|2247
13|161|14793067|3340|2207
31|161|14554956|3344|2256
28|161|14722940|3182|2203
3|161|14895353|3212|2144
30|161|14927203|3285|2312
5|161|14719421|3124|1999
12|161|14781816|3279|2242
14|161|14825161|3335|2290
6|161|14875474|3227|2217
16|161|14901151|3277|2090
17|161|14800224|3306|2171
2|161|14803359|3403|2369
22|161|14547397|3319|2308
8|161|14823924|3308|2183
7|161|14790555|3353|2214
19|161|14634130|3361|2333
23|161|14603996|3309|2203
25|161|14880261|3131|2019
24|161|14461684|3261|2198
1|161|14427590|3362|2273
29|161|14694132|3215|2201
21|161|14739166|3174|2139
27|161|14626657|3354|2325
20|161|14796070|3285|2208
9|161|14699960|3218|2079
11|161|14657676|3229|2142
18|161|14469814|3206|2018
15|161|14741856|3207|2061
26|161|14760168|3236|2061
4|161|14491253|3376|2186
4|162|11405479|2547|1736
8|162|11651380|2659|1764
22|162|11683601|2688|1848
17|162|11732744|2439|1673
28|162|11877589|2651|1855
1|162|11567298|2637|1931
26|162|11503547|2588|1795
3|162|11832090|2725|1995
19|162|11635048|2830|2034
2|162|11698327|2492|1725
16|162|11729719|2591|1823
31|162|11985782|2687|2004
6|162|11748769|2841|2151
12|162|11780684|2615|1841
7|162|11661976|2659|1907
14|162|11769581|2643|1815
13|162|11851057|2680|1896
10|162|11886019|2620|1723
29|162|11577562|2531|1728
24|162|11610502|2664|1877
18|162|11497437|2617|1777
15|162|11485823|2600|1729
11|162|11474249|2524|1688
0|162|11874097|2856|2157
21|162|11585054|2704|1890
30|162|11853489|2559|1856
20|162|11557100|2471|1755
27|162|11594930|2765|1830
9|162|11496192|2630|1729
25|162|11693899|2641|1717
23|162|11759644|2756|2051
5|162|11793193|2668|1761
8|163|16629522|3224|2266
3|163|16556808|3738|2525
28|163|16635387|3509|2462
7|163|16463489|3722|2583
13|163|16434758|3343|2257
0|163|16329107|3394|2370
6|163|16509483|3840|2769
23|163|16242333|3398|2296
1|163|16603897|3289|2246
19|163|16562636|3443|2411
20|163|16309503|3767|2670
4|163|16677748|3664|2516
27|163|16285719|3316|2154
18|163|16384745|3460|2333
11|163|16363299|3518|2436
10|163|16431160|3418|2403
21|163|16336145|3346|2260
2|163|16549646|3357|2334
25|163|16272067|3339|2205
15|163|16390033|3257|2224
12|163|16497460|3631|2578
16|163|16535936|3483|2388
26|163|16613795|3312|2265
9|163|16295309|3391|2447
22|163|16670422|3646|2566
29|163|16430936|3238|2252
17|163|16660038|3722|2724
24|163|16429447|3642|2659
5|163|16209058|3152|2147
31|163|16558256|3834|2888
30|163|16348184|3524|2329
14|163|16502303|3548|2349
5|164|15688738|3625|2225
19|164|16043088|3766|2404
28|164|16192540|3455|2145
14|164|15655162|3532|2219
6|164|16090463|3670|2316
3|164|16171049|3730|2397
10|164|15939771|3588|2295
0|164|16113140|3685|2318
15|164|15862639|3700|2393
4|164|16008821|3646|2266
13|164|16131498|3527|2199
11|164|15964951|3894|2420
7|164|16151577|3774|2362
16|164|15839871|3528|2129
20|164|16033722|3780|2408
1|164|16034482|3459|2230
18|164|15986023|3597|2201
23|164|16084566|3359|2013
25|164|15892527|3634|2343
9|164|15801758|3509|2201
21|164|15943554|3576|2188
17|164|15762905|3721|2341
27|164|16014216|3685|2363
24|164|15751865|3569|2235
26|164|15844124|3373|2109
30|164|15712320|3959|2491
22|164|15808309|3753|2437
29|164|15792107|3597|2153
2|164|15879806|3452|2201
31|164|15761628|3717|2395
12|164|15987380|3376|2072
8|164|16353488|3580|2163
4|165|13773486|3204|2102
11|165|13758258|3222|2219
15|165|13823064|3282|2251
6|165|13915453|3472|2329
2|165|13527384|3477|2302
12|165|13457504|3095|2116
13|165|13785020|3334|2132
14|165|13920740|3340|2241
1|165|13681030|3231|2150
19|165|13958153|3286|2152
17|165|13615544|3151|2092
20|165|13734151|3283|2183
0|165|13849411|3225|2103
23|165|13688928|3387|2165
24|165|13596266|3137|2062
10|165|13875311|3268|2181
26|165|13585948|3210|2183
22|165|13772826|3054|1977
16|165|13987793|3244|2073
5|165|13955653|3201|2071
31|165|13762727|3170|2067
27|165|13628989|3119|2095
3|165|13843550|3293|2214
8|165|13696262|3030|1922
18|165|13934408|3222|2073
25|165|13683490|3143|2021
29|165|13542669|3318|2151
28|165|13959859|3285|2179
9|165|14090571|3074|2041
7|165|14206078|3329|2167
30|165|14025357|3166|2062
21|165|14093774|3163|2054
0|166|17450007|3595|2549
8|166|17306218|3540|2329
15|166|17642510|3816|2748
21|166|17182945|3701|2424
30|166|17206462|3782|2701
31|166|17426417|4081|2810
3|166|17315920|3667|2461
12|166|17582159|3867|2649
7|166|17151091|3660|2316
14|166|17552411|3770|2642
9|166|17190186|3409|2332
6|166|17623226|4112|2924
16|166|17391697|3699|2546
10|166|17436431|4091|2941
5|166|17352728|3906|2556
13|166|17589651|3733|2620
11|166|17668835|4051|2897
20|166|17516114|3592|2587
25|166|17305834|3887|2771
17|166|17531402|3657|2483
19|166|17546288|3894|2758
22|166|17426251|4063|2874
24|166|17475379|3899|2644
1|166|17519287|3638|2440
23|166|17496910|3862|2668
2|166|17585374|3598|2396
28|166|17306693|4034|2886
27|166|17398091|3817|2746
29|166|17326634|3730|2434
26|166|17481537|4153|2974
4|166|17650636|3858|2754
18|166|17399111|3573|2241
1|167|17201789|4061|2916
5|167|17368782|4262|2942
6|167|17428053|4261|3060
19|167|17292271|4232|3169
29|167|17187495|3719|2606
28|167|17233591|4101|2890
9|167|17435192|4304|3161
12|167|17490265|3972|2926
7|167|17469798|4091|2728
3|167|17483779|4482|3396
10|167|17384371|4390|3313
11|167|17349330|4215|3068
14|167|17468809|4101|2920
13|167|17369877|4187|3023
15|167|17578755|4178|3064
4|167|17091945|4353|3220
16|167|17421306|4260|3024
22|167|17284150|4202|3062
2|167|17177165|4313|2955
21|167|17583448|4304|3053
20|167|17354053|4220|3038
25|167|17335859|3990|2810
23|167|17241811|4192|2923
24|167|17276705|4092|2949
27|167|17197323|4498|3387
31|167|17569832|4388|3135
0|167|17597453|4225|3001
26|167|17182270|4034|2739
30|167|17592295|4135|3041
8|167|17580870|4082|2827
18|167|17195396|3609|2359
17|167|17451834|3108|2034
0|168|17528838|3919|2703
14|168|17777268|4050|2834
11|168|17809007|4294|3134
31|168|17601394|3978|2756
29|168|17947266|4052|2882
13|168|17753818|4135|2859
10|168|17805657|4346|3065
15|168|17741716|3913|2781
7|168|17847126|4234|2868
3|168|17828584|4055|2987
8|168|17502137|4004|2975
16|168|17718341|4092|2852
6|168|17913469|3932|2803
9|168|17887706|4116|2968
12|168|17874351|4118|3079
20|168|17660884|4255|3155
22|168|17710025|4212|2922
24|168|17612610|3830|2729
23|168|17628346|4214|3019
19|168|17927131|4288|3073
26|168|17555915|4029|2879
27|168|17607285|4242|3046
1|168|17940448|4203|2996
25|168|17654143|4163|2870
2|168|17708071|4146|2827
5|168|17933679|4199|2910
21|168|17701305|4011|2788
28|168|17940554|4073|2858
30|168|17571411|4022|2920
4|168|17714974|3818|2602
18|168|17663713|3377|2230
17|168|17993864|3177|2108
3|169|16557714|3650|2690
8|169|16551399|3734|2811
15|169|16618456|4064|3052
2|169|16307524|3606|2537
22|169|16506039|3637|2594
30|169|16314803|3425|2502
20|169|16540185|3890|2862
4|169|16243661|3915|2940
7|169|16605315|3663|2824
12|169|16599050|3477|2454
11|169|16698710|3939|2907
10|169|16637581|3704|2704
1|169|16359402|3450|2421
5|169|16324376|3442|2431
16|169|16568367|3714|2569
21|169|16312034|3658|2802
13|169|16676097|3839|2816
19|169|16450071|3779|2715
28|169|16314880|3274|2405
26|169|16441949|3801|2760
29|169|16705131|3606|2597
24|169|16489064|3930|2913
17|169|16487974|3035|2049
31|169|16719540|3839|2954
18|169|16272922|3173|2209
0|169|16716044|3963|3060
27|169|16441152|3839|2847
14|169|16697636|3915|3048
25|169|16410688|3476|2637
9|169|16503241|3639|2761
6|169|16541931|3891|2952
23|169|16479781|3760|2706
0|170|17702601|4307|3049
4|170|17988949|4294|3141
21|170|17891429|3955|2739
10|170|17957699|4071|2873
14|170|17732460|4333|3160
5|170|17901203|4118|3051
12|170|17963580|3880|2796
19|170|17847203|3791|2767
6|170|17645449|4027|3062
1|170|17898647|3991|2773
11|170|17964745|4188|3013
7|170|17988387|4239|3238
18|170|17919227|3503|2279
9|170|17679605|4128|3004
16|170|17909776|4040|2822
15|170|18082963|4072|2882
28|170|17857675|3944|2838
3|170|18085221|3611|2449
29|170|17831891|3842|2824
13|170|17895409|4060|2934
24|170|17816234|4112|2977
23|170|17663295|4040|3142
25|170|17710432|3768|2710
27|170|17741105|3627|2520
20|170|18042445|3909|2806
26|170|17854121|4250|3144
22|170|18062297|4102|2967
31|170|17804827|4029|2897
2|170|18027385|3934|2726
30|170|18065156|3858|2680
17|170|17922642|3061|1996
8|170|18056181|4339|3112
12|171|15945001|3400|2289
2|171|15599849|3755|2625
13|171|15776053|3784|2723
28|171|15842294|3452|2523
0|171|16051558|3744|2550
9|171|15843680|3901|2683
14|171|15990204|3696|2528
7|171|15878213|3406|2378
6|171|15927903|3878|2759
8|171|15696128|3408|2269
17|171|15723219|3114|2061
3|171|15793665|3582|2369
27|171|15695617|3720|2644
10|171|16028991|3822|2698
11|171|15907576|3858|2693
19|171|15956203|3911|2746
22|171|15654419|3867|2676
26|171|15673136|3601|2590
24|171|15763037|3653|2465
29|171|15796972|3674|2542
1|171|15890071|3548|2377
25|171|15734140|3708|2571
15|171|15847182|3899|2718
30|171|15624171|3659|2632
31|171|15661136|3548|2487
18|171|15908315|3073|2028
4|171|16034786|3775|2570
5|171|16026643|3416|2278
23|171|15765711|3744|2632
21|171|16113091|3361|2295
20|171|15677139|3611|2463
16|171|15814322|3597|2417
3|172|16815305|3945|2742
10|172|16802899|3750|2639
6|172|16897764|4012|2973
4|172|16625928|3778|2770
0|172|16921257|3980|2927
19|172|16822047|3837|2696
25|172|16756180|3618|2487
8|172|16874142|3671|2451
11|172|16798308|3663|2494
16|172|16641190|3202|2142
9|172|16945430|3882|2647
15|172|16690247|3927|2564
12|172|17039451|3472|2396
5|172|16573251|3621|2412
23|172|16596635|3971|2697
22|172|16790370|3635|2656
2|172|16988995|4051|3031
14|172|16949105|3852|2689
27|172|16862936|3933|2722
30|172|16698866|3683|2524
24|172|16766798|3869|2805
18|172|16656896|3170|2031
26|172|16783332|3878|2618
20|172|16575532|3743|2554
7|172|16896279|3797|2689
29|172|16773270|3867|2566
28|172|17026479|3810|2691
31|172|16707185|3871|2703
13|172|16982370|3630|2598
21|172|16648858|3656|2372
1|172|16714822|3771|2614
17|172|17237165|3261|2029
0|173|16015051|3907|2816
8|173|15976892|3666|2502
21|173|15677501|3277|2213
22|173|15899133|3871|2721
6|173|16050184|3531|2425
7|173|15719206|3383|2220
9|173|15933817|3747|2687
1|173|15631369|3478|2320
10|173|16069421|3683|2571
11|173|15967474|3729|2613
12|173|15911962|3548|2388
3|173|16068417|3913|2712
5|173|15902007|3339|2130
15|173|15934948|3582|2417
17|173|15839057|2891|1814
14|173|15848573|3528|2364
16|173|15972349|3611|2333
19|173|16032312|3356|2275
4|173|16035073|3580|2445
24|173|15822739|3660|2517
23|173|15910401|3533|2352
25|173|16031837|3532|2403
26|173|15797681|3505|2334
29|173|15752856|3549|2385
2|173|15838500|3824|2736
28|173|15737949|3550|2370
30|173|15847756|3858|2700
20|173|15790476|3646|2525
31|173|15730471|3636|2458
27|173|15868882|3461|2340
18|173|15861409|2794|1847
13|173|15676428|3432|2223
0|174|17255626|4012|2909
6|174|17189630|3954|2863
13|174|16771853|3974|2940
14|174|17050441|3921|2859
17|174|17084637|3526|2397
31|174|16873172|4033|2862
7|174|17173440|4157|3084
8|174|17255708|3925|2877
9|174|17166456|4068|3070
1|174|17130052|4296|3107
11|174|17124820|3887|2805
12|174|17120261|3913|2823
4|174|16964114|3943|2855
3|174|17072163|3793|2749
16|174|17040762|4214|2859
15|174|17087995|4028|3021
10|174|17164973|3863|2807
19|174|17028999|3923|2990
20|174|16859583|3660|2491
21|174|17278607|3953|2773
22|174|17254083|3968|2803
23|174|16989044|3950|2885
24|174|17003817|4024|2762
26|174|16952642|4278|3119
5|174|17061747|3801|2840
25|174|16979308|4003|2837
27|174|16843651|3870|2698
28|174|16908694|3906|2880
30|174|16894990|3930|2936
29|174|16946685|3802|2767
2|174|16861144|4351|3334
18|174|17124925|3380|2202
0|175|16381416|4059|2888
2|175|15916889|3907|2572
14|175|16394266|3985|2814
19|175|16198994|3952|2675
4|175|16218434|4194|2847
31|175|16394668|4022|2892
6|175|16394660|4130|3020
3|175|16186708|3085|2146
10|175|16179141|3723|2612
18|175|16039915|2949|1929
7|175|16328346|3819|2453
13|175|16394460|3903|2802
12|175|16258810|3583|2386
15|175|16203443|3946|2676
21|175|16347551|3441|2192
9|175|16319491|3857|2533
20|175|16181034|3506|2326
16|175|16468869|3698|2387
23|175|16145148|3699|2502
24|175|16136470|3668|2660
22|175|16163493|4119|2909
27|175|16045204|4148|2857
25|175|16095753|3516|2335
28|175|16029666|4109|2928
30|175|16015738|3699|2515
5|175|16045194|3379|2195
8|175|16298554|3529|2444
11|175|16264484|3706|2464
1|175|16242771|3847|2599
26|175|16112754|3572|2294
17|175|16731431|3212|2119
29|175|16507410|3462|2123
3|176|16485133|3827|2667
2|176|16587188|3837|2665
20|176|16371346|4067|3043
5|176|16184754|3549|2261
28|176|16288622|3864|2701
7|176|16449848|3908|2610
0|176|16613493|3721|2526
4|176|16550369|3969|2689
11|176|16176462|3544|2516
1|176|16142134|3652|2485
10|176|16495934|3937|2796
19|176|16569006|3759|2517
9|176|16382703|4062|2925
13|176|16455306|3881|2738
25|176|16283170|3731|2590
15|176|16427959|4111|2850
23|176|16349550|4070|2862
30|176|16251563|3865|2722
16|176|16371559|3638|2366
14|176|16855617|3436|2337
26|176|16185711|3593|2373
8|176|16175285|3601|2506
24|176|16349184|3937|2780
29|176|16089957|3814|2645
27|176|16328801|3980|2802
18|176|16853984|3241|2099
31|176|16616534|3958|2796
12|176|16521473|3655|2496
21|176|16502697|3807|2661
22|176|16323322|4244|2991
6|176|16518375|3682|2442
17|176|16622239|3154|2029
0|177|17779852|3853|2857
8|177|17563037|3307|2361
16|177|17627072|3597|2678
13|177|17713847|3872|2803
20|177|17893429|3521|2536
25|177|17728916|3693|2657
28|177|17894124|3611|2637
31|177|17566265|3704|2746
2|177|17861051|3943|2777
9|177|17726613|3725|2685
21|177|17474574|3680|2593
4|177|17800762|3828|2818
7|177|17833502|3780|2667
11|177|17792112|3268|2348
15|177|17688703|3500|2495
12|177|17485585|3573|2572
5|177|17836914|3663|2638
14|177|17619888|3253|2248
26|177|17620172|3740|2778
19|177|17759089|4027|2948
10|177|17733959|3787|2677
22|177|17471992|3642|2496
23|177|17687675|3837|2755
27|177|17561294|3564|2549
24|177|17602067|3895|2834
30|177|17684688|3925|2950
29|177|17588561|3426|2482
1|177|17736770|3554|2385
18|177|17565845|3135|2159
3|177|17904046|3772|2888
17|177|17480809|3187|2094
6|177|17438578|3556|2615
1|178|14696059|3342|2468
13|178|15079967|3267|2475
10|178|14833850|3073|2233
21|178|15000782|3322|2457
22|178|14841583|3371|2332
30|178|14807077|3300|2431
6|178|14667488|3438|2604
11|178|14943201|3195|2218
4|178|14962783|3063|2379
3|178|14703974|3617|2525
24|178|14787249|3251|2361
23|178|14819655|3445|2515
8|178|15126674|3437|2560
9|178|14991525|3918|2936
20|178|15090305|3503|2575
7|178|14980891|3752|2880
26|178|14891890|3432|2683
15|178|14950655|3591|2648
27|178|14817237|3134|2299
14|178|14912788|3510|2576
19|178|14880353|3412|2598
2|178|15007746|3387|2610
25|178|15092921|3512|2570
31|178|15073224|3502|2470
28|178|15087878|3730|2899
18|178|14761734|2703|1982
12|178|14909296|3607|2622
16|178|15162154|3211|2247
29|178|14808002|3307|2544
0|178|15193187|3265|2301
5|178|15259656|3078|2102
17|178|15134918|2856|1903
0|179|14455006|3244|2240
2|179|14604706|3434|2408
13|179|14926111|3368|2348
20|179|14747596|3305|2313
25|179|14626612|3383|2471
7|179|14700019|3450|2363
6|179|14837480|3482|2526
4|179|14798749|3175|2289
9|179|14735951|3626|2481
8|179|14753882|3540|2587
10|179|14901684|3389|2300
17|179|14600054|2742|1822
18|179|14709005|3024|1902
15|179|14697080|3432|2420
14|179|14665597|3400|2391
19|179|14648844|3464|2479
3|179|14788855|3397|2298
22|179|15115044|3262|2163
21|179|14909830|3554|2494
26|179|14721535|3471|2395
23|179|14797816|3518|2430
5|179|14448722|3327|2276
24|179|14815275|3405|2272
27|179|14698183|3266|2187
28|179|14602204|3494|2535
1|179|14925215|3586|2469
31|179|14617393|3472|2358
30|179|14906696|3378|2477
29|179|14553539|3641|2571
11|179|14833253|3391|2352
12|179|14533589|3343|2320
16|179|14527593|3426|2360
0|180|13970139|3067|2178
6|180|13890285|3022|2112
10|180|13837557|3040|2154
2|180|13954147|3067|2267
9|180|13899552|2917|2115
18|180|13850648|2536|1634
1|180|13576796|2937|2030
30|180|13638069|2971|2007
12|180|13543261|2979|2090
11|180|13557151|3175|2153
4|180|13865574|3207|2433
13|180|13983535|3064|2144
14|180|13804650|2841|1998
16|180|13540171|2971|2097
21|180|13752290|3062|2194
19|180|13794781|3309|2543
20|180|13989080|3031|2162
3|180|13729374|2953|1963
23|180|13721326|3132|2021
5|180|13698586|3009|1971
22|180|13772733|3112|2183
15|180|13829013|3261|2149
24|180|13693217|3138|2259
26|180|13747165|3172|2117
27|180|13682716|3167|2371
25|180|13986836|3095|2290
29|180|13603350|2814|2016
8|180|13849265|2837|2032
28|180|13679114|3159|2207
31|180|13648744|2638|1806
7|180|13919952|3070|2238
17|180|14293614|2543|1665
4|181|15283829|3609|2739
3|181|15196849|3462|2506
14|181|15280831|3350|2332
11|181|15343594|3700|2682
21|181|15283228|3430|2466
19|181|15273930|3445|2558
29|181|15122787|3048|2124
8|181|15044608|3053|2118
0|181|15439191|3172|2247
6|181|15436334|3275|2475
15|181|15141565|3338|2346
1|181|15375435|3341|2422
5|181|15166495|3170|2234
17|181|14963475|2895|1987
13|181|15298215|3548|2646
20|181|15236462|3198|2169
10|181|15441862|3229|2433
7|181|15001810|3394|2439
16|181|15297425|3478|2475
9|181|15383793|3533|2651
18|181|15420290|2892|2042
23|181|15229901|3210|2293
30|181|15403021|3187|2281
22|181|15204042|3351|2429
12|181|15332579|3210|2340
28|181|15081896|3195|2257
27|181|15148011|3259|2465
24|181|15182605|3465|2502
25|181|15136416|3168|2201
26|181|15173434|3557|2648
2|181|15394948|3393|2522
31|181|15104002|3499|2649
4|182|16811752|3327|2570
6|182|16687705|3028|2106
10|182|16594902|3080|2116
0|182|16708936|3209|2232
3|182|16846209|3278|2495
11|182|16796415|3233|2284
1|182|16718253|3366|2488
8|182|16794607|3315|2403
17|182|16662103|3251|2202
14|182|16833358|3111|2214
20|182|16645425|3392|2275
9|182|16560405|3291|2219
25|182|16453279|3051|2105
23|182|16559096|3273|2396
24|182|16603693|3030|1993
2|182|16430180|3188|2438
18|182|16733203|3085|2249
13|182|16679530|3284|2199
22|182|16550951|3339|2342
19|182|16824862|3347|2421
15|182|16759924|3195|2417
16|182|16582588|2975|2124
21|182|16857722|3286|2229
5|182|16787896|3026|2060
12|182|16794965|3007|2058
26|182|16441442|3074|2244
7|182|16555742|3160|2236
27|182|16658710|3147|2211
28|182|16744114|3203|2294
29|182|17146487|3276|2197
31|182|16515235|2980|2204
30|182|16974482|2900|1966
1|183|17477136|4274|3307
10|183|17538914|4160|3219
17|183|17482899|4038|3072
25|183|17427691|3701|2780
29|183|17194361|3437|2394
7|183|17184335|4408|3536
5|183|17220917|3923|2984
8|183|17482612|4276|3325
11|183|17507037|4094|3142
12|183|17222301|4015|3260
9|183|17416841|4099|3087
14|183|17455180|4156|3262
0|183|17516013|4147|3049
16|183|17267246|3976|3081
15|183|17286010|3789|2751
19|183|17308739|3761|2866
2|183|17338162|4044|3128
21|183|17266596|4184|3199
13|183|17345765|4020|3081
20|183|17451757|3975|2943
3|183|17547253|4247|3328
26|183|17235115|4103|2986
24|183|17396465|3835|3007
18|183|17369732|3760|2785
31|183|17176574|3220|2434
30|183|17111919|3351|2429
27|183|17211035|3627|2793
23|183|17415813|3840|2814
4|183|17548914|3964|3079
22|183|17340791|4192|3126
6|183|17541663|3728|2716
28|183|17358343|3167|2211
1|184|11498337|2864|1819
7|184|11441507|2538|1687
4|184|11069219|2352|1648
15|184|11316880|2571|1719
16|184|11344851|2417|1606
10|184|11544364|2747|1757
14|184|11401700|2645|1795
27|184|11148631|2529|1696
6|184|11050214|2367|1636
23|184|11100281|2561|1738
0|184|11332556|2836|1822
8|184|11442578|2551|1829
19|184|11437796|2504|1623
21|184|11280396|2397|1577
2|184|11296845|2612|1875
13|184|11270574|2355|1606
22|184|11083123|2605|1726
5|184|11441319|2796|1893
29|184|11498911|2327|1609
18|184|11177737|2512|1710
26|184|11214808|2353|1603
11|184|11448909|2553|1731
12|184|11402314|2334|1574
25|184|11519688|2551|1702
3|184|11202627|2433|1677
30|184|11162230|2404|1635
24|184|11218598|2521|1724
28|184|11083480|2464|1568
9|184|11384210|2617|1739
31|184|11190417|2387|1614
20|184|11289802|2593|1861
17|184|11508117|2495|1683
15|185|15145097|3525|2286
6|185|15084005|3117|2035
23|185|15082546|3514|2275
27|185|15138565|3328|2206
9|185|14762763|3262|2109
20|185|14731984|3337|2096
2|185|14984752|3476|2148
1|185|15191462|3479|2190
11|185|14868841|3226|2075
8|185|15032880|3383|2145
13|185|14980434|3391|2147
4|185|15179379|3302|2165
7|185|15169858|3360|2239
19|185|15032691|3410|2255
17|185|14928574|3298|2059
0|185|15065554|3457|2202
31|185|14766807|3124|2002
10|185|15127563|3318|2202
28|185|14798932|3316|2107
21|185|15028427|3346|2081
12|185|14882834|3487|2248
22|185|14983412|3519|2354
14|185|15457785|3326|2049
29|185|14959041|3197|2131
3|185|14816449|3427|2198
5|185|15302145|3152|2017
18|185|15034009|3176|2074
26|185|15096124|3246|2020
16|185|15146175|3368|2192
30|185|15108409|3094|2052
24|185|14824978|3325|2255
25|185|14934559|3272|2098
1|186|13258880|3070|1985
8|186|13260999|3016|2103
4|186|13231652|3039|2143
2|186|13338939|3047|2084
27|186|13405405|3109|2236
11|186|13337658|3088|2074
13|186|13245455|3105|2032
16|186|12987236|2933|1968
7|186|13222762|3264|2192
19|186|13189810|3021|2128
26|186|13007410|3170|2254
6|186|13410610|2982|2069
23|186|13533614|3104|2088
24|186|12972595|3015|2011
20|186|13356144|3158|2099
22|186|13108514|2997|2089
9|186|13339874|3258|2250
10|186|13143070|3156|2121
18|186|13064863|2741|1865
21|186|13173264|3085|1994
3|186|13041929|3165|2203
28|186|13208312|3051|2112
29|186|13131913|2665|1899
30|186|13042014|2843|1900
14|186|13175617|2842|1984
31|186|13285698|3153|2337
5|186|13051454|3018|2041
12|186|13321336|3131|1987
25|186|13176769|2773|1836
0|186|13437802|3099|2077
17|186|13702587|3157|2084
15|186|13917714|3049|2075
4|187|13987584|3153|2503
18|187|13764432|2879|2089
0|187|13606738|3272|2475
5|187|13655763|2938|2178
27|187|14007419|2977|2167
17|187|13563694|2961|2077
19|187|13898335|3352|2499
11|187|13965326|3110|2234
7|187|13895139|3014|2102
9|187|13803948|3077|2344
14|187|13678252|3098|2216
24|187|13846313|3160|2248
13|187|13935445|2854|2132
28|187|13738359|3034|2163
22|187|13831094|2980|2209
16|187|13946166|3103|2323
3|187|13760276|2992|2092
10|187|13803832|2925|2035
12|187|13620369|3034|2205
20|187|13840241|2988|2108
25|187|13651463|2989|2129
1|187|14049677|3065|2213
26|187|13919242|3203|2448
2|187|14025756|2993|2091
31|187|13700700|2956|2273
23|187|13903805|3151|2314
30|187|13741451|3211|2470
8|187|14077862|3034|2132
6|187|13867816|3084|2242
21|187|13885630|2993|2231
15|187|13641647|3016|2058
29|187|13939062|2769|2052
1|188|18472990|3753|2493
10|188|18555625|3957|2613
29|188|18367466|3885|2591
8|188|18441028|3808|2475
27|188|18813358|4390|3066
15|188|18351597|4082|2654
9|188|18684721|4450|3170
3|188|18570613|3821|2459
22|188|18607612|4296|3034
17|188|18754016|4056|2713
14|188|18675052|3793|2441
19|188|18739761|3981|2727
4|188|18838380|4298|3032
16|188|18595097|4108|2843
25|188|18522839|3895|2550
5|188|18773676|3845|2571
0|188|18818796|4354|3037
21|188|18385519|3939|2559
13|188|18642975|4047|2676
24|188|18670337|4026|2655
23|188|18452500|4088|2866
28|188|18639929|3569|2325
2|188|18467007|3852|2481
7|188|18706514|4282|2859
20|188|18553926|4212|2970
31|188|18479207|3956|2715
30|188|18451956|4021|2771
6|188|18371542|4134|2711
26|188|18519466|4005|2684
12|188|18528917|4020|2885
11|188|18717957|3924|2721
18|188|18876600|3898|2619
0|189|12845512|3146|1990
3|189|13001055|2971|1999
12|189|12656111|2859|1816
20|189|12752297|2924|1991
30|189|12743338|2875|1889
25|189|12943621|3120|1964
17|189|12975283|2890|1907
1|189|13216602|3102|2056
16|189|12910900|3109|1969
9|189|13037048|2978|1957
19|189|12930378|2926|1990
18|189|12627253|2899|1859
4|189|13086833|2923|2027
29|189|13108174|3102|2099
15|189|13246235|3106|2054
10|189|13101707|3094|2086
22|189|13003529|3136|2035
23|189|12810300|2911|1934
13|189|12828313|3170|1983
24|189|12853023|2990|2171
27|189|13103590|2848|1821
26|189|12705288|2971|2047
28|189|12825126|2796|1823
2|189|12756054|2901|1914
31|189|12763768|2760|1878
5|189|12931030|2829|1818
11|189|12637208|3063|2136
8|189|13153539|3049|1947
6|189|12682864|2987|1946
21|189|12958684|3218|2052
7|189|12753120|3128|2106
14|189|12971542|2935|2046
4|190|14930773|3559|2461
6|190|14710531|3583|2457
17|190|15054714|3454|2426
18|190|14994331|3393|2262
0|190|15111204|3432|2371
9|190|15060919|3368|2310
15|190|14923805|3612|2540
12|190|15108167|3421|2294
5|190|14762779|3382|2211
3|190|15127659|3667|2636
11|190|14755201|3473|2471
23|190|14888999|3424|2453
21|190|14713680|3314|2221
22|190|14902477|3453|2222
16|190|15030839|3286|2269
10|190|14905596|3322|2272
26|190|14841881|3382|2274
8|190|14755817|3668|2554
27|190|14860577|3355|2207
13|190|14892177|3526|2354
31|190|14802847|3490|2296
24|190|14881908|3324|2396
20|190|15116506|3524|2267
25|190|15097118|3272|2110
7|190|14680029|3379|2479
19|190|15025645|3748|2749
1|190|15028057|3320|2215
30|190|15144122|3838|2670
29|190|15039858|3066|1931
28|190|14916986|3313|2160
2|190|15028363|3292|2136
14|190|14921859|3212|2060
1|191|15952247|3689|2527
14|191|15891048|3667|2627
0|191|16315791|3532|2437
17|191|16390338|3837|2804
26|191|16187606|3782|2767
5|191|16261828|3431|2308
7|191|16003596|3516|2449
21|191|16308070|3634|2482
11|191|16241052|3531|2493
16|191|16173530|3459|2351
10|191|16156630|3434|2384
2|191|15914054|3516|2508
12|191|16290304|3462|2373
19|191|15998003|3422|2367
4|191|16385308|3616|2378
13|191|16103839|3456|2411
22|191|16203688|3359|2276
9|191|16341349|3555|2660
15|191|16325593|3646|2645
18|191|16377058|3575|2442
3|191|16241671|3559|2511
23|191|16253249|3789|2763
24|191|16091248|4063|2942
28|191|15971533|3324|2166
25|191|16073795|3465|2392
29|191|15994835|3342|2267
20|191|16090319|3702|2709
6|191|16371901|3708|2576
27|191|16164028|3506|2552
30|191|16009243|3368|2240
31|191|16136073|3355|2426
8|191|16117371|3430|2283
3|192|15101726|3743|2380
11|192|15304191|3483|2367
7|192|15326231|3370|2231
4|192|15201894|3524|2339
0|192|15407216|3506|2273
2|192|15253022|3501|2341
9|192|15163193|3536|2308
10|192|15276428|3342|2210
12|192|15244973|3393|2238
8|192|14962593|3396|2240
16|192|15297395|3524|2369
6|192|15004538|3255|2238
1|192|15447385|3720|2509
15|192|15169338|3418|2165
5|192|15416541|3401|2164
29|192|15300858|3206|2047
23|192|15371792|3404|2174
31|192|15252893|3422|2318
24|192|15338049|3161|2056
25|192|15307868|3347|2185
22|192|15429361|3460|2287
19|192|15449666|3296|2156
27|192|15354430|3308|2052
30|192|15255002|3285|2211
21|192|15551998|3382|2215
20|192|15271994|3395|2160
28|192|15376539|3387|2110
18|192|15440002|3352|2096
17|192|15691902|3589|2292
26|192|15629017|3596|2401
14|192|15803950|3390|2169
13|192|15580477|3275|2096
8|193|14535573|3351|2255
15|193|14495666|3305|2268
19|193|14398095|3420|2396
22|193|14431045|3186|2292
3|193|14712650|3494|2341
7|193|14672052|3274|2175
6|193|14521518|3371|2330
1|193|14488260|3247|2235
21|193|14337177|3272|2134
11|193|14710051|3333|2184
16|193|14548524|3161|2179
0|193|14653272|3588|2550
10|193|14599735|3280|2201
9|193|14620762|3341|2241
18|193|14317833|3341|2218
5|193|14456382|3293|2133
26|193|14290828|3128|2199
24|193|14452643|3514|2474
25|193|14439582|3137|2005
31|193|14485146|3379|2223
20|193|14636052|3219|2082
29|193|14515599|3233|2260
23|193|14501706|3241|2263
4|193|14653537|3471|2257
27|193|14429432|3301|2303
2|193|14686766|3481|2273
12|193|14671166|3149|2165
13|193|14341003|3021|2049
17|193|14414678|3297|2062
14|193|14503672|2838|1860
28|193|14786521|3126|2092
30|193|14399260|3396|2318
8|194|17542959|3970|2715
10|194|17369117|3696|2413
21|194|17446623|3855|2710
11|194|17457084|3587|2336
31|194|17306206|4055|2847
2|194|17137491|3792|2535
25|194|17364018|3754|2500
28|194|17185445|3585|2308
13|194|17112287|3901|2621
7|194|17477979|3875|2681
6|194|17468398|3913|2625
16|194|17404174|4047|2782
14|194|17090098|3593|2500
1|194|17457683|4263|2991
5|194|17296451|3564|2211
19|194|17522217|4054|2718
15|194|17547619|3756|2585
29|194|17226895|3769|2570
22|194|17528321|4080|2798
20|194|17248407|3741|2504
23|194|17205957|3960|2571
24|194|17304022|3831|2675
30|194|17081241|3512|2320
18|194|17356277|3894|2597
27|194|17187582|3712|2442
9|194|17378233|3762|2453
3|194|17475491|3874|2551
26|194|17338636|4274|3008
0|194|17371473|4004|2787
17|194|17088487|3680|2465
12|194|17124750|3952|2761
4|194|17172956|3972|2714
4|195|16753174|3908|2470
14|195|17053557|4018|2568
25|195|17171908|4063|2613
22|195|16998560|4002|2595
24|195|16982239|3852|2511
13|195|17111247|3927|2551
11|195|17199824|4181|2749
2|195|17159432|4103|2667
15|195|16999959|4050|2627
17|195|16804045|3931|2549
21|195|17222303|3814|2504
6|195|17071331|4132|2669
19|195|17021747|3775|2429
18|195|16903909|4054|2592
20|195|16970919|3894|2425
9|195|17108648|3785|2315
23|195|16960158|3759|2300
28|195|17407246|3507|2074
3|195|16876290|3734|2424
0|195|16844320|3809|2388
5|195|17013488|3836|2340
12|195|16820741|3781|2471
16|195|17107663|4041|2666
31|195|17230506|3902|2466
10|195|17221321|3897|2451
29|195|17021758|3816|2377
30|195|16958949|3919|2551
26|195|16883159|3958|2544
1|195|17031029|4055|2618
27|195|17085186|3647|2177
7|195|17122270|4145|2592
8|195|17279146|4008|2680
8|196|15910755|3493|2227
0|196|16112036|3680|2397
23|196|16182315|3709|2257
15|196|16277179|3914|2671
10|196|16036888|3759|2445
17|196|16357334|3412|2081
9|196|16174288|3549|2304
14|196|16407525|3683|2328
2|196|16314512|3740|2485
3|196|16135591|3611|2252
22|196|16373929|3717|2369
19|196|16224417|3664|2416
11|196|16322147|3774|2592
1|196|15962367|3615|2364
6|196|16247910|3733|2472
7|196|15955077|3692|2354
26|196|16014543|3637|2306
13|196|16350845|3797|2427
29|196|16049645|3585|2238
21|196|16270237|3690|2250
18|196|16229027|3665|2376
4|196|16416177|3758|2510
27|196|15990548|3522|2271
24|196|16387651|3700|2407
31|196|16085208|3566|2244
30|196|16043448|3691|2376
25|196|16414498|3750|2331
20|196|16268899|3614|2314
16|196|16068755|3720|2488
5|196|16223495|3620|2197
28|196|16364982|3674|2339
12|196|16337354|3401|2088
0|197|13251734|3051|2067
3|197|13124886|3077|2125
22|197|13118572|3096|2096
13|197|12999795|2994|1926
28|197|12845007|2930|1926
2|197|13142528|2962|2034
5|197|12813874|3048|1920
30|197|12988825|3074|2012
6|197|13042969|3114|2023
17|197|13196635|3018|2147
14|197|13168466|3140|2077
16|197|12839476|3007|1944
11|197|13091054|3151|2108
8|197|13293444|2939|2005
7|197|13029588|3002|2136
15|197|13227011|3151|2119
12|197|12803406|2909|1860
18|197|12976342|3033|2058
23|197|13262234|3154|2046
10|197|13221775|3129|2171
24|197|12933693|2793|1855
25|197|12888864|2926|1897
26|197|13051130|3015|2007
29|197|13031272|3014|1999
27|197|12967429|3137|2111
4|197|12940274|3136|2115
31|197|12951560|3052|2124
9|197|13270938|3002|1980
20|197|12946358|3104|2066
21|197|13079644|3032|1940
1|197|13068886|3049|2119
19|197|13225958|3049|2050
4|198|12952432|2922|2023
8|198|13157962|2929|1971
6|198|13254191|2590|1891
14|198|13245128|2686|1839
24|198|13097889|2930|2106
23|198|13150761|3343|2201
30|198|13335272|3030|2153
10|198|13088748|2971|2000
29|198|13103594|3106|2048
18|198|13214267|2836|1872
2|198|13320159|2880|2083
15|198|13169783|2842|1875
9|198|12970578|2874|2024
22|198|13384480|3143|2093
3|198|13356586|2915|1985
25|198|13072939|2884|1948
16|198|13242581|2969|2003
20|198|12971764|3031|2231
0|198|13383306|3122|2279
19|198|12928212|3079|2186
17|198|13281870|3006|2028
26|198|13077458|3014|1996
11|198|13235848|3011|2134
27|198|13051346|2952|2184
31|198|13020339|2769|1892
7|198|13164196|2752|1843
1|198|12877119|3132|2092
21|198|13008152|3105|2018
5|198|13373548|3019|2061
13|198|13354718|2964|2140
12|198|13144230|2826|1965
28|198|13455798|3051|2062
0|199|18920169|4069|2891
6|199|19164909|4364|3507
17|199|18915491|3856|2887
19|199|18961566|3919|2862
1|199|18789241|3727|2727
31|199|18919806|3945|2881
23|199|19222700|4002|2862
2|199|19060921|4365|3380
10|199|19101301|3742|2707
3|199|18987732|3780|2782
11|199|18872209|3967|2817
14|199|19168121|3675|2590
9|199|19044712|4186|3172
12|199|18752100|3855|2692
16|199|18994268|4304|3276
4|199|19192336|3975|3055
13|199|18791577|4212|3360
21|199|18823719|4196|2953
22|199|19059728|4051|3108
18|199|19377121|3472|2481
8|199|19174919|4025|2961
26|199|18949115|3898|2708
24|199|19205480|3957|2865
28|199|18795979|4072|3075
29|199|19161767|4000|2834
27|199|18921844|3672|2632
20|199|19029198|4175|3042
30|199|19192370|3914|2913
25|199|19066723|3539|2438
5|199|18763460|3934|2823
7|199|18816730|4284|3214
15|199|19088301|4126|3085
2|200|16907108|3906|2980
8|200|16732287|3632|2557
15|200|16587642|3737|2647
26|200|16768678|3361|2369
29|200|16728002|3479|2513
3|200|16877076|3896|2856
5|200|16582201|3607|2659
7|200|16572286|3798|2721
17|200|17010658|3911|3010
9|200|16857455|3480|2558
16|200|16826773|3560|2657
0|200|17030699|3794|2797
19|200|17007084|3644|2589
1|200|16980629|3970|3066
13|200|16811015|3593|2693
6|200|17057591|3983|2954
22|200|16783116|4001|2895
18|200|16778280|3671|2654
10|200|16894813|3707|2809
24|200|16735383|3320|2412
23|200|16983118|3166|2211
20|200|16674401|3696|2496
12|200|16823999|3603|2575
31|200|17009544|3764|2759
28|200|16739920|3682|2682
4|200|16862807|3554|2514
14|200|16932146|3135|2115
11|200|16870629|3650|2655
21|200|16857380|3457|2360
25|200|16884722|3048|2063
30|200|16946004|3585|2593
27|200|17239696|3029|2061
0|201|18665489|3754|2468
1|201|18668260|4200|3053
31|201|18544811|4087|2901
7|201|18732408|3944|2754
4|201|18559142|3686|2460
13|201|18622967|3888|2740
12|201|18502445|3845|2687
9|201|18849230|3186|2078
14|201|18602859|3966|2815
6|201|18604322|4111|2849
15|201|18829611|3764|2499
11|201|18442492|4085|2845
10|201|18578946|3963|2802
20|201|18535451|4230|3038
26|201|18826240|3812|2606
18|201|18604631|3801|2651
25|201|18425073|3653|2458
24|201|18574149|3610|2484
19|201|18687751|4073|2878
3|201|18760036|4084|2971
28|201|18509725|3944|2690
27|201|18304802|3991|2883
30|201|18423374|3823|2655
17|201|18762942|3972|2814
22|201|18634038|4064|2784
23|201|18578631|3989|2809
29|201|18849047|4190|2884
16|201|18682944|3835|2664
8|201|18836568|3987|2797
5|201|18886201|3831|2754
2|201|18866108|4100|2914
21|201|18424190|4123|2827
8|202|20574240|4847|3373
14|202|20923189|4244|2877
7|202|20966791|5028|3581
21|202|20598033|4674|3234
10|202|20837560|4735|3320
2|202|20550127|4894|3465
11|202|20855635|4669|3192
0|202|21049275|4904|3384
29|202|20784082|4551|3077
15|202|20881810|4712|3181
16|202|20611405|4571|3072
6|202|20899672|4943|3387
13|202|20964315|4114|2648
19|202|20743164|4760|3370
17|202|20676564|3920|2479
18|202|20807452|4786|3356
5|202|20580338|4773|3386
12|202|20961299|4810|3246
22|202|20674239|4587|3103
24|202|20779124|4175|2720
20|202|20846830|4602|3135
9|202|20952216|4119|2727
31|202|21027126|4681|3206
30|202|20712643|4611|3230
3|202|20708430|4730|3281
25|202|20805301|4445|2984
27|202|20733356|3917|2510
23|202|20682140|4639|3228
28|202|20756093|4728|3216
4|202|20953673|4583|3099
26|202|20866808|4140|2688
1|202|21024273|4139|2685
11|203|20757039|4303|2783
15|203|20737531|4530|3017
24|203|20608860|4426|2936
27|203|20529917|3967|2598
14|203|20972822|4073|2694
18|203|20616334|3917|2470
2|203|20781168|4180|2711
21|203|20828306|4610|3062
16|203|20696790|4672|3178
7|203|20847242|4252|2775
9|203|20523896|4310|2807
23|203|20450037|4025|2542
22|203|20585520|3818|2337
6|203|20703633|4543|3029
13|203|20686810|4342|2853
4|203|20423671|4813|3272
20|203|20569412|4576|3141
26|203|20414259|4288|2810
0|203|20775457|4575|3062
31|203|20542877|4091|2638
10|203|20804276|4421|2930
30|203|20533931|4244|2774
28|203|20458685|4395|2864
19|203|20688470|4492|3086
17|203|20675635|4685|3209
8|203|20929532|4061|2582
5|203|20603335|4308|2870
12|203|20590505|4233|2762
25|203|20549912|4323|2759
3|203|20478802|4212|2686
1|203|20527557|4343|2872
29|203|20922969|4186|2743
4|204|28085029|5573|3936
0|204|28039674|5259|3703
19|204|28002661|4932|3345
6|204|28124749|4655|3036
3|204|27877654|5222|3582
10|204|28012439|5556|3957
7|204|28189053|5283|3689
1|204|27863632|4406|2782
12|204|27910960|4685|3090
8|204|27937348|5160|3507
13|204|28118250|5165|3591
16|204|28212908|5328|3718
11|204|28367870|4920|3420
15|204|28350535|5616|4023
5|204|27938391|5747|4153
23|204|28189940|5483|3907
17|204|27986775|5210|3547
18|204|28300524|5073|3479
24|204|28350291|4995|3440
22|204|28188902|5549|3880
2|204|28237705|5408|3770
26|204|28115267|4944|3257
29|204|27904576|4466|2872
28|204|28035116|5249|3560
20|204|28139881|4706|3067
25|204|27952796|4361|2733
31|204|28083827|5282|3678
30|204|28056007|5513|3917
27|204|28382512|5712|4126
21|204|28311680|4118|2526
14|204|28399760|5097|3481
9|204|28328936|5705|4111
4|205|24574543|5161|3557
23|205|24336555|4682|3214
30|205|24157138|4900|3355
0|205|24558902|5059|3624
7|205|24465632|5324|3836
6|205|24511895|5153|3726
12|205|24418695|5007|3473
10|205|24480878|4258|2774
14|205|24053801|4564|3196
13|205|24397085|4758|3383
2|205|24220055|5130|3674
9|205|24033695|4996|3562
5|205|24325203|4682|3165
15|205|24345179|4821|3325
1|205|24450686|4973|3508
27|205|24376371|4090|2580
16|205|24391752|4973|3458
18|205|24302950|4813|3279
20|205|24177020|4968|3527
17|205|24319690|5153|3668
22|205|24268523|5050|3629
21|205|24097581|4750|3335
24|205|24287502|5013|3501
3|205|24486274|4333|2785
19|205|24576600|5064|3652
25|205|24173344|4745|3332
26|205|24253165|4934|3401
28|205|24220265|5056|3605
29|205|24238347|4862|3427
31|205|24164518|4903|3559
11|205|24355304|4841|3308
8|205|24422263|5085|3578
1|206|23303660|5137|3849
20|206|23271029|4959|3469
26|206|23160498|4712|3301
29|206|23154653|4480|3110
8|206|23031426|4351|2924
0|206|23522956|5149|3658
2|206|23381948|5004|3514
9|206|23366263|4775|3259
6|206|23483019|5088|3635
11|206|23051721|5259|3743
7|206|23498455|4802|3293
10|206|23442237|3962|2578
16|206|23292562|4726|3310
14|206|23428232|4932|3447
12|206|23466243|5027|3534
15|206|23345995|5066|3651
13|206|23401743|5001|3627
19|206|23170610|4934|3496
5|206|23341827|5018|3504
21|206|23228263|4890|3478
17|206|23265976|4996|3587
23|206|23586591|4312|3047
22|206|23255975|4664|3220
24|206|23220396|4844|3408
18|206|23302108|4775|3301
27|206|23768824|3838|2396
31|206|23114948|5174|3715
4|206|23571193|4679|3114
28|206|23157967|4877|3411
3|206|23158767|5019|3566
30|206|23625044|5117|3648
25|206|23174847|4525|3090
5|207|22877873|4087|2655
0|207|23140023|4396|2996
20|207|23262551|4381|2893
24|207|22868863|4181|2847
8|207|23158930|3999|2575
23|207|22948977|4234|2893
4|207|22752458|4343|2828
10|207|23022663|3547|2200
7|207|23043039|4330|2967
9|207|23093518|4068|2649
16|207|23012102|3948|2534
2|207|23093486|4469|3034
11|207|23076705|4414|2959
21|207|22900416|4153|2781
14|207|23010771|4256|2816
12|207|22996710|4307|2934
13|207|22967223|4370|2957
26|207|23227284|4226|2840
15|207|22986513|4153|2755
25|207|22725951|4245|2836
22|207|22877145|3960|2544
1|207|23227584|4364|2908
19|207|22967736|4357|2949
29|207|23234005|4168|2792
17|207|22919994|4269|2972
28|207|22794565|4011|2595
3|207|22705272|4291|2824
31|207|22838191|4312|2874
18|207|22868697|4560|3138
30|207|22770063|4104|2806
6|207|23067089|4488|3031
27|207|23010332|3453|2161
7|208|27533556|5685|4295
18|208|27231497|5071|3647
31|208|27277782|5399|3980
10|208|27611158|4276|2969
20|208|27741372|4790|3492
26|208|27491612|5552|4112
1|208|27331157|5019|3510
8|208|27622680|4956|3556
14|208|27455583|5580|4184
15|208|27395639|4452|3076
6|208|27185990|4915|3456
28|208|27289991|5367|3993
4|208|27625554|5413|3906
29|208|27329898|5673|4137
3|208|27288278|4703|3327
9|208|27790885|5722|4142
19|208|27366763|5598|4212
5|208|27708823|5551|4116
27|208|27231457|4615|3094
23|208|27672411|5105|3644
12|208|27492277|5323|3874
24|208|27704812|4805|3392
30|208|27265295|5562|4286
0|208|27682012|5756|4302
25|208|27440959|5739|4270
13|208|27415825|5876|4315
22|208|27428127|4574|3257
21|208|27544975|4808|3450
17|208|27284967|5671|4197
11|208|27524749|4547|3180
2|208|28132447|5643|4210
16|208|28172869|5509|4118
0|209|19463600|4431|3162
15|209|19736792|3996|2764
25|209|19503710|3890|2628
5|209|19589075|3852|2685
8|209|19751247|4306|3194
6|209|19709205|4109|2875
7|209|19887830|4430|3197
10|209|19835662|3874|2638
2|209|19256351|3895|2687
13|209|19455747|3900|2688
11|209|19393430|4083|2892
9|209|19627302|4137|2789
14|209|19751751|3851|2641
12|209|19542805|3965|2726
4|209|19662138|4456|3075
19|209|19635911|3951|2688
17|209|19422792|3692|2585
3|209|19669114|4102|2855
18|209|19883585|4038|2795
22|209|19457191|3757|2539
21|209|19449610|3548|2320
26|209|19832508|4113|2893
20|209|19837340|3701|2574
30|209|19538799|3938|2729
27|209|19603279|3636|2449
28|209|19737456|3993|2737
23|209|19581021|3857|2631
1|209|19756893|4325|3026
31|209|19890821|4335|3054
29|209|19705432|4051|2821
16|209|19269307|3951|2803
24|209|19697846|3495|2222
0|210|17852483|4150|2758
4|210|17631344|3936|2512
13|210|17724926|3801|2440
27|210|17498043|3875|2474
23|210|17494432|4121|2735
1|210|17423240|3945|2447
30|210|17575960|3840|2392
8|210|17900082|3829|2395
10|210|17765882|4131|2623
5|210|17828530|4094|2576
7|210|17759983|4002|2626
22|210|17570608|4169|2705
17|210|17619854|3911|2447
11|210|17719609|4205|2718
2|210|17720594|4017|2515
28|210|17490659|4120|2691
25|210|17866138|3963|2732
18|210|17617044|3967|2404
16|210|17426094|4085|2636
12|210|17647813|4029|2507
21|210|17612983|3746|2288
29|210|17481995|3726|2247
6|210|17787256|4019|2625
26|210|17620558|3991|2559
3|210|17572892|3868|2482
9|210|17825049|4026|2695
24|210|17691775|3632|2108
20|210|17863269|3794|2262
14|210|18035183|3907|2413
15|210|18229294|3760|2348
31|210|17799433|4006|2551
19|210|18121500|3810|2409
2|211|19400796|3997|2640
21|211|19331709|3853|2447
18|211|19409332|3819|2525
5|211|19477617|4065|2656
6|211|19270143|3970|2763
1|211|19547641|3953|2576
10|211|19499315|4107|2706
8|211|19527156|3878|2488
12|211|19327845|3927|2576
0|211|19632034|4071|2725
15|211|19175061|3748|2492
16|211|19347835|4415|2971
9|211|19232644|4267|2895
25|211|19630714|3398|2065
13|211|19624226|3823|2481
14|211|19194922|4113|2603
17|211|19457199|4158|2741
7|211|19475207|3738|2525
19|211|19150120|4037|2687
11|211|19419674|4043|2745
24|211|19247993|4028|2703
22|211|19487933|4164|2680
23|211|19611935|4205|2852
20|211|19236613|3998|2636
29|211|19327639|3931|2661
27|211|19627068|3997|2746
30|211|19583013|3922|2494
28|211|19430491|4306|2953
26|211|19305491|3823|2453
31|211|19207514|4006|2552
3|211|19235884|4531|3148
4|211|19622783|4134|2841
1|212|19366096|3908|2592
11|212|19161841|4086|2783
8|212|19376432|4002|2852
13|212|19272561|4023|2728
30|212|19107097|4013|2743
10|212|19364767|4640|3380
6|212|19398378|4356|3074
0|212|19321272|4103|2779
12|212|19339341|4217|2897
5|212|19401180|3974|2650
16|212|19299251|3956|2796
15|212|19322003|4060|2820
4|212|18981784|3728|2466
14|212|19239034|3964|2671
19|212|19192802|4287|2942
17|212|19227642|4013|2853
3|212|18964561|3934|2688
20|212|19120875|3925|2606
26|212|19044009|3862|2604
23|212|19143599|3649|2494
2|212|19485320|4410|3012
21|212|19510085|3832|2485
22|212|19160056|3973|2753
24|212|19174023|4052|2685
18|212|19489072|3759|2405
27|212|19094564|3840|2606
25|212|19298578|3787|2594
28|212|19069956|3993|2791
29|212|19121489|3989|2704
31|212|19053648|3800|2456
7|212|19179666|4025|2601
9|212|19377624|4110|2788
1|213|14756382|3029|2170
10|213|14658873|3040|2114
11|213|14779334|3242|2275
24|213|14386625|3110|2159
25|213|14363905|2875|2022
12|213|14617056|3047|2107
5|213|14602911|3056|2171
3|213|14459241|2853|1979
27|213|14439183|2903|2068
15|213|14570184|3085|2080
19|213|14516428|2527|1826
9|213|14385033|2960|2028
26|213|14459375|3181|2245
7|213|14429500|3134|2084
31|213|14281887|3041|2165
17|213|14516823|3225|2276
21|213|14624040|2851|2057
28|213|14322277|2953|2046
0|213|14625163|3064|2183
29|213|14317760|2926|2103
20|213|14513610|3125|2214
8|213|14753789|3150|2220
30|213|14747853|2801|1821
13|213|14797157|3002|2079
6|213|14645014|2974|2111
18|213|14362882|3004|2178
23|213|14587240|2880|2047
4|213|14534399|3143|2232
2|213|14603222|2893|2068
16|213|14771030|2770|1944
22|213|14593417|3059|2063
14|213|14548572|3130|2251
2|214|15172620|3175|2238
19|214|15495162|2932|1978
14|214|15165591|3361|2390
18|214|15278162|3271|2359
22|214|15206369|3379|2364
20|214|15385958|3220|2150
12|214|15552220|3370|2231
11|214|15609638|3246|2208
15|214|15501644|3695|2722
6|214|15253000|3330|2335
5|214|15527802|3387|2269
8|214|15316383|3381|2473
23|214|15237013|3480|2408
13|214|15283322|3370|2412
21|214|15419361|3347|2403
9|214|15499467|3355|2365
30|214|15531330|2933|1807
27|214|15551054|3345|2436
24|214|15622639|3240|2288
26|214|15493146|3581|2656
10|214|15661773|3874|2883
29|214|15374963|3399|2321
17|214|15457267|3616|2723
3|214|15513070|3384|2377
4|214|15257118|3125|2139
16|214|15226534|3566|2515
28|214|15432903|3517|2538
25|214|15622665|3505|2584
31|214|15467292|3395|2399
0|214|15340917|3302|2243
7|214|15433958|3448|2478
1|214|15624538|3394|2321
1|215|17339648|3686|2567
0|215|17396065|3795|2670
22|215|17812437|3938|2727
17|215|17553997|3816|2709
12|215|17746963|3451|2412
25|215|17496000|3517|2352
11|215|17821376|3777|2578
7|215|17380827|3857|2796
10|215|17539866|4187|3102
2|215|17852448|4031|2816
3|215|17467248|3675|2566
8|215|17690821|3807|2830
6|215|17721851|3992|2910
4|215|17491793|3834|2688
18|215|17824384|3988|2842
21|215|17651954|3633|2473
29|215|17551672|3636|2494
9|215|17594979|4013|2846
24|215|17600221|4009|2911
27|215|17616102|3474|2409
13|215|17680104|3998|2876
31|215|17454844|4227|3010
26|215|17606315|3469|2389
16|215|17525050|3851|2849
14|215|17799382|3648|2446
28|215|17514567|3672|2636
5|215|17690291|3989|2765
23|215|17740731|4407|3357
15|215|17720252|3933|2826
30|215|17865148|3077|1999
20|215|18095409|3396|2397
19|215|18177101|2973|2068
4|216|19963806|3745|2594
10|216|20074168|4064|3115
9|216|19941503|4027|3045
31|216|19903349|3554|2478
8|216|20007480|3887|2788
12|216|20119054|3393|2388
0|216|20165594|3835|2915
19|216|19820483|3249|2168
7|216|20077626|4283|3318
2|216|20049203|4038|3090
11|216|20113586|3574|2508
20|216|19724918|3875|2890
5|216|19758932|3953|2802
6|216|20019598|3906|2982
27|216|19908426|3776|2639
14|216|19830076|3883|2822
16|216|19852127|3719|2670
30|216|19761377|3041|2046
24|216|19935359|3683|2691
1|216|20173397|3992|2865
28|216|19828373|4023|2815
21|216|19985210|3405|2399
25|216|20157341|4086|2929
23|216|19803172|3765|2729
29|216|19976777|3682|2579
17|216|20185882|4225|3027
18|216|20016539|3990|3043
26|216|19892620|3900|3049
15|216|19799725|3897|2923
3|216|20021403|3845|2843
22|216|20220786|3650|2612
13|216|19867652|3633|2601
6|217|22286763|4556|3232
28|217|22196532|4557|3169
29|217|22135725|4224|2838
11|217|22337843|4528|3117
16|217|22240049|4777|3402
0|217|22409007|4771|3479
14|217|22263306|4455|3082
17|217|22088654|4458|3144
13|217|21996328|4530|3229
7|217|22386631|4845|3446
4|217|22525212|4747|3435
5|217|22320968|4867|3426
23|217|22136644|4439|3073
24|217|22224239|4484|3226
2|217|22379071|4954|3677
8|217|22454807|4477|3069
3|217|22043838|4517|3161
15|217|22061694|4624|3141
12|217|22447169|4714|3366
10|217|22520702|4394|3156
18|217|22094834|4622|3219
1|217|22185475|4402|3057
27|217|22308530|4773|3332
19|217|22432683|3673|2411
9|217|22469247|4710|3263
21|217|22195569|4388|3026
26|217|22092301|4529|3212
22|217|22047300|4407|3063
31|217|22508812|4580|3154
30|217|22267375|3667|2477
25|217|22187972|4340|3066
20|217|22379753|4418|3018
0|218|20664014|4873|3419
6|218|20784501|4921|3349
26|218|20370669|4723|3312
28|218|20807937|4588|3182
5|218|20564067|4545|3043
19|218|20468475|3764|2398
7|218|20599077|5245|3846
9|218|20370075|4694|3221
12|218|20464945|4966|3433
16|218|20701822|4928|3426
13|218|20628682|4708|3228
14|218|20675336|4766|3312
30|218|20491744|3684|2349
4|218|20601876|4581|3073
17|218|20654599|4907|3357
18|218|20448529|4751|3372
3|218|20476563|4790|3332
20|218|20270418|4414|3052
24|218|20564665|4647|3125
11|218|20747946|4815|3326
23|218|20579710|4885|3553
10|218|20470500|5224|3840
22|218|20348468|4467|2934
1|218|20401110|4769|3388
25|218|20304289|4872|3301
21|218|20393403|4367|2909
27|218|20446810|4442|3009
2|218|20518008|4820|3363
29|218|20804875|4697|3275
31|218|20377125|4638|3229
8|218|20503610|4808|3295
15|218|20490734|4648|3221
2|219|18411057|4369|3054
10|219|18545918|3850|2582
23|219|18582931|4172|2856
3|219|18638829|4201|2929
9|219|18851093|4269|2940
17|219|18752291|4177|3001
25|219|18566611|3960|2630
5|219|18833056|4119|2851
6|219|18920719|4360|3048
8|219|18396989|4032|2881
12|219|18798248|3961|2843
21|219|18490639|4117|2843
27|219|18480500|4381|3321
18|219|18703219|3935|2684
20|219|18659467|4174|2912
14|219|18765828|3840|2679
26|219|18934294|4283|2994
0|219|18917096|4448|3136
29|219|18463483|3926|2784
15|219|18414205|3891|2559
13|219|18794117|3972|2797
24|219|18647344|3870|2762
31|219|18450746|4057|2794
22|219|18577063|4223|2832
16|219|18817117|4118|2869
11|219|18638956|3892|2720
4|219|18694232|3739|2626
1|219|18506366|3984|2837
7|219|18824659|4263|3002
28|219|18971700|4359|3161
19|219|19064762|3666|2382
30|219|19319087|3430|2185
3|220|21182017|4737|3405
1|220|20826966|4766|3411
25|220|21192652|4389|3129
6|220|21172097|5060|3828
31|220|20968995|4408|3142
28|220|20869117|4873|3660
4|220|20832603|4947|3606
8|220|21103462|4564|3236
30|220|20769999|3783|2508
23|220|21238517|4945|3634
7|220|20820560|5015|3755
2|220|21269650|4777|3577
16|220|20887486|4623|3430
17|220|21202863|4385|3034
18|220|21074089|4654|3321
21|220|21107701|4429|3077
12|220|21122693|4612|3321
20|220|21063655|4866|3432
15|220|20978108|4740|3604
14|220|21045229|4601|3239
22|220|20914115|4594|3302
27|220|21102401|4779|3521
5|220|21136918|4217|2876
24|220|20956943|4460|3059
13|220|20979924|4598|3335
0|220|20977743|4597|3277
26|220|21056285|4749|3399
10|220|21224248|4809|3500
29|220|21050872|4539|3214
11|220|20846870|4514|3007
9|220|21201697|4551|3306
19|220|21114724|3742|2443
0|221|16100794|3856|2579
2|221|16352285|3914|2752
15|221|16260130|3813|2664
22|221|16240813|3818|2652
29|221|16114456|3407|2258
11|221|16046996|3733|2409
4|221|16448107|3764|2763
1|221|16521439|3945|2723
9|221|16128328|3055|1925
8|221|16454307|3607|2409
10|221|16096288|3263|2122
13|221|16149753|3826|2514
12|221|16290541|3702|2518
16|221|16367253|3884|2678
17|221|16349780|4027|2780
18|221|16336676|3859|2782
14|221|16248383|3584|2432
3|221|16552548|3819|2845
20|221|16289398|3593|2469
23|221|16437152|3889|2757
19|221|16051626|2931|1949
5|221|16158068|3420|2321
24|221|16199138|3440|2396
28|221|16532517|3585|2534
31|221|16543362|3672|2565
26|221|16154915|3520|2403
6|221|16502535|3578|2606
27|221|16244838|3414|2386
25|221|16584816|3640|2413
30|221|16473001|3917|2766
21|221|16405991|3403|2259
7|221|16383097|3611|2503
4|222|17862981|3854|2726
8|222|17833661|4016|3012
14|222|17737743|4048|2873
11|222|17887917|3999|2844
24|222|17668749|4072|2820
29|222|17968917|4166|2943
10|222|17813934|3933|2754
3|222|17700818|4307|3124
7|222|17483399|4299|3010
15|222|17940333|4061|2847
0|222|17963338|4350|3286
2|222|17961580|4378|3070
12|222|17796870|4206|2924
13|222|17815134|4170|2924
17|222|17766195|4411|3213
16|222|17786430|4004|2942
5|222|17631737|3878|2744
20|222|17723847|4287|2966
18|222|17773146|4065|2881
21|222|17537286|3852|2572
22|222|17965728|4102|2941
1|222|17856214|4213|3127
19|222|18001734|3534|2292
26|222|17631092|4231|3115
30|222|17571109|4179|3036
31|222|17652431|4137|2902
23|222|17733996|4160|2990
27|222|17610041|4102|2982
6|222|17560471|3861|2791
25|222|17677487|3902|2675
9|222|18026654|3407|2324
28|222|17656114|4064|2735
0|223|14737879|3502|2485
4|223|14919382|3352|2591
3|223|14800886|3306|2313
1|223|14577181|3172|2235
18|223|14663479|3616|2634
27|223|14550246|3362|2375
28|223|14491297|3127|2116
6|223|14562380|3108|2259
7|223|14886382|3011|2083
17|223|14799721|3552|2266
14|223|14917985|3431|2417
16|223|14700261|3609|2549
21|223|14639510|3250|2180
20|223|14678164|3492|2501
19|223|14751336|2918|1919
23|223|14543090|3704|2801
25|223|14501394|3401|2415
22|223|14640168|3517|2428
26|223|14598186|3321|2269
8|223|14950983|3206|2148
9|223|14494137|2657|1786
24|223|14915510|3480|2401
30|223|14596378|3666|2613
29|223|14902181|3692|2791
12|223|14727640|3711|2736
13|223|14773506|3480|2379
31|223|14590833|3458|2396
2|223|14746306|3572|2550
11|223|14875093|3217|2371
10|223|14820675|3413|2406
15|223|14797025|3691|2814
5|223|14661948|3376|2412
1|224|14776754|3369|2252
12|224|14462038|3278|2183
13|224|14460295|3226|2126
0|224|14828714|3281|2191
23|224|14668373|3176|2158
26|224|14635244|3247|2174
19|224|14729115|2801|1723
4|224|14823369|3429|2275
17|224|14719033|3353|2241
8|224|14522572|3273|2119
16|224|14695121|3242|2207
7|224|14739022|3460|2389
5|224|14543208|3034|1973
6|224|14723132|3298|2275
20|224|14667815|3379|2245
11|224|14415363|3260|2133
14|224|14723661|3051|1931
22|224|14617610|3327|2144
18|224|14813880|3313|2235
24|224|14547307|3281|2275
31|224|14480434|3131|2112
10|224|14377665|3261|2176
28|224|14804289|3334|2222
29|224|14540641|3211|1997
25|224|14671872|3351|2141
2|224|14408003|3103|2196
27|224|14842732|3457|2615
3|224|14813030|3403|2358
9|224|14710902|2798|1761
21|224|14860038|3306|2117
15|224|14385928|3235|2210
30|224|20169467|3861|2606
0|225|19458620|3422|2662
4|225|19398054|3932|3040
1|225|19522428|3721|2742
7|225|19358808|4055|3295
21|225|19093835|3369|2464
11|225|19330303|4153|3356
22|225|19306188|3950|2940
25|225|19230865|3791|2829
12|225|19529136|3844|2996
13|225|19511211|3789|2866
14|225|19289325|3997|3256
6|225|19312470|3787|3007
10|225|19223094|3962|3181
9|225|19114318|3205|2418
2|225|19127724|3370|2600
5|225|19333072|3656|2751
28|225|19231521|3806|2953
31|225|19259149|3757|2850
24|225|19279350|3991|3212
26|225|19496326|4016|3070
23|225|19519886|4006|3191
18|225|19295938|3111|2478
17|225|19445249|3269|2453
15|225|19100723|3091|2313
8|225|19376153|3672|2797
29|225|19225484|3940|3038
20|225|19353566|3941|3115
27|225|19171803|3829|2970
30|225|13918833|3206|2540
3|225|19079470|3688|2748
16|225|19594754|3082|2173
19|225|19909050|2680|2056
3|226|18350031|4250|3048
0|226|18827507|4201|2997
17|226|18501253|3443|2351
25|226|18786506|4074|3005
6|226|18669557|4132|3008
7|226|18793448|4087|2966
5|226|18605923|3920|2780
13|226|18705689|4126|2950
8|226|18448827|3597|2449
11|226|18770929|3858|2687
12|226|18725795|4222|3021
10|226|18663900|4185|3169
15|226|18473823|4101|2860
2|226|18639434|3769|2579
22|226|18771772|4158|2957
21|226|18807757|3755|2678
24|226|18583766|4043|2876
23|226|18537657|4260|3028
18|226|18525943|3707|2486
19|226|18657755|3115|2016
4|226|18816516|4062|2925
14|226|18718190|3900|2751
27|226|18430174|3418|2303
20|226|18452220|3901|2783
29|226|18470771|3911|2656
26|226|18569856|4040|2850
28|226|18629760|3880|2709
31|226|18618301|3896|2837
30|226|18424979|4162|2901
1|226|18797179|3932|2732
9|226|18877754|3508|2235
16|226|18370670|3361|2289
0|227|18210757|4146|2904
8|227|18093653|4118|2827
2|227|18039160|3971|2758
30|227|17831636|3968|2692
1|227|17759873|4101|2855
31|227|17870885|3897|2847
7|227|18137291|4304|2972
10|227|18053375|3886|2700
4|227|17892977|3846|2638
11|227|18089123|3956|2633
13|227|18120894|3944|2743
12|227|18077353|3743|2664
9|227|17924916|3577|2218
14|227|17917217|3713|2624
17|227|18230107|4044|2810
21|227|18012939|4011|2674
16|227|17760911|3744|2558
20|227|17892727|4150|2865
3|227|18233073|4019|2774
23|227|17987843|3990|2825
22|227|18035982|3874|2793
18|227|17976971|3934|2710
24|227|18005783|3952|2775
25|227|18216662|3847|2706
27|227|17913264|3850|2652
19|227|17966260|3433|2259
28|227|17859065|4072|2773
26|227|17875367|4117|2985
29|227|17898654|4179|2871
5|227|18117722|4142|2802
6|227|18149859|3849|2736
15|227|18054319|4251|2964
3|228|15188568|3203|2406
16|228|15234905|3437|2568
5|228|15020506|3346|2317
4|228|15391680|3652|2775
25|228|15161694|3076|2256
15|228|15047659|3539|2687
26|228|15122141|3363|2449
29|228|15112576|3604|2672
19|228|15169214|2933|1986
13|228|15343897|3415|2555
0|228|15480994|3498|2589
17|228|15284415|3363|2432
9|228|15320667|3006|1963
1|228|15431639|3514|2594
14|228|15311283|3168|2344
6|228|15010916|3052|2283
18|228|15194121|3303|2381
7|228|15431130|3725|2843
20|228|15259585|3488|2563
2|228|15447012|3201|2454
28|228|15117485|3582|2560
21|228|15294107|3493|2579
24|228|15193660|3153|2373
8|228|15474940|3395|2556
27|228|15162503|3394|2531
22|228|15234247|3598|2776
31|228|15472599|3266|2463
11|228|15356763|3376|2379
30|228|15508312|3430|2517
12|228|15322465|3440|2577
23|228|15263320|3523|2643
10|228|15387586|3284|2401
3|229|18681237|3875|2605
11|229|18293724|4040|2644
9|229|18572121|3526|2248
2|229|18400974|4146|2807
8|229|18341194|4323|2873
7|229|18440140|4088|2829
6|229|18484596|4303|2889
10|229|18219362|4135|2870
5|229|18657686|4239|2878
4|229|18666063|4159|3019
13|229|18593183|4203|2811
1|229|18502742|3984|2869
14|229|18521299|3997|2731
12|229|18269947|3865|2541
16|229|18712928|4158|2829
17|229|18569632|4378|3070
18|229|18486829|4068|2721
23|229|18259480|3922|2679
20|229|18456733|4364|3033
24|229|18392438|4201|2913
15|229|18658434|3663|2388
21|229|18411790|4181|2972
22|229|18346471|4014|2804
26|229|18664739|4065|2764
25|229|18688011|4026|2752
27|229|18368014|4256|2959
0|229|18555470|4092|2814
30|229|18311791|4492|3171
28|229|18446589|4071|2692
29|229|18674261|4145|2803
31|229|18360544|3749|2450
19|229|19054522|3345|2071
0|230|16583322|3787|2818
2|230|16956873|3828|2722
8|230|16969993|3610|2565
27|230|16662799|3731|2696
25|230|16691142|3572|2546
4|230|16855974|3633|2580
12|230|16813364|3589|2511
11|230|17015204|3706|2698
13|230|16858971|3646|2509
15|230|16714132|3535|2551
14|230|16833059|3777|2716
7|230|16935052|3834|2803
6|230|16917567|3719|2666
9|230|16988784|3108|2163
17|230|16797840|3645|2628
24|230|16741562|3591|2469
18|230|16785592|3691|2564
20|230|16756859|3729|2720
26|230|16681491|3313|2383
1|230|16819838|3728|2625
10|230|16926370|3867|2670
23|230|16778583|3709|2617
22|230|16703671|3646|2558
28|230|16610012|3924|2771
16|230|16829794|3411|2430
21|230|16727231|3401|2266
5|230|16865217|3904|2714
29|230|16612684|3753|2562
30|230|16645276|3678|2698
31|230|16599721|3818|2632
3|230|17017474|3591|2498
19|230|16661489|3177|2105
0|231|16448061|4142|2979
4|231|16385023|4371|3313
2|231|16429674|4071|2853
22|231|16149354|4034|3007
9|231|16294468|3277|2183
31|231|16058724|3905|2792
29|231|16113876|3693|2668
13|231|16346062|4137|3134
1|231|16172480|3632|2495
8|231|16420810|3668|2461
12|231|16372766|3745|2578
3|231|15979819|3901|2844
15|231|16483343|3796|2550
5|231|16078858|3724|2609
17|231|16265974|3590|2512
16|231|16111773|3902|2725
23|231|16162838|4014|2892
21|231|16106874|3411|2426
25|231|16435514|3989|2874
7|231|16270940|4046|2930
24|231|16263110|3426|2336
26|231|16225294|3721|2681
14|231|16343797|3599|2526
6|231|16258761|3984|2884
27|231|16458226|3655|2505
28|231|16157733|3886|2853
10|231|16145501|3665|2504
30|231|16084180|3514|2485
20|231|16259024|3712|2745
11|231|16358569|3796|2727
18|231|16329484|3715|2545
19|231|15990888|3341|2245
3|232|16483586|3638|2432
6|232|16325258|3766|2731
24|232|16391784|3390|2290
21|232|16465592|3596|2426
4|232|16646314|3526|2307
13|232|16547012|3780|2549
10|232|16251819|3687|2444
15|232|16491977|3758|2553
7|232|16376882|3490|2330
14|232|16330227|3458|2259
16|232|16447871|3274|2132
12|232|16526664|3609|2456
5|232|16483285|3840|2628
0|232|16646747|3532|2203
17|232|16473796|3411|2302
11|232|16238397|3633|2339
18|232|16222657|3528|2301
2|232|16668036|3821|2561
27|232|16324751|3486|2400
28|232|16310520|3746|2505
30|232|16285409|3579|2516
22|232|16666757|3493|2411
23|232|16462835|3455|2349
29|232|16620941|3470|2371
1|232|16522697|3514|2253
19|232|16233151|3722|2620
25|232|16435779|3516|2406
26|232|16394179|3653|2431
31|232|16660280|3829|2678
8|232|16516424|3749|2541
20|232|16315787|3216|2038
9|232|16795965|3446|2213
4|233|16626600|3886|2608
12|233|16531182|3859|2677
24|233|16699760|3707|2498
21|233|16705584|3715|2416
31|233|16304139|3690|2439
8|233|16216995|4021|2764
9|233|16163691|3387|2092
11|233|16464486|3818|2448
5|233|16515817|3543|2321
10|233|16614475|3727|2489
15|233|16607330|3769|2642
6|233|16704406|3612|2416
1|233|16315727|3691|2504
13|233|16643972|3706|2486
2|233|16447629|3980|2778
14|233|16582324|3559|2414
22|233|16397520|3929|2915
16|233|16568215|3695|2438
17|233|16781716|3427|2124
3|233|16709497|3903|2692
27|233|16455325|3932|2638
20|233|16244291|3451|2210
26|233|16318012|4191|3022
25|233|16336342|3577|2325
18|233|16491283|3538|2361
30|233|16432187|3876|2615
29|233|16386320|3741|2535
28|233|16449948|3842|2669
0|233|16492276|3530|2300
23|233|16424304|3977|2778
7|233|16577671|3720|2667
19|233|16335627|3521|2379
0|234|14567609|2738|1875
8|234|14949887|3210|2394
2|234|14831070|3202|2267
19|234|14587279|3138|2171
9|234|14938495|3140|2163
30|234|14704750|3236|2222
4|234|15052086|3135|2174
13|234|14848914|3238|2247
15|234|14900606|3181|2161
22|234|14795980|3256|2220
3|234|14713251|2960|2046
16|234|14780272|3148|2161
20|234|14724394|3216|2277
17|234|14758205|3103|2116
12|234|15056694|3289|2201
24|234|15030498|3397|2280
23|234|14602935|3316|2196
26|234|14714923|3176|2161
21|234|15025650|3088|2100
14|234|14836729|3238|2301
25|234|14714404|3215|2222
31|234|15022231|3220|2183
28|234|14658099|3020|2139
29|234|14674388|3147|2148
27|234|14765899|3347|2324
5|234|14911436|3276|2258
7|234|14977044|3141|2116
11|234|14982347|3498|2248
1|234|14927244|3228|2322
6|234|14879735|3069|2148
10|234|14989403|3251|2183
18|234|14710761|3176|2083
4|235|14544870|3291|2130
0|235|14655591|3365|2208
8|235|14646317|3313|2190
26|235|14423954|3306|2180
7|235|14226350|3272|2185
13|235|14550738|3381|2231
28|235|14402072|3160|2178
11|235|14305531|3331|2079
2|235|14618633|3443|2270
20|235|14477983|3364|2216
6|235|14173059|3304|2172
21|235|14397488|3379|2208
27|235|14278724|3310|2123
29|235|14298484|3242|2136
24|235|14453030|3365|2191
18|235|14188661|3252|2176
30|235|14607061|3216|2204
22|235|14548270|3086|2121
31|235|14367302|3367|2184
1|235|14187290|3360|2209
19|235|14630846|3346|2154
3|235|14558847|3263|2136
14|235|14418183|3234|2063
10|235|14246856|3074|1986
15|235|14614400|3337|2161
12|235|14445924|3064|2109
9|235|14572084|3244|2145
16|235|14604280|3035|1936
23|235|14537873|3349|2165
25|235|14479502|3205|2052
5|235|14417104|3327|2076
17|235|14667947|3205|2056
1|236|16760885|4081|2949
4|236|17083839|4038|2912
2|236|16930321|4315|3017
7|236|17003605|4109|3020
5|236|16566833|3942|2727
3|236|16734732|3857|2719
0|236|17057046|4232|3023
8|236|17073472|4157|3074
6|236|16943647|4111|3047
12|236|16913594|3937|2788
23|236|16865357|3861|2558
9|236|16909034|3973|2927
13|236|17244278|3942|2824
31|236|17077367|3696|2571
28|236|17281918|4133|2991
21|236|17158179|3769|2646
10|236|16968207|3986|2900
19|236|17105011|3254|2105
20|236|17207308|3926|2779
22|236|17086334|3715|2710
30|236|17100453|3822|2716
24|236|17127012|3972|2979
16|236|16905557|3926|2939
11|236|17216228|3897|2750
27|236|17165390|3771|2691
25|236|16879768|3904|2918
26|236|17317543|3964|3016
18|236|17092509|3950|2863
14|236|16978794|3932|2722
29|236|17167755|3841|2749
15|236|16958329|4005|2785
17|236|16926582|3174|2028
1|237|17193913|3804|2643
0|237|17103750|4263|3022
6|237|17088484|4021|2925
12|237|17000620|4230|3041
8|237|17118272|4197|3122
27|237|16806081|3924|2768
30|237|16881463|3886|2638
11|237|16791309|3578|2497
4|237|17202689|4293|3113
16|237|16818579|3904|2836
14|237|16718059|3796|2591
31|237|17070728|3938|2871
15|237|16688212|3906|2898
13|237|16973161|3850|2754
9|237|16944658|4272|3094
18|237|16747681|3906|2682
17|237|16858402|2968|1957
24|237|16850904|4095|2913
19|237|17112368|3399|2194
5|237|17137968|4037|2855
20|237|16900650|4072|2940
29|237|16730377|3846|2567
7|237|17154898|3873|2791
22|237|16894462|3958|2854
28|237|16974383|4041|2930
26|237|16781457|4028|2860
25|237|16812092|3953|2892
23|237|17028251|3681|2649
2|237|17169140|4038|2842
10|237|16906385|4276|3173
3|237|17163603|4318|3059
21|237|16943146|3810|2677
0|238|18363181|3836|2792
7|238|18072815|3832|2796
12|238|18375713|4041|2964
18|238|18224687|4109|3018
31|238|18309578|3620|2527
8|238|18346295|4250|3240
1|238|18399587|3840|2765
17|238|18276720|3329|2095
2|238|17964505|3854|2666
11|238|18309426|3875|2750
3|238|17960078|3612|2597
9|238|18210750|3861|2672
13|238|18228368|4028|3005
14|238|18275130|3825|2800
16|238|18294455|4155|3079
4|238|18278903|4130|2979
15|238|18258637|3880|2845
23|238|18027788|3778|2545
22|238|18090790|3965|2841
21|238|17975377|3826|2588
26|238|18065234|3914|2771
24|238|18193222|4123|3030
25|238|18052673|3745|2575
20|238|18147488|4022|2891
27|238|18368067|3790|2744
28|238|18085428|3863|2746
5|238|18117019|3971|2773
30|238|18366784|4160|3011
29|238|18143299|3871|2740
19|238|18210201|3375|2285
6|238|18363104|4229|3165
10|238|17969133|3828|2783
3|239|19257969|3890|2707
11|239|19298058|3976|2680
27|239|19057097|3692|2544
31|239|19418967|3984|2792
19|239|19011108|3043|1988
8|239|19346467|3787|2633
22|239|19236774|3945|2919
1|239|19320735|3854|2726
10|239|18919721|3703|2556
14|239|19235895|3871|2762
12|239|19416732|3802|2644
13|239|19260987|3747|2668
6|239|18941692|3527|2445
21|239|19138102|3918|2680
9|239|19285657|3855|2695
29|239|18990563|3707|2562
7|239|19456112|4104|2934
15|239|19197443|3790|2714
18|239|19413179|4050|2819
2|239|19303204|3987|2820
23|239|19186180|4005|2730
30|239|19018195|3859|2646
16|239|19250019|3746|2679
24|239|19124531|3909|2759
28|239|19059016|4068|2949
20|239|19092526|3657|2588
25|239|19112307|3929|2821
26|239|19151740|4036|2900
5|239|18989710|3888|2581
4|239|19177462|3860|2770
0|239|19449384|3925|2790
17|239|19448111|3452|2205
6|240|23406536|4554|3406
4|240|23138487|4530|3467
12|240|23486961|3760|2635
16|240|23302875|4468|3391
28|240|23278973|4323|3190
5|240|23159746|4830|3538
2|240|23310425|4737|3579
3|240|23623791|4777|3623
15|240|23350079|4072|3067
17|240|23253386|3912|2658
9|240|23402959|4725|3463
20|240|23224147|4575|3311
14|240|23502700|3517|2536
0|240|23111940|4846|3855
24|240|23276787|4816|3574
19|240|23591666|3950|2765
21|240|23445352|4695|3637
25|240|23226131|4087|2929
11|240|23653237|4224|2965
22|240|23573159|4638|3368
1|240|23505592|4666|3510
23|240|23339577|4712|3344
27|240|23638211|3971|2848
18|240|23376177|4649|3445
31|240|23629393|4959|3761
26|240|23229267|4881|3705
10|240|23496063|4669|3444
29|240|23428202|4645|3621
8|240|23599542|4792|3697
30|240|23351483|4669|3489
7|240|23365969|4876|3740
13|240|23615712|3814|2635
1|241|21764170|4553|3097
16|241|22076994|4465|3113
27|241|21782646|4516|2975
17|241|22032608|3837|2404
8|241|21647356|4305|2860
7|241|21618023|4489|3059
0|241|21894538|4581|3143
6|241|22114022|4624|3173
5|241|22032414|4311|2843
11|241|21814517|4428|3030
10|241|21691681|4271|2841
12|241|22079701|4003|2575
9|241|21950348|4617|3146
13|241|21617148|4239|2818
15|241|21983620|4544|3134
18|241|21744446|4556|3110
23|241|21780063|4798|3339
21|241|21864885|4742|3305
4|241|22079350|4640|3188
24|241|21905809|4729|3355
28|241|22078673|4427|3034
22|241|21823333|4734|3289
30|241|21669551|4303|2853
20|241|21959736|4587|3147
29|241|21702794|4527|3094
31|241|21750272|4726|3306
26|241|21734235|4402|2945
25|241|21875290|4510|3004
14|241|21948086|3818|2389
2|241|21993782|4538|3080
19|241|21908087|3656|2267
3|241|21980798|4816|3366
0|242|18069430|4132|2785
8|242|18132035|3981|2770
16|242|18215930|3684|2485
25|242|17783099|4053|2661
30|242|17872610|3989|2695
6|242|18073931|4169|2891
10|242|18030984|4047|2856
4|242|17882239|4106|2814
7|242|18111865|4272|2998
1|242|18225498|4469|3145
9|242|18000838|4115|2889
14|242|17749422|3721|2405
15|242|17967721|4066|2696
11|242|18054069|4013|2732
18|242|17956384|3939|2663
21|242|17929926|3834|2536
22|242|17867696|4090|2835
12|242|18032867|4015|2672
24|242|17905104|4127|2862
23|242|17953400|4003|2716
3|242|17675871|4053|2825
26|242|17799188|4241|2981
19|242|17734253|3391|2210
20|242|17850243|4197|2855
5|242|18052571|4058|2732
27|242|18208268|4104|2706
28|242|17901886|4070|2869
29|242|17847698|4106|2875
2|242|17719593|4042|2774
31|242|17833125|4023|2852
13|242|18027764|4426|3065
17|242|18394349|3676|2300
0|243|18986275|3906|2718
10|243|18903869|3940|2695
24|243|18711846|4412|3206
31|243|18547362|4208|3038
11|243|18835875|3692|2432
2|243|18513851|4042|2750
7|243|18866160|3980|2834
5|243|18589505|4299|3058
4|243|18865541|4544|3383
14|243|18827902|3817|2648
16|243|18985696|4036|2845
15|243|18807797|3986|2797
13|243|18496763|3618|2433
21|243|18758644|4191|3014
18|243|18777456|4245|2949
12|243|18723189|3716|2461
8|243|19004380|4371|3132
20|243|18627568|3845|2711
9|243|18855767|3895|2691
22|243|18748443|4237|3110
23|243|18699268|4132|2843
1|243|18833092|4036|2889
26|243|18671334|4132|2872
27|243|18603162|4421|3032
30|243|18977709|4425|3231
19|243|19022618|3448|2270
29|243|18580164|4216|2981
25|243|19008364|3868|2626
3|243|18642683|4315|3113
6|243|18904037|4251|2936
28|243|18593777|4369|3093
17|243|18975567|3209|2056
3|244|16260722|3835|2654
16|244|16576294|3931|2729
7|244|16650134|4280|3020
25|244|16325691|3866|2596
12|244|16531092|3822|2610
2|244|16640874|3987|2678
8|244|16459888|3471|2286
6|244|16267358|3813|2442
0|244|16722906|3868|2618
11|244|16676952|3868|2575
14|244|16597663|3823|2538
13|244|16548802|3657|2445
18|244|16515941|3824|2635
17|244|16426021|3268|2000
15|244|16574653|3965|2637
22|244|16440811|3749|2579
26|244|16397234|3940|2818
20|244|16470044|3931|2658
10|244|16747887|3952|2602
21|244|16543687|3856|2729
28|244|16279663|3825|2572
29|244|16339738|3800|2523
23|244|16438452|3864|2657
30|244|16377655|3840|2707
24|244|16718716|3910|2631
9|244|16471156|3704|2666
5|244|16609545|3699|2483
31|244|16729648|3980|2787
27|244|16412499|3963|2537
1|244|16383531|3649|2529
19|244|16476133|3255|2031
4|244|16593152|3768|2441
2|245|21537403|4344|2927
13|245|21471667|4139|2614
25|245|21629359|4456|2929
5|245|21224407|4538|3028
3|245|21639588|4695|3300
0|245|21492096|4724|3267
6|245|21522666|4564|3114
11|245|21492584|4244|2833
10|245|21354608|4411|3102
9|245|21252610|4172|2801
8|245|21551364|4384|3022
7|245|21625942|4404|3105
22|245|21414817|4477|3084
21|245|21352245|4280|2881
14|245|21493677|4328|2924
18|245|21462340|4330|2891
4|245|21119920|4278|3001
12|245|21604516|4245|2865
15|245|21437258|4235|2824
16|245|21652725|4734|3379
23|245|21312762|4151|2707
20|245|21396456|4601|3357
24|245|21290926|4136|2704
30|245|21311943|4271|2804
27|245|21230878|4372|2981
28|245|21361626|4635|3165
31|245|21258180|4667|3338
29|245|21346821|4476|3045
26|245|21427941|4716|3223
1|245|21158236|4559|3190
19|245|21277779|3797|2308
17|245|21634266|3670|2223
0|246|16178622|4024|3007
2|246|16292190|4021|2843
15|246|15985875|3808|2519
23|246|15964597|3779|2597
29|246|15869869|3340|2292
30|246|15947247|3687|2522
8|246|16103910|3532|2594
9|246|16120839|3779|2522
5|246|16231404|3609|2332
11|246|16164026|3579|2532
12|246|15994487|3548|2433
4|246|16000458|3771|2650
6|246|16170152|3626|2448
14|246|16052791|3785|2627
17|246|15963097|3238|2052
18|246|16040442|3772|2629
21|246|16078153|3576|2341
1|246|15779293|3734|2579
16|246|15976880|3449|2439
22|246|16099811|3765|2543
20|246|15947323|3462|2375
25|246|16285334|3642|2421
24|246|15942244|3572|2597
3|246|16199304|3519|2464
27|246|15918815|3790|2615
7|246|16084898|3585|2524
31|246|15894194|3520|2374
28|246|15919692|3453|2446
10|246|16140922|3710|2659
26|246|15888993|3530|2472
13|246|16281473|3754|2638
19|246|16045465|3244|2065
4|247|16678046|3721|2539
10|247|16434469|3752|2711
16|247|16608070|3373|2258
25|247|16569858|3727|2601
8|247|16767665|3772|2658
7|247|16472271|3782|2712
6|247|16682150|3637|2635
9|247|16758211|3784|2762
1|247|16585830|3751|2563
2|247|16849768|3980|2800
13|247|16415209|3721|2653
3|247|16515229|3886|2824
15|247|16839342|3743|2535
12|247|16724122|3797|2768
21|247|16633984|3596|2516
22|247|16593450|3742|2602
20|247|16578301|3821|2693
5|247|16726694|3786|2643
23|247|16847487|3763|2646
26|247|16449959|3764|2670
18|247|16668893|3663|2649
27|247|16526054|3489|2516
11|247|16717828|3664|2553
17|247|17015095|3220|2119
24|247|16568886|3936|2777
30|247|16841486|3868|2816
28|247|16504770|3644|2569
29|247|16859676|3982|2835
19|247|16499128|3151|2059
14|247|16820135|3567|2493
0|247|17021979|3707|2586
31|247|16502298|3743|2551
4|248|18037670|4235|3100
3|248|17851429|4108|3086
13|248|17905934|4053|3104
20|248|17820885|4195|2866
30|248|17706112|4222|2942
8|248|17985085|3794|2836
7|248|17972781|4206|3036
9|248|17936772|4091|3027
5|248|17758734|4182|3064
15|248|17878799|3967|2844
2|248|17926424|4373|3202
19|248|17618763|3180|2282
17|248|17706123|3392|2257
16|248|18052476|4019|2815
24|248|17699043|3940|2902
12|248|17873591|3586|2733
14|248|17613952|3554|2555
1|248|17903126|4137|3037
22|248|17842853|4307|3185
25|248|18045906|3967|2855
18|248|17771369|3772|2811
23|248|17803780|3911|2804
26|248|17788677|3771|2682
21|248|17868526|3808|2671
29|248|17674632|3886|2752
27|248|17769130|3833|2827
31|248|17601095|4010|3057
11|248|17754384|4082|2911
28|248|17702407|3740|2707
6|248|17956765|3962|2987
0|248|17660991|4069|2757
10|248|23989887|4288|3205
12|249|23778435|4108|3090
6|249|23508410|4660|3529
14|249|23809600|4536|3602
11|249|23521207|3717|2797
7|249|23950426|4649|3499
15|249|23974780|4491|3435
4|249|24068248|4674|3681
3|249|24053636|4117|3130
9|249|23946326|3618|2617
2|249|23901855|4472|3387
0|249|23494502|4438|3273
1|249|23747565|4565|3495
13|249|24059060|4506|3510
23|249|23689800|4285|3237
27|249|23595573|4460|3367
24|249|23840071|4232|3173
22|249|23762500|4408|3266
16|249|23872905|4375|3239
29|249|23623496|4054|3114
30|249|24039354|4442|3225
25|249|23739562|4202|3182
28|249|23543141|3986|2935
26|249|23679618|4135|3006
18|249|23723579|4232|3323
31|249|23584558|4409|3460
21|249|23659219|4083|2935
19|249|23921621|3314|2370
8|249|24029655|3301|2287
20|249|24064448|4221|3191
10|249|18105023|2876|1943
5|249|23921616|4414|3402
17|249|24112748|3455|2350
0|250|18437898|4227|2952
13|250|18417196|3587|2443
16|250|18350600|4059|2823
8|250|18191539|3716|2462
15|250|18599560|4304|3014
28|250|18337418|4258|3023
9|250|18562163|3716|2605
21|250|18216045|3968|2630
4|250|18519985|4023|2723
10|250|18134719|3913|2768
25|250|18298831|3945|2687
5|250|18112523|3894|2579
11|250|18584713|4003|2728
23|250|18422288|4283|3083
6|250|18599528|4072|2810
7|250|18558645|4457|3242
18|250|18264157|4180|2850
24|250|18402645|4006|2617
31|250|18250256|4118|2770
1|250|18432363|4070|2760
2|250|18480015|4011|2817
19|250|18219274|3556|2283
26|250|18293712|4309|3031
17|250|18136652|3568|2249
27|250|18430735|4319|3047
29|250|18371010|4104|2806
22|250|18406798|4493|3222
3|250|18508449|4159|2843
20|250|18205995|3693|2499
30|250|18375921|4433|3104
14|250|18582526|3956|2663
12|250|18617237|4035|2715
1|251|16368864|3866|2650
6|251|16461860|3875|2640
18|251|16455412|3869|2655
13|251|16716934|3509|2393
3|251|16333746|3646|2373
16|251|16648391|3810|2726
14|251|16206433|3805|2679
0|251|16788934|3773|2544
4|251|16552355|3717|2552
12|251|16207173|3739|2532
26|251|16352379|3762|2560
7|251|16430439|3954|2852
11|251|16505594|3875|2729
21|251|16776707|3853|2512
8|251|16653988|3988|2958
19|251|16605455|3145|2012
10|251|16520155|3719|2545
9|251|16855511|3151|2054
28|251|16633888|3988|2814
22|251|16307343|4082|2804
29|251|16326541|3873|2526
23|251|16515441|4105|2875
5|251|16492790|4004|2788
31|251|16459761|4044|2820
2|251|16364129|3982|2764
20|251|16316210|2926|2045
24|251|16525957|3628|2511
15|251|16612651|3663|2635
17|251|16453612|3303|2134
27|251|16327468|4033|2760
30|251|16247761|3830|2563
25|251|16544598|3742|2589
0|252|15957851|3608|2604
2|252|15692672|3554|2497
18|252|16076214|3735|2660
16|252|16035126|3638|2619
21|252|15923820|3675|2620
26|252|15992433|3576|2524
28|252|15880004|3613|2459
11|252|15908008|3470|2503
6|252|16099943|3722|2709
5|252|15750912|3515|2540
12|252|15969123|3490|2563
7|252|15935108|3675|2640
15|252|15677822|3361|2365
1|252|16091017|3706|2486
13|252|16063749|3496|2478
14|252|16021150|3517|2527
9|252|15848300|3110|2111
24|252|15698727|3642|2686
4|252|15943986|3292|2254
3|252|16028613|3806|2845
23|252|15795139|3787|2700
25|252|15639700|3569|2631
17|252|15695882|3130|2100
22|252|15851257|3781|2904
19|252|15912081|3025|2023
30|252|15672976|3561|2523
8|252|15873856|3568|2606
29|252|15843631|3631|2480
27|252|15695621|3544|2559
31|252|15798964|3658|2573
20|252|15770304|2983|2014
10|252|15844395|3474|2383
3|253|16974511|3792|2654
1|253|17096410|3640|2444
22|253|16955934|3850|2801
30|253|16952816|3849|2656
6|253|17186781|3776|2563
28|253|17307643|3649|2498
5|253|17155432|3660|2443
25|253|17073186|3747|2487
4|253|17023153|3945|2877
14|253|17076374|3849|2647
21|253|17262943|3758|2615
10|253|16814070|3637|2461
16|253|17291438|3983|2817
12|253|17179517|3411|2284
7|253|17123407|3723|2495
13|253|17112821|3903|2672
23|253|17014085|3841|2604
27|253|16889509|3814|2550
24|253|17069639|3726|2605
18|253|17324371|4295|3143
29|253|16915133|3792|2605
31|253|16883514|3796|2644
0|253|17314714|3922|2744
26|253|17314218|3602|2528
15|253|17121420|3821|2577
19|253|17029738|3157|2018
2|253|17294111|4125|2982
9|253|17172263|3103|2039
11|253|17348338|3621|2367
8|253|17068287|3599|2395
20|253|17029991|3056|2050
17|253|17203907|3322|2103
1|254|18317181|4146|2786
13|254|18105122|3739|2501
24|254|18084201|4080|2701
5|254|18237344|4237|2924
2|254|17916802|4175|2926
4|254|18205922|3764|2612
7|254|18109925|4366|3108
6|254|18273124|3757|2382
8|254|17884547|3557|2244
10|254|18173394|4182|2995
11|254|17902303|3897|2730
12|254|18141151|3882|2640
0|254|17968678|4198|2829
14|254|18222309|3930|2687
15|254|17981686|4232|3072
18|254|18062337|3953|2769
16|254|18180262|4190|2957
21|254|18213950|4129|2889
23|254|18107766|4185|2889
22|254|18340964|4156|2847
17|254|17882649|3380|2148
19|254|17978137|3421|2202
25|254|18276360|3933|2716
27|254|18101894|4299|3037
3|254|18344841|4027|2714
26|254|18011453|3935|2649
30|254|18343292|4505|3197
29|254|18063708|4044|2828
28|254|18308204|4126|2900
20|254|17910386|3427|2175
31|254|18073581|3993|2710
9|254|18344573|3460|2156
5|255|19391920|4562|3344
21|255|19185057|4430|3285
19|255|19143224|3861|2628
10|255|19289812|3915|2869
2|255|19381350|4826|3581
20|255|19052736|4070|2688
4|255|19368380|4529|3296
0|255|19252150|4587|3232
15|255|19219627|4532|3166
11|255|19280683|4427|3198
8|255|19316080|4372|3159
1|255|19474433|4915|3661
18|255|19209385|4557|3200
16|255|19195022|4440|3197
13|255|19455651|4551|3299
14|255|19249590|4522|3317
26|255|19042183|4810|3482
24|255|19436091|4308|3070
7|255|19361301|4878|3644
3|255|19036111|4391|3024
23|255|19178436|4508|3263
22|255|19167008|4766|3579
27|255|19093210|4443|3180
6|255|19321032|4300|2951
31|255|18978467|4333|3074
30|255|19049140|4483|3230
9|255|19340392|3837|2530
29|255|19037516|4387|3191
28|255|19021744|4462|3136
17|255|19215237|3955|2627
12|255|19265482|4596|3297
25|255|19122444|4553|3270
0|256|19077704|4566|3304
6|256|18849126|4089|2804
10|256|19173185|4339|3109
13|256|19017801|4365|2990
24|256|18981667|4301|3099
20|256|19184992|3737|2516
7|256|18925463|4517|3337
8|256|19055049|4240|3056
3|256|18895690|4155|2897
12|256|18753275|4232|2933
14|256|18997789|4395|3167
15|256|19105425|4266|3041
16|256|19030600|4418|3248
4|256|19093653|4572|3431
11|256|19093377|4153|3069
19|256|19207079|3743|2546
22|256|18913328|4319|3181
17|256|18786423|3638|2427
23|256|18928722|4493|3290
18|256|19056221|4547|3250
1|256|19026703|3962|2838
27|256|18909363|4510|3234
25|256|18767045|4353|3150
5|256|19211434|4126|2908
30|256|18868607|4469|3158
29|256|18837011|4012|2851
28|256|18823441|4531|3341
26|256|18998327|4169|2962
31|256|18887615|4465|3245
21|256|19256088|4538|3299
2|256|19130378|4343|3156
9|256|19312505|3559|2300
5|257|15329949|3480|2586
7|257|15615534|3809|2905
11|257|15506813|3653|2673
13|257|15702320|3568|2506
12|257|15609135|3764|2818
24|257|15701091|3791|2832
30|257|15403209|3811|2897
28|257|15386793|3544|2564
15|257|15633068|3786|2771
3|257|15563977|3238|2348
16|257|15542242|3372|2614
20|257|15779376|3162|2091
1|257|15384998|3396|2473
21|257|15298737|3548|2598
9|257|15243453|2841|1966
26|257|15333112|3488|2637
18|257|15462576|3850|2896
6|257|15932051|3499|2497
2|257|15231046|3599|2668
17|257|15716319|3091|2082
23|257|15482712|4018|2947
22|257|15513667|3777|2877
4|257|15508388|3717|2719
19|257|15531673|3222|2180
31|257|15341033|3501|2601
29|257|15386396|3815|2838
0|257|15689170|3650|2759
8|257|15606525|3627|2568
10|257|15699648|3856|2889
14|257|15576884|3633|2676
27|257|15429070|3693|2799
25|257|15416292|3536|2527
0|258|19112689|4471|3354
5|258|19532818|4432|3132
15|258|19456392|4261|3086
24|258|19506314|4254|3193
30|258|19519964|4288|3054
3|258|19396409|4304|3214
9|258|19335688|3985|2773
7|258|19528677|4270|3139
4|258|19213460|4384|3314
6|258|19291332|4251|3004
11|258|19516436|4637|3339
12|258|19494444|4281|3138
1|258|19353648|4463|3203
17|258|19457367|3627|2354
10|258|19139865|3858|2720
23|258|19275539|4361|3270
21|258|19394917|4276|3160
22|258|19265324|4509|3362
14|258|19135076|4135|2967
28|258|19485138|4317|3061
25|258|19106567|4195|2963
26|258|19365053|4699|3530
13|258|19542487|4237|3012
18|258|19349687|4318|3224
2|258|19257767|4245|3028
20|258|19438188|4052|2839
19|258|19241964|3678|2492
31|258|19235336|4016|2884
29|258|19220324|4412|3279
27|258|19141362|4271|3003
8|258|19116949|4446|3167
16|258|19434568|4432|3285
3|259|20216114|4636|3274
14|259|20022841|4127|2696
26|259|20005144|4429|2953
2|259|19905306|4374|2934
9|259|20203177|4427|2974
5|259|20292252|4613|3093
6|259|20154621|4547|3105
1|259|20115322|4627|3199
13|259|19948344|4290|2894
8|259|19823784|4663|3263
10|259|20083928|4458|3031
12|259|20138125|4385|2985
0|259|20307622|4976|3503
18|259|19947122|3995|2704
4|259|20195293|4531|3098
20|259|19923588|4699|3243
15|259|20300130|4448|2974
11|259|20168437|4536|3052
21|259|20070091|4802|3437
24|259|20281381|4319|2917
22|259|20057101|4784|3417
23|259|20090277|4801|3315
17|259|20123936|3737|2361
27|259|19874326|4459|2995
25|259|20021626|4400|3013
31|259|19914823|4555|3187
29|259|19899022|4318|2896
16|259|19854176|4577|3210
7|259|20179155|4760|3292
30|259|20297147|4613|3133
28|259|20048004|4624|3273
19|259|20102948|3673|2315
7|260|18337745|4417|2973
9|260|18753295|4481|3045
30|260|18369652|4460|2974
5|260|18776832|4152|2752
24|260|18560638|4533|3030
4|260|18581714|4342|2876
8|260|18669054|4306|2830
6|260|18717757|4455|2953
2|260|18765118|4428|2975
12|260|18638642|4236|2747
0|260|18621308|4435|3108
14|260|18825446|4357|2834
1|260|18713446|4495|3173
16|260|18374319|4269|2828
10|260|18660920|4357|2867
25|260|18427538|4216|2698
20|260|18577353|4347|2885
13|260|18675540|4193|2654
21|260|18530498|4277|2764
22|260|18494259|4421|2890
18|260|18617762|4408|2942
19|260|18298091|3951|2452
17|260|18459690|3962|2504
23|260|18480688|4243|2801
26|260|18817284|4030|2683
27|260|18463012|4500|3010
29|260|18413467|4174|2743
28|260|18357567|4435|3020
15|260|18543170|4417|2918
31|260|18442812|4496|2991
3|260|18841147|4639|3109
11|260|18527217|4320|2841
3|261|15343874|3831|2576
12|261|15689816|3687|2357
31|261|15407760|3769|2331
15|261|15442026|3803|2401
2|261|15757578|3703|2264
6|261|15706433|3688|2297
7|261|15831640|3607|2264
5|261|15778115|3779|2310
11|261|15342512|3682|2284
16|261|15617002|3612|2235
14|261|15649716|3755|2356
10|261|15603712|3680|2415
4|261|15733844|3915|2435
21|261|15550789|3688|2402
20|261|15582415|3776|2485
22|261|15537393|3790|2517
19|261|15509428|3565|2242
23|261|15483820|3729|2359
27|261|15457830|3470|2233
26|261|15474887|3599|2200
13|261|15574407|3515|2231
18|261|15532914|3690|2328
9|261|16170358|3646|2224
30|261|15834982|3709|2252
28|261|15437580|3644|2179
29|261|15454198|3538|2239
0|261|15653753|3678|2295
25|261|15628556|3522|2192
8|261|15718712|3615|2274
1|261|15622117|3697|2301
24|261|15959287|3545|2199
17|261|15509659|3549|2283
1|262|22462578|4633|3285
12|262|22935666|4372|3087
11|262|22833369|4344|3108
23|262|22700196|4377|2990
30|262|22630603|4375|3060
4|262|22739497|4443|3053
8|262|22494115|4568|3147
6|262|22860994|4647|3266
10|262|22765726|4347|2950
15|262|22908516|4221|2794
7|262|22858507|4587|3201
17|262|22634191|3417|2135
3|262|22936405|4779|3495
14|262|22798605|4373|2983
9|262|22613129|4657|3330
21|262|22753328|4330|3001
25|262|22531226|4223|2880
5|262|22818387|4691|3214
16|262|22823374|4636|3355
18|262|22631919|4470|3086
22|262|22732024|4520|3111
20|262|22747465|4523|3137
26|262|22673414|4450|3103
0|262|22515855|4369|2973
19|262|22721306|4556|3204
29|262|22580633|4162|2828
28|262|22609838|4573|3236
27|262|22709704|4520|3129
31|262|22959237|4778|3467
2|262|22868068|4723|3440
24|262|22542150|3915|2596
13|262|22639089|4417|3214
4|263|16823257|3757|2596
0|263|16557497|3696|2601
16|263|16645827|3761|2598
15|263|16791190|3726|2661
27|263|16518037|3709|2494
13|263|16415578|3708|2577
10|263|16789202|4058|3058
12|263|16925381|4043|2831
24|263|16545605|3151|2053
6|263|16788402|3650|2572
14|263|16727020|3744|2653
3|263|16725964|3854|2575
7|263|16753691|3644|2440
2|263|16465059|3922|2706
22|263|16631800|3676|2548
21|263|16707777|3815|2474
18|263|16648168|3495|2429
23|263|16903715|3730|2640
25|263|16697453|3399|2285
9|263|16719134|3634|2427
29|263|16549138|3667|2444
26|263|16615411|3936|2862
30|263|16916672|4068|2847
8|263|16866873|3322|2245
17|263|16789994|3144|2044
1|263|16928703|4081|2925
19|263|16587271|3839|2700
28|263|16546267|4016|2982
20|263|16637266|3927|2756
31|263|16517784|4156|3060
11|263|16915102|3941|2827
5|263|16838987|3635|2437
0|264|15722617|3616|2589
3|264|15566630|3809|2699
1|264|15323853|3825|2830
14|264|15618153|3788|2851
20|264|15323237|3765|2602
9|264|15496878|3334|2182
25|264|15528641|3456|2400
30|264|15478390|3447|2414
28|264|15407434|3542|2588
29|264|15535171|3575|2371
7|264|15563190|3735|2573
10|264|15673636|3764|2738
12|264|15654225|3594|2595
18|264|15514248|3593|2544
5|264|15237838|3656|2597
15|264|15743459|4043|2984
19|264|15350835|3487|2345
16|264|15766989|3466|2448
22|264|15555570|3908|2780
21|264|15539218|3493|2589
2|264|15523924|4194|3281
23|264|15519941|3559|2440
27|264|15746114|3704|2616
4|264|15738510|3962|2897
17|264|15701156|2910|1909
6|264|15605794|3652|2403
11|264|15269623|3499|2449
13|264|15686839|3872|2853
8|264|15387292|3821|2761
31|264|15406195|3649|2738
24|264|15756260|3036|2225
26|264|15472151|3901|2785
3|265|22701610|4124|2957
9|265|22643815|4572|3272
19|265|22507004|4347|3179
28|265|22653694|4728|3436
12|265|22549158|4322|3244
17|265|22450492|3827|2557
2|265|22418430|4384|3212
10|265|22575677|4371|3215
5|265|22653259|4111|2950
15|265|22508975|4743|3427
13|265|22323327|4091|2990
0|265|22711835|4601|3432
14|265|22695658|4077|2874
11|265|22339722|4654|3360
6|265|22360983|3685|2624
23|265|22424065|4751|3751
16|265|22487662|4280|3075
21|265|22457573|4252|3056
22|265|22474642|4806|3550
25|265|22665288|4337|3139
4|265|22364819|4034|2921
20|265|22696146|4547|3264
18|265|22567275|4668|3364
30|265|22657146|3727|2674
26|265|22282111|4550|3301
27|265|22424967|4441|3220
29|265|22643797|4761|3424
24|265|22306332|3721|2583
31|265|22331490|4461|3327
8|265|22295192|4432|3306
7|265|22585087|4023|2836
1|265|22703152|4578|3435
0|266|18138890|4258|3146
5|266|18209933|3396|2425
17|266|18278236|3467|2321
28|266|18345812|4164|3039
30|266|18035840|4210|3101
7|266|17840499|3572|2602
10|266|18228051|4031|3023
16|266|18081849|4130|3103
4|266|17989750|3443|2303
8|266|17861950|4093|3022
11|266|18139020|3921|2960
18|266|17991253|4053|2897
15|266|18207258|4136|2960
14|266|18160285|3826|2817
13|266|18192540|4361|3364
6|266|18139255|3420|2423
3|266|18338330|3967|2976
12|266|18306039|3993|2991
21|266|18099970|4120|2990
29|266|17949535|4212|3065
27|266|17968301|3867|2848
26|266|17992160|4021|2888
25|266|18072954|4091|2966
20|266|18039263|4207|3308
22|266|18091514|4247|3191
31|266|17919846|4141|3212
24|266|17941770|3516|2531
2|266|18235880|3977|2816
9|266|18390492|3957|2785
23|266|18158876|4480|3461
19|266|18374819|3957|2948
1|266|17826138|4072|3144
12|267|15134787|3372|2288
8|267|15291450|3519|2446
16|267|15328333|3564|2442
14|267|15251845|3326|2227
25|267|15115725|3452|2343
28|267|15423077|3775|2794
2|267|14993447|3611|2438
11|267|15266912|3460|2287
21|267|15139396|3395|2247
5|267|15417432|3381|2256
7|267|15317047|3487|2371
18|267|15270960|3229|2201
15|267|15256082|3340|2469
6|267|15207085|3221|2251
17|267|15597634|3392|2270
0|267|15414502|3337|2259
24|267|15036966|3358|2240
22|267|15068209|3546|2332
23|267|14991885|3503|2322
27|267|15129788|3424|2409
10|267|15354443|3213|2188
13|267|15233810|3500|2440
31|267|15059504|3225|2153
20|267|15095626|3527|2460
1|267|14926079|3331|2303
30|267|15400216|3461|2356
26|267|15133830|3667|2583
9|267|15027069|2899|1874
3|267|15147560|3511|2393
4|267|15274967|3265|2278
29|267|15183373|3427|2283
19|267|14970345|3271|2151
10|268|14492571|3520|2220
6|268|14612989|3459|2219
13|268|14501778|3377|2183
23|268|14565579|3481|2247
30|268|14471529|3491|2201
27|268|14590935|3555|2251
1|268|14448205|3373|2099
2|268|14709338|3427|2221
8|268|14816032|3548|2336
20|268|14470317|3569|2254
15|268|14635911|3345|2132
7|268|14650951|3064|1917
19|268|14346984|3468|2140
18|268|14661021|3170|2037
17|268|14628311|3578|2283
25|268|14797820|3566|2243
0|268|14579661|3506|2188
21|268|14718771|3408|2206
28|268|14779508|3558|2256
29|268|14374276|3460|2243
26|268|14441514|3415|2223
9|268|14424851|3461|2200
14|268|14815998|3639|2455
22|268|14592663|3563|2249
24|268|14608431|3391|2193
5|268|14667721|3334|2155
4|268|14358987|3403|2096
31|268|14539709|3636|2285
12|268|14913228|3480|2224
3|268|14498827|3285|2077
16|268|14950128|3671|2260
11|268|14902992|3415|2211
3|269|15207151|3476|2224
2|269|15596729|3872|2574
22|269|15343584|3607|2320
1|269|15603367|3530|2309
28|269|15468369|3637|2385
5|269|15364315|3487|2220
9|269|15363037|3803|2417
11|269|15188016|3560|2294
6|269|15703735|3602|2372
10|269|15715795|3493|2319
15|269|15554264|3166|2014
0|269|15437047|3397|2276
13|269|15698481|3503|2305
12|269|15249564|3647|2385
17|269|15489275|3529|2376
16|269|15223445|3526|2365
21|269|15448606|3633|2384
20|269|15581439|3456|2250
23|269|15686101|3608|2344
25|269|15482909|3821|2397
26|269|15411719|3832|2490
19|269|15545775|3852|2537
8|269|15571581|3537|2277
18|269|15534398|3352|2155
24|269|15352614|3353|2186
29|269|15453553|3642|2263
14|269|15397328|3544|2343
7|269|15530363|3601|2315
30|269|15723773|3594|2330
4|269|15269623|3432|2233
31|269|15371106|3784|2613
27|269|15844576|3560|2222
0|270|18447169|3903|2784
6|270|18512793|4224|2967
21|270|18414361|3836|2777
5|270|18596608|3639|2547
20|270|18435826|3836|2697
8|270|18286974|4288|3187
9|270|18552455|4337|3255
4|270|18195285|3914|2833
16|270|18416807|3737|2611
2|270|18638733|4011|2951
18|270|18297118|3833|2762
17|270|18438007|3723|2676
11|270|18544882|3866|2809
15|270|18504134|3634|2529
19|270|18332858|3943|2895
3|270|18667168|4292|3060
1|270|18586978|3799|2709
13|270|18492399|4186|3119
10|270|18796411|3156|2091
26|270|18367694|4027|2773
28|270|18613214|3817|2829
25|270|18384588|3959|2808
7|270|18219053|3733|2635
29|270|18288388|3935|2768
27|270|18199305|3797|2586
22|270|18662404|3708|2713
23|270|18411377|3824|2587
14|270|18283880|3664|2620
12|270|18443061|3979|2810
31|270|18229669|4036|2921
30|270|18269874|3757|2477
24|270|18300105|4145|3098
5|271|19812251|3784|2405
7|271|19529044|4531|3147
13|271|19630741|4312|3128
12|271|19415216|4098|2698
6|271|19851546|4185|2821
15|271|19650171|4394|2955
4|271|19758758|4325|2958
16|271|19753847|4324|2977
10|271|19593994|4339|2913
11|271|19694564|4142|2881
17|271|19708933|4302|2934
3|271|19611432|3963|2524
14|271|19458061|3915|2630
22|271|19489637|4112|2783
8|271|19808351|4112|2743
2|271|19744084|4381|2979
19|271|19663916|4521|3082
24|271|19407131|4204|2964
23|271|19473140|3861|2597
18|271|19729496|3928|2656
21|271|19882741|4180|2754
26|271|19595370|4458|3095
27|271|19514544|4065|2687
28|271|19583884|4489|3226
30|271|19430555|4060|2763
20|271|19845258|4380|3003
0|271|19872103|4499|3103
29|271|19544022|4219|2769
31|271|19459864|4431|3001
25|271|19587323|4153|2769
1|271|19672574|3868|2471
9|271|20022202|3992|2614
3|272|15355822|3502|2302
4|272|15468049|3465|2556
6|272|15505891|3730|2476
13|272|15559895|3460|2393
8|272|15318953|3557|2476
20|272|15221308|3550|2522
29|272|15213280|3526|2396
24|272|15384135|3488|2468
7|272|15544731|3638|2501
11|272|15440931|3577|2455
12|272|15536893|3189|2178
15|272|15517890|3478|2354
2|272|15296906|3774|2649
16|272|15502897|3546|2328
26|272|15271730|3373|2235
21|272|15290188|3331|2127
23|272|15320948|3587|2411
22|272|15401517|3577|2604
5|272|15857599|3257|2072
19|272|15353066|3351|2242
17|272|15452779|3442|2292
14|272|15431791|3432|2568
0|272|15118243|3493|2395
31|272|15179195|3538|2490
28|272|15262521|3510|2391
25|272|15170501|3553|2285
30|272|15251995|3319|2202
10|272|15441137|3684|2453
1|272|15077719|3695|2712
27|272|15341606|3567|2419
18|272|15310877|3683|2478
9|272|15576816|3262|2072
7|273|16881465|3681|2515
1|273|16580098|3823|2787
29|273|16949159|3888|2704
28|273|16680844|3981|2922
14|273|16692340|3761|2878
11|273|16879277|4013|2929
8|273|16960320|3750|2712
19|273|16725743|3863|2768
6|273|17006482|3776|2737
20|273|16940434|4111|3159
23|273|16775818|3884|2787
2|273|16836270|4508|3600
24|273|16921293|3644|2598
3|273|17016173|4272|3261
5|273|16749941|3892|2872
25|273|16639224|3975|2628
16|273|16829636|4083|3127
12|273|16868246|3789|2796
17|273|16724871|4054|2920
13|273|17002955|4054|2951
21|273|16798661|3742|2779
15|273|16855422|3937|2914
18|273|16563135|3889|2716
22|273|16780571|3990|2936
31|273|16687575|3766|2634
0|273|16664746|4077|3036
30|273|16647650|3767|2729
26|273|16836977|3643|2766
4|273|17011380|4234|3307
10|273|16699914|3975|3038
9|273|16703381|3017|2077
27|273|16936643|3281|2167
1|274|23697496|3912|2812
4|274|23276700|4469|3285
19|274|23652125|4625|3428
20|274|23639948|4803|3656
16|274|23533021|4759|3632
9|274|23315741|4142|2837
11|274|23671409|4682|3496
6|274|23611170|4612|3604
5|274|23501111|4555|3379
3|274|23499291|3498|2504
12|274|23468265|4015|2855
14|274|23697808|4505|3306
17|274|23451927|4733|3372
10|274|23275817|4555|3497
18|274|23389297|4788|3701
21|274|23432793|4680|3431
13|274|23446693|4707|3445
0|274|23309646|3845|2819
22|274|23391590|4689|3472
15|274|23421907|4730|3496
24|274|23580084|4914|3733
23|274|23620067|4716|3522
30|274|23349373|4823|3659
25|274|23531972|4684|3449
28|274|23744434|4876|3696
29|274|23759343|4613|3358
26|274|23345985|4634|3485
2|274|23546761|3961|2867
7|274|23735546|4821|3723
31|274|23411794|4804|3671
27|274|23307391|3910|2832
8|274|23654609|4497|3411
4|275|18953711|3831|2758
13|275|18745377|3789|2636
7|275|18564387|3974|2771
17|275|18834923|4294|3153
21|275|18811472|3755|2755
28|275|18691224|3866|2708
31|275|18625296|4178|2998
8|275|18521470|4038|2783
12|275|18849790|3748|2752
0|275|18721208|3786|2629
3|275|18871711|3764|2586
16|275|18957024|3904|2838
5|275|18892071|4110|2935
10|275|18814815|3882|2722
6|275|18913539|4324|3215
20|275|18985444|4114|2857
19|275|18993506|4252|3126
1|275|18981063|3682|2613
18|275|18810966|4229|3043
25|275|18680732|4019|2730
23|275|18712148|4525|3480
24|275|18730082|4096|3008
15|275|18742726|4164|2937
29|275|18654820|3839|2638
22|275|18759078|3943|2816
14|275|18877735|3980|2883
9|275|18923497|3522|2320
26|275|18660146|3896|2806
2|275|18576952|3936|2670
30|275|18729948|4052|2856
11|275|18911637|4005|2785
27|275|18897249|3345|2156
0|276|24845282|4413|3038
17|276|24964543|4462|3039
22|276|24670586|4888|3481
24|276|24734530|4839|3416
26|276|24638366|4707|3407
7|276|24972913|4718|3349
6|276|24793780|4856|3541
15|276|24673610|4618|3199
19|276|24774288|4775|3358
11|276|24547581|4609|3395
18|276|24744129|4708|3402
3|276|24858613|4572|3126
4|276|25003707|4831|3438
1|276|24761280|4832|3402
8|276|24907390|4273|2879
14|276|24634714|4594|3146
13|276|25009225|4528|3259
20|276|24802367|4940|3495
21|276|24975354|4895|3457
12|276|24906090|4666|3311
16|276|24873119|4741|3351
25|276|24748096|4807|3357
23|276|24737957|4985|3623
5|276|24808187|4643|3152
10|276|24796045|4756|3216
31|276|24975599|4977|3649
28|276|24990637|4716|3325
27|276|24570159|3854|2343
2|276|24552258|4786|3404
29|276|24717820|4887|3432
30|276|24627192|4944|3498
9|276|24712885|3844|2523
0|277|18043279|4104|2994
4|277|17854153|4029|2941
11|277|17912878|4164|3112
19|277|17961677|4295|3231
30|277|17615738|4144|2962
5|277|17670739|3786|2705
27|277|17689480|3429|2309
8|277|17827459|4014|2866
10|277|17662697|3868|2745
3|277|17856549|4135|2927
13|277|17808515|4024|2973
2|277|17592872|4193|3015
16|277|17744944|4167|2983
12|277|17763047|3722|2668
15|277|17970942|4291|3305
14|277|17834476|4034|2819
17|277|18062494|4158|3023
18|277|17916057|4096|3018
21|277|17792343|4020|2965
20|277|17811074|4452|3354
22|277|18058263|4273|3182
6|277|17957483|4177|3054
23|277|17729748|4293|3177
26|277|18031464|4119|3087
29|277|17629111|4028|2870
28|277|17680643|4315|3158
24|277|18068518|4247|3019
31|277|17704492|4156|3112
25|277|17778888|4134|2979
1|277|17838775|3982|2858
7|277|17975584|4120|3073
9|277|18140604|3547|2341
0|278|14028090|3349|2467
5|278|13969844|3236|2302
12|278|13850328|3174|2190
6|278|13726253|2942|1956
20|278|13775453|3238|2352
2|278|13854984|3131|2171
10|278|13920785|3231|2329
11|278|14023972|3089|2226
28|278|13740993|3273|2254
23|278|13801079|3194|2217
14|278|13822001|3080|2130
3|278|13891122|3238|2318
16|278|13880669|3146|2196
8|278|13939030|3116|2190
19|278|14023854|3243|2262
18|278|13801477|3452|2687
22|278|13754437|3295|2358
7|278|13557846|3011|2120
15|278|14078434|3054|2100
1|278|13672969|2874|1892
29|278|13753895|2995|2042
30|278|14089159|3330|2356
9|278|13758391|2677|1754
27|278|14066520|2616|1765
24|278|13727816|2975|2075
4|278|14046382|3438|2518
17|278|13901878|2954|2075
13|278|13904453|3097|2162
21|278|13918836|3232|2145
25|278|13798707|3012|2134
26|278|13768832|3292|2217
31|278|13707786|3217|2338
1|279|15725132|3384|2465
2|279|15953610|3754|2791
9|279|15732159|2750|1867
14|279|15920582|3465|2570
25|279|15644211|3064|2089
7|279|15766835|3390|2585
23|279|15972930|3698|2787
8|279|15832586|3362|2296
11|279|15926516|3357|2344
10|279|15945743|3474|2490
4|279|15650175|3132|2176
24|279|15698578|3645|2722
22|279|15805550|3333|2345
19|279|15841588|3678|2734
18|279|15828040|3329|2410
15|279|15791994|3328|2368
3|279|15853396|3083|2102
21|279|15649086|3185|2160
26|279|15624402|3319|2359
16|279|15885480|3377|2414
12|279|16047858|3416|2419
13|279|15674398|3234|2405
6|279|15986848|3430|2490
29|279|15779458|3404|2542
0|279|16032724|3455|2437
30|279|15777404|3450|2533
28|279|15975819|3556|2618
31|279|15637609|3515|2557
17|279|15711512|3671|2728
20|279|16037570|3486|2630
5|279|16013554|3431|2514
27|279|15905996|3013|1949
5|280|16156078|3806|2685
2|280|16605713|4041|2823
20|280|16220750|4155|3023
3|280|16383420|3713|2570
18|280|16462186|3906|2792
13|280|16313042|3813|2666
8|280|16535065|3849|2757
1|280|16619155|3810|2687
10|280|16509506|4140|3155
14|280|16592584|3625|2620
12|280|16347551|3718|2672
17|280|16224352|3888|2711
19|280|16458998|3799|2730
24|280|16488819|3921|2702
22|280|16484108|3907|2840
23|280|16583937|3775|2740
26|280|16397529|3830|2800
30|280|16287347|3982|2875
7|280|16602937|3868|2730
29|280|16318904|3902|2776
6|280|16341077|3664|2610
0|280|16259064|3894|2716
15|280|16457561|3899|3085
21|280|16429197|3619|2424
31|280|16276720|3808|3024
28|280|16285722|4097|2977
4|280|16477228|4126|2885
16|280|16408998|4054|2812
11|280|16609267|3768|2648
25|280|16668453|3853|2685
9|280|16715367|3296|2211
27|280|16461652|3108|2115
2|281|13570795|3010|2129
3|281|13564744|3175|2246
14|281|13487196|3171|2279
25|281|13198541|3185|2276
19|281|13467316|3100|2190
27|281|13190516|2388|1637
24|281|13416870|3158|2211
20|281|13584946|3146|2231
5|281|13621541|3136|2226
17|281|13549716|2908|2016
6|281|13293790|2983|2104
30|281|13371219|3072|2123
28|281|13247029|2965|2311
22|281|13420357|2889|2122
16|281|13389659|3094|2132
23|281|13410227|3326|2462
21|281|13478263|3125|2105
15|281|13266569|3017|2138
8|281|13517171|3318|2449
12|281|13459557|3187|2319
26|281|13440546|3417|2302
9|281|13441604|2480|1670
4|281|13336307|2907|2083
18|281|13871785|3071|2101
1|281|13686155|2916|2071
0|281|13282404|3164|2199
29|281|13519817|2869|2033
7|281|13563022|2999|2110
10|281|13512925|3141|2193
11|281|13438122|2697|1930
31|281|13251613|3206|2392
13|281|13669283|2860|2086
2|282|13131474|3170|2450
10|282|12751210|2884|2122
0|282|12809335|2923|2097
7|282|12791433|2862|2091
11|282|12771439|2926|2228
25|282|13172048|3073|2320
28|282|13052724|3020|2248
30|282|13082794|3216|2333
20|282|13101364|3298|2347
26|282|12903079|3126|2363
27|282|13219260|2717|1826
19|282|13242210|2767|2050
21|282|12965016|2974|2218
18|282|12870052|2947|2156
5|282|13221255|2889|2058
17|282|13082086|3289|2501
1|282|12810033|2930|2096
23|282|13156941|2863|1983
31|282|12781387|2653|1988
29|282|12840076|3041|2261
6|282|13051036|2883|2132
4|282|12911639|2784|2106
15|282|12917599|2898|2128
8|282|13009827|2717|1956
24|282|13118252|2991|2256
9|282|12997913|2618|1741
22|282|13011131|3185|2365
13|282|12858305|2934|2053
14|282|13290332|2779|1987
3|282|13134446|2891|2176
12|282|12939221|2912|2090
16|282|13211797|2915|1991
2|283|14893988|3443|2375
15|283|14609546|3102|2207
21|283|14778461|3152|2189
30|283|14851654|3449|2541
28|283|14880382|3302|2407
7|283|14871108|3265|2219
10|283|14894456|3155|2308
0|283|14884302|3509|2494
13|283|14528233|3379|2349
11|283|14974803|3097|2211
8|283|14596319|3344|2249
4|283|14629031|3422|2533
14|283|14518770|3101|2181
16|283|14478032|3099|2183
9|283|14760924|2670|1804
18|283|14756089|3184|2269
20|283|14824557|3292|2429
6|283|14627707|3144|2353
25|283|14873819|3451|2502
23|283|14709757|3247|2228
29|283|14679605|3166|2306
17|283|14744519|3343|2319
24|283|14603012|3010|2236
19|283|14804241|3489|2559
5|283|14725815|3350|2335
26|283|14841283|3444|2506
22|283|14590314|3351|2446
31|283|14717074|3213|2427
12|283|14474699|3082|2247
3|283|14502378|3085|2169
1|283|14683238|3087|2220
27|283|15018820|3044|1936
4|284|15850421|3942|2800
7|284|15970005|3740|2678
14|284|15867484|3655|2440
21|284|16039497|3770|2611
18|284|15849131|3953|2757
29|284|15792669|3857|2732
13|284|15931336|3773|2759
3|284|15570975|3391|2280
5|284|15770359|3545|2332
12|284|15603170|3813|2770
0|284|15946917|3426|2348
10|284|15969557|3533|2422
16|284|15856080|4069|2985
1|284|15556228|3533|2426
19|284|15712358|3560|2469
22|284|15667829|3814|2787
20|284|15828784|3810|2827
17|284|15747527|3718|2647
6|284|15764205|3837|2679
15|284|16060188|4016|3016
25|284|15805715|3603|2467
23|284|15788142|3910|2859
26|284|15696217|3730|2560
24|284|15747532|3863|2872
8|284|15877926|3644|2576
28|284|16043846|3707|2633
31|284|15674970|3614|2537
30|284|16058966|3901|2804
2|284|16025789|3806|2753
11|284|15914065|3718|2601
27|284|15739670|3114|2053
9|284|16020031|3015|1978
0|285|19143507|4378|3223
13|285|19215734|4015|2904
15|285|19040277|4181|3000
21|285|19286276|4162|2945
19|285|19121676|4374|3190
10|285|19140252|4221|2968
7|285|19288113|3805|2648
6|285|19038145|4157|2963
12|285|19180914|4340|3169
27|285|18983727|3693|2454
1|285|19095714|4336|3171
16|285|19141950|4126|2941
3|285|19185275|4437|3131
17|285|19074640|4297|3003
14|285|19296040|4016|2888
24|285|18986536|4334|3242
2|285|18910242|4536|3287
25|285|19044939|4092|2926
22|285|19119026|4281|3109
20|285|19106007|4450|3191
4|285|19301588|4439|3236
18|285|19278254|4441|3124
23|285|19031828|4414|3136
28|285|18968958|4184|2970
31|285|18961176|4324|3098
8|285|18939803|4238|3148
30|285|18950867|4295|3068
5|285|19244530|4324|3108
26|285|19031309|4211|3052
29|285|19288322|4101|2872
11|285|18876953|4153|2943
9|285|19345702|3448|2210
0|286|16821592|3867|2580
3|286|16653633|3906|2896
6|286|16747578|3739|2624
1|286|16715343|3311|2202
31|286|16508519|3991|2884
15|286|16812683|3816|2724
11|286|16347549|3500|2356
4|286|16525076|3591|2672
7|286|16758599|3742|2638
18|286|16506939|3536|2368
8|286|16453531|3561|2413
22|286|16553029|3741|2501
20|286|16549511|3474|2324
10|286|16780064|3805|2720
28|286|16489146|3573|2434
12|286|16700527|3558|2428
13|286|16853440|3616|2447
19|286|16804399|3942|2638
21|286|16826205|3742|2513
30|286|16450131|3620|2338
24|286|16634690|3942|2815
17|286|16672007|3986|2789
2|286|16584357|3398|2188
25|286|16603539|3602|2418
16|286|16705957|3590|2491
26|286|16426937|4097|3171
29|286|16411979|3457|2386
5|286|16459557|3801|2462
23|286|16490694|3581|2434
14|286|16690645|3316|2187
27|286|16847458|3236|2047
9|286|16497336|3009|1860
7|287|15268754|3434|2599
4|287|15298655|3548|2827
2|287|15067440|3605|2732
9|287|14947291|2868|1988
23|287|15001624|3209|2421
3|287|15401259|3175|2254
0|287|15413190|3411|2490
22|287|15293373|3612|2642
27|287|15005475|2824|2041
30|287|15197683|3250|2314
16|287|15042962|3208|2468
6|287|15402822|3464|2625
14|287|14969279|3402|2545
17|287|15099097|3265|2444
5|287|15004458|3262|2230
21|287|15151025|3144|2374
18|287|15294049|3631|2632
10|287|15192981|3326|2350
11|287|15572768|3207|2205
19|287|15178181|3408|2654
29|287|15037224|3280|2246
24|287|15132808|3411|2484
20|287|15262033|3442|2516
31|287|15404261|3552|2720
28|287|15238767|3338|2381
26|287|15064939|3104|2190
8|287|15226513|3405|2540
15|287|15351519|3442|2496
1|287|15345171|3385|2540
12|287|15184923|3229|2353
25|287|15144836|3242|2252
13|287|15192581|3114|2350
5|288|14818495|3575|2360
2|288|15000980|4075|3137
16|288|14931884|3652|2602
29|288|14774161|3648|2363
1|288|14663248|3115|2077
30|288|14988584|3660|2479
15|288|14699835|3486|2466
12|288|14605678|3810|2819
6|288|14996081|3366|2339
3|288|14957199|3383|2276
22|288|14963261|3407|2354
8|288|14803037|3222|2108
26|288|14680730|3451|2422
17|288|14877715|3580|2375
18|288|14824243|3593|2498
20|288|14731178|3715|2700
4|288|15017641|3432|2313
19|288|14773962|3338|2288
23|288|15015366|3526|2403
24|288|14751433|3519|2319
25|288|14630491|3181|2227
9|288|15304116|2898|1862
31|288|14740271|3594|2654
28|288|14727767|3598|2618
21|288|15180486|3211|2104
7|288|15033453|3621|2534
14|288|14872378|3849|2842
11|288|14774045|3470|2369
27|288|15061438|3008|1982
10|288|14805802|3662|2480
13|288|14569908|3208|2266
0|288|14956950|3723|2609
4|289|16450099|3530|2267
2|289|16697657|3368|2216
19|289|16477164|3762|2539
26|289|16577216|3914|2757
30|289|16707641|3902|2812
0|289|16305169|3532|2247
5|289|16721231|3633|2367
3|289|16570739|3848|2599
6|289|16614312|3771|2534
14|289|16326452|3962|2612
12|289|16631176|3871|2669
13|289|16261260|3777|2449
21|289|16367183|3777|2451
10|289|16282914|3627|2366
25|289|16432497|3891|2597
11|289|16327807|3725|2481
28|289|16392251|3964|2817
22|289|16593008|3859|2562
27|289|16556352|3180|1949
29|289|16701313|3992|2702
15|289|16670113|3852|2706
18|289|16538149|3777|2549
31|289|16415694|4021|2707
24|289|16469091|3884|2658
17|289|16560646|3816|2462
7|289|16325570|4030|2741
23|289|16494723|4054|2736
9|289|16824315|3392|2135
1|289|16665987|3672|2541
8|289|16539312|3881|2715
16|289|16684661|3745|2538
20|289|17155265|4053|2738
0|290|20281042|3918|2520
11|290|20146766|4391|3104
12|290|20239162|4249|2877
23|290|20003706|4747|3312
28|290|20185426|4805|3430
2|290|20440040|4586|3194
8|290|19938350|4437|3090
25|290|20268459|4087|2800
1|290|19946758|4452|2972
18|290|20070872|4879|3577
17|290|20023305|3927|2551
3|290|20275878|4450|3027
27|290|20126815|3895|2565
10|290|20210852|4862|3566
14|290|20276075|4747|3277
20|290|19750265|4870|3467
19|290|20379506|4950|3417
22|290|20149361|3958|2600
30|290|20355526|3938|2606
4|290|20425608|4755|3390
21|290|20236679|4823|3363
24|290|20055335|4850|3407
9|290|19958263|3854|2530
26|290|20388830|4465|2979
15|290|20074788|4534|3175
31|290|20092628|4827|3338
5|290|20367551|4403|3170
13|290|20292197|4767|3201
16|290|19915079|4599|3279
6|290|20283253|4633|3155
7|290|20090894|3528|2269
29|290|20190934|4702|3357
3|291|19018895|4176|2860
10|291|19005363|4742|3505
8|291|19120395|4582|3189
20|291|19000907|4660|3243
27|291|19078745|3711|2417
29|291|18749459|4560|3152
30|291|19004563|3949|2589
11|291|19219292|4463|3138
9|291|18879946|3827|2571
12|291|19198948|4144|2827
23|291|19193661|5305|3922
25|291|19134107|4378|3014
6|291|18758064|4416|2972
14|291|19023774|4278|2851
1|291|19093031|4540|3149
18|291|19104850|4790|3480
16|291|18772199|4374|3012
15|291|18866042|4541|3169
26|291|18881180|4663|3269
5|291|18816809|4377|3142
19|291|19004456|4852|3431
24|291|18907259|5061|3656
28|291|19191409|4600|3230
7|291|18754530|3758|2402
4|291|18916210|4469|3016
21|291|18956097|3683|2532
2|291|19144153|4865|3477
22|291|19014943|4002|2592
31|291|18883600|4704|3311
17|291|19137279|3898|2555
0|291|19206622|4511|3260
13|291|18984657|3822|2442
0|292|18105623|4100|2989
5|292|18310366|4188|3048
3|292|18638738|4597|3411
16|292|18383670|4359|3235
7|292|18250816|4174|3095
15|292|18395783|4930|3778
25|292|18519004|4147|2907
27|292|18646768|3797|2653
31|292|18255751|4574|3494
8|292|18620853|4381|3200
12|292|18617876|3936|2777
11|292|18570821|4326|3249
1|292|18445491|4477|3348
17|292|18182383|3741|2542
19|292|18340713|4770|3485
2|292|18190837|4585|3475
14|292|18481866|4396|3187
21|292|18257185|3605|2394
24|292|18339884|4538|3320
23|292|18536147|4894|3670
22|292|18228382|3788|2679
9|292|18568711|3713|2596
28|292|18330368|4245|2888
10|292|18685476|4585|3441
18|292|18448737|4380|3257
26|292|18400236|4502|3408
6|292|18465421|3737|2690
30|292|18618064|3604|2456
29|292|18639879|4556|3388
4|292|18259380|4000|2958
20|292|18614470|4411|3239
13|292|18141256|3657|2434
1|293|20222028|4377|3005
3|293|20379369|4468|3218
18|293|20072073|4625|3420
31|293|20355546|4545|3314
2|293|20198835|4397|3173
8|293|20291026|4407|3177
27|293|20420841|3656|2489
21|293|20174559|4412|3214
15|293|20359674|4426|3276
10|293|20084167|4638|3433
14|293|20193473|4179|3004
9|293|20116836|3468|2347
16|293|20394990|4649|3387
7|293|20380573|4738|3525
20|293|19972045|4732|3513
19|293|20230321|4504|3264
26|293|20060401|4212|3009
4|293|19963750|4783|3791
13|293|19959039|3426|2416
24|293|20166506|4568|3316
12|293|20621787|3326|2141
11|293|20283887|4085|2911
23|293|20152533|4687|3465
17|293|20253468|3743|2568
29|293|20019699|4245|3062
28|293|20127612|4452|3191
5|293|20394809|4486|3187
30|293|20056117|3813|2594
0|293|20418672|4365|3122
22|293|20234933|3642|2445
6|293|20177266|3523|2351
25|293|20359890|4234|3030
1|294|16952225|4045|2970
3|294|16931111|3721|2639
9|294|16749066|3118|2129
22|294|16470994|3217|2194
30|294|16529101|3207|2197
2|294|16862420|3746|2690
29|294|16609825|3653|2579
5|294|16499348|3472|2372
7|294|16696562|3762|2672
8|294|16856749|3755|2734
18|294|16918592|3940|3081
15|294|16816135|3721|2656
11|294|16591827|3521|2686
24|294|16621139|4075|3009
20|294|16702095|3757|2729
10|294|16775865|3898|3041
25|294|16419837|3803|2732
6|294|16691040|3107|2070
23|294|16579970|4098|3119
26|294|16678142|3824|2777
17|294|16567196|3059|2198
19|294|16693763|3770|2644
28|294|16543229|3476|2505
21|294|16842040|3559|2505
4|294|16637661|3672|2664
0|294|16457915|3475|2537
31|294|16956284|3744|2766
14|294|16765473|3729|2572
13|294|16740878|2895|1961
12|294|16766013|3108|1967
27|294|17070434|3051|2068
16|294|16738981|3741|2615
1|295|21253835|4562|3363
4|295|20867679|4388|3196
12|295|20809660|4232|3056
31|295|20887660|4590|3379
29|295|21226492|4449|3181
2|295|21192489|5066|3888
3|295|21262974|4206|2998
7|295|21142618|4961|3946
10|295|21017989|4725|3585
6|295|20992433|3711|2526
9|295|21242570|3633|2646
11|295|21085842|4509|3400
16|295|20783327|4410|3231
13|295|21003676|3757|2580
19|295|20945127|5060|3985
15|295|21118517|4904|3696
23|295|20999721|4938|3874
24|295|21076232|4809|3623
21|295|20917678|4540|3333
20|295|21062645|4655|3301
25|295|21031272|4499|3310
22|295|21260714|4121|3023
26|295|20991866|4725|3561
27|295|20813919|3894|2665
5|295|21144423|4579|3297
17|295|20985839|3780|2777
28|295|20955938|4674|3488
30|295|21268934|3925|2851
14|295|20886943|3865|2563
8|295|21123043|4798|3603
18|295|21184049|5036|3874
0|295|20853217|4689|3511
0|296|17387164|3677|2698
1|296|17920344|3814|2818
7|296|17822286|4014|2990
9|296|17800009|3145|2222
27|296|17611142|3309|2260
25|296|17678960|3547|2444
16|296|17736876|3619|2477
4|296|17914525|3977|2992
14|296|17572264|2974|2007
12|296|17905921|3743|2586
11|296|17773382|3799|2818
21|296|17664543|3789|2670
24|296|17683113|3745|2760
30|296|17668026|3260|2151
15|296|17719692|3645|2626
10|296|17834528|3852|2830
23|296|17708702|4023|2920
18|296|17460112|3912|2851
17|296|17775621|3224|2093
6|296|17822212|3204|2290
20|296|17661729|3745|2782
29|296|17915007|3448|2481
3|296|17819658|3690|2584
31|296|17944396|4127|3172
28|296|17565813|4059|3051
2|296|17846367|4142|3062
22|296|17662468|3213|2300
26|296|17669003|3932|2893
8|296|17427484|3629|2637
13|296|17845484|3062|2082
19|296|17735906|4093|3032
5|296|17517465|3833|2598
5|297|16507385|3380|2287
7|297|16965578|3779|2792
3|297|16689685|3806|2696
25|297|16967030|3440|2412
2|297|16603218|3937|2860
27|297|17007266|3168|2136
29|297|16765075|3715|2766
0|297|17022961|3718|2609
12|297|16880947|3463|2346
11|297|16865179|3756|2672
19|297|16561130|3901|2849
16|297|16934692|3452|2460
15|297|16814877|3794|2883
23|297|16785680|3886|2815
21|297|16862918|3661|2535
31|297|16678091|3858|2848
10|297|16759146|3422|2335
24|297|16853417|3866|2746
26|297|16627478|3821|2795
6|297|16751912|3173|2115
14|297|16924960|3039|1959
9|297|16998486|3107|2110
18|297|16798427|4076|2952
22|297|16658010|3240|2220
1|297|16984097|3583|2603
28|297|16695126|3789|2651
20|297|16769762|4130|2954
8|297|16557504|3693|2569
4|297|16905600|3666|2670
13|297|16660007|3117|1974
17|297|16840534|3081|2072
30|297|16963263|3482|2312
8|298|18634277|4028|2974
11|298|18934062|4061|2951
19|298|18922878|4520|3347
13|298|18642623|3294|2330
28|298|18728321|4436|3414
7|298|19045294|3938|2970
3|298|19033563|4058|2892
10|298|18819918|4050|2903
23|298|18870682|4696|3660
12|298|18954630|4014|2934
16|298|18903107|4246|3179
15|298|18890631|4677|3647
2|298|18994802|4888|3744
4|298|18637150|4357|3289
18|298|18738162|4651|3604
9|298|18752317|3680|2624
24|298|18817435|4387|3271
20|298|18668286|4516|3352
5|298|19068914|3868|2734
17|298|18607810|3391|2265
6|298|18799180|3400|2333
25|298|19058596|4262|3172
29|298|19019318|3974|2907
22|298|18747766|3590|2502
21|298|18884772|4031|2857
26|298|18824384|4463|3337
27|298|19042944|3645|2482
0|298|18957644|3701|2653
31|298|18878018|4241|3040
30|298|18630896|3423|2425
1|298|18687555|4045|2819
14|298|18840771|3078|2034
1|299|17805248|4069|2893
5|299|18039725|4044|2965
10|299|18238931|3932|2823
16|299|18204015|4073|2894
26|299|17969713|4470|3328
8|299|18369099|4317|3170
11|299|18358578|4223|2924
3|299|18244422|4489|3322
4|299|18132516|4041|3103
6|299|18024105|3412|2253
9|299|18115245|3687|2490
21|299|17965950|3927|2949
7|299|18306708|4270|3094
18|299|18140257|4064|2874
23|299|18243201|4491|3469
0|299|17875478|4054|2962
14|299|17841507|3281|2296
15|299|18194137|4217|3051
19|299|18362141|4456|3256
12|299|18232825|3789|2626
17|299|18064917|3405|2276
20|299|18106569|4408|3284
25|299|18037792|3997|2862
31|299|17905031|3940|2841
24|299|18123008|4291|3265
28|299|18339045|4374|3309
22|299|18005250|3441|2345
27|299|17947750|3532|2459
29|299|18028949|4040|2858
2|299|18138608|4260|3177
30|299|17895239|3441|2255
13|299|18400452|3577|2423
1|300|18052150|3664|2676
3|300|17932699|4226|3158
14|300|17801700|3909|2883
15|300|17778852|4198|3136
31|300|17720494|4600|3682
4|300|17918358|4217|3217
30|300|17621335|3397|2400
10|300|18025031|3952|2880
12|300|17723691|4159|3095
23|300|17832254|4264|3312
20|300|17712061|4316|3300
11|300|17963541|4213|3142
21|300|17887419|3751|2706
16|300|18018247|4007|2976
19|300|17763507|4384|3375
7|300|17849166|3592|2471
6|300|17930442|3561|2329
17|300|17750717|3604|2479
2|300|17570130|4368|3385
25|300|17711738|3996|2961
5|300|18087562|4230|3189
24|300|17695565|4191|3235
9|300|17933241|3609|2709
26|300|18026435|4417|3367
18|300|17886587|3471|2469
28|300|17685796|4428|3383
22|300|17673269|3312|2272
29|300|17641553|3939|2959
27|300|17670092|3518|2481
0|300|17808732|4400|3437
8|300|17966483|4175|3068
13|300|17623790|3106|2147
5|301|21566450|4698|3304
1|301|21883170|4608|3311
11|301|21722745|4643|3310
8|301|21422227|4739|3400
25|301|21633410|4977|3615
28|301|21555871|4449|3275
30|301|21871144|3964|2787
0|301|21444494|4359|3063
3|301|21895666|4482|3198
23|301|21781286|4682|3342
14|301|21889713|4533|3208
15|301|21860745|4925|3607
21|301|21737014|4683|3248
2|301|21628376|4718|3390
10|301|21803417|4741|3384
16|301|21712838|4871|3483
24|301|21605670|5058|3648
19|301|21720685|5212|3795
26|301|21576465|4776|3447
13|301|21418041|3819|2663
20|301|21791185|5097|3711
18|301|21560669|4062|2814
4|301|21881132|4955|3559
22|301|21543174|4218|2857
12|301|21793892|4873|3409
27|301|21507314|4147|2849
31|301|21904123|4997|3630
7|301|21683428|4624|3275
9|301|21629036|4149|2846
29|301|21541691|4457|3028
17|301|21764319|3856|2509
6|301|21831283|3927|2527
1|302|19725103|4064|2908
8|302|19715699|4226|3190
25|302|19716974|3798|2645
24|302|19518110|4123|3048
30|302|19718467|3565|2308
19|302|19475411|4348|3039
31|302|19407859|4115|3049
21|302|19552390|4066|2720
12|302|19366737|3701|2535
14|302|19589867|3778|2670
7|302|19321955|4080|2889
16|302|19514460|3874|2745
20|302|19439566|4387|3194
4|302|19407951|3936|2870
26|302|19483567|3992|2909
17|302|19282021|3312|2139
29|302|19303901|4030|2819
6|302|19512507|3088|2064
23|302|19630572|4112|2952
18|302|19446586|3638|2382
0|302|19661617|4026|2836
5|302|19794123|4046|2836
28|302|19719277|4135|2969
10|302|19514672|3767|2710
15|302|19609485|4169|2937
9|302|19350758|3599|2372
27|302|19401884|3642|2356
3|302|19612889|3658|2539
22|302|19447579|3379|2215
11|302|19729620|4065|2901
13|302|19672922|3186|2002
2|302|19527026|4010|2800
0|303|22384981|4894|3601
14|303|22588852|4899|3547
4|303|22492953|5140|3775
31|303|22677611|4710|3367
16|303|22536128|4812|3536
22|303|22352213|4397|3031
11|303|22251696|4572|3357
1|303|22728203|4757|3462
17|303|22633075|4504|3166
24|303|22678218|5028|3699
12|303|22606550|4776|3547
3|303|22276504|4769|3506
15|303|22350887|4540|3181
8|303|22724925|4939|3635
6|303|22462132|3755|2533
25|303|22726659|5012|3689
9|303|22346683|3972|2705
18|303|22442137|4194|2873
13|303|22266126|3857|2711
21|303|22648254|4972|3485
19|303|22687459|5171|3811
7|303|22596902|5059|3742
29|303|22496388|4725|3344
20|303|22567524|5283|3910
23|303|22473598|5186|3942
27|303|22349435|3702|2501
30|303|22706724|4153|2798
28|303|22412073|5413|3934
2|303|22214311|5196|3845
26|303|22546083|5060|3761
5|303|22369835|4658|3395
10|303|22349666|5055|3733
1|304|19417883|4134|2988
2|304|19047329|4322|3126
21|304|19231806|3983|2810
13|304|19266871|3550|2364
28|304|19126786|4409|3218
7|304|19167826|4514|3311
8|304|19315518|4242|3001
0|304|19557524|4154|2864
11|304|19453075|4410|3197
14|304|19572169|4216|3011
6|304|19308529|3608|2404
9|304|19273279|3632|2416
15|304|19346916|4688|3453
17|304|19606110|3659|2421
10|304|19019042|4096|2835
16|304|19525460|4357|3195
19|304|19215141|4627|3485
23|304|19154101|4469|3213
25|304|19309405|3967|2763
5|304|19001280|3985|2724
20|304|19169989|4612|3344
18|304|19272513|3514|2366
22|304|19508675|3660|2446
24|304|19423592|4530|3334
31|304|19568974|4333|3057
26|304|19083401|4521|3235
4|304|19528239|4439|3293
27|304|19163788|3507|2299
3|304|19333357|4513|3185
29|304|19217359|3953|2700
30|304|19161241|3685|2433
12|304|19386524|4203|2905
2|305|18569140|4906|3720
15|305|18423568|4769|3468
28|305|18568302|4922|3717
6|305|18489856|3566|2385
4|305|18185553|4863|3525
1|305|18611979|4331|3038
27|305|18274282|3635|2335
8|305|18504599|4397|3186
18|305|18400774|3692|2436
10|305|18386826|4554|3185
14|305|18461836|4059|2804
12|305|18093700|4046|2726
16|305|18381568|4550|3303
20|305|18306477|5001|3735
23|305|18353472|5051|3858
3|305|18143549|4441|3140
21|305|18579148|4446|3166
25|305|18335706|4500|3150
26|305|18232019|4844|3677
24|305|18262770|5159|4020
19|305|18364116|4987|3727
13|305|18569569|3713|2452
17|305|18745878|3581|2342
22|305|18283044|3895|2643
29|305|18168257|4292|3021
5|305|18301344|4434|3244
11|305|18470126|4454|3258
9|305|18519603|3689|2422
7|305|18518555|4683|3314
30|305|18240562|3751|2446
0|305|18494010|4499|3288
31|305|18252480|4361|3107
2|306|20610288|4821|3501
10|306|20492656|3827|2639
7|306|20208298|4426|3157
24|306|20370590|4515|3332
31|306|20191054|4485|3267
1|306|20544045|4443|3235
12|306|20537718|3595|2413
15|306|20608648|4696|3437
9|306|20213671|4004|2841
22|306|20402258|3534|2292
3|306|20374962|4441|3141
20|306|20434636|4682|3542
18|306|20515440|3774|2595
14|306|20488421|4457|3151
13|306|20318352|3709|2511
11|306|20249300|4617|3398
25|306|20383480|4321|2996
19|306|20337771|4877|3659
17|306|20311557|3737|2437
5|306|20228967|4392|3094
21|306|20402076|4559|3287
27|306|20566641|3876|2675
23|306|20451363|4887|3650
16|306|20482982|4187|3075
0|306|20142363|4564|3295
29|306|20305418|4400|3088
30|306|20221220|3618|2620
28|306|20656700|4364|3203
26|306|20401944|4739|3449
4|306|20559928|4595|3414
6|306|20586124|3721|2566
8|306|20514319|4567|3344
11|307|25792854|4893|3718
4|307|25575563|4498|3316
8|307|25554345|4510|3232
27|307|25751394|4061|2821
3|307|25880542|4303|3086
18|307|25951483|3425|2205
13|307|25927813|3943|2746
12|307|26073694|3737|2683
14|307|25859497|4436|3236
5|307|25764022|4967|3690
20|307|25906306|4689|3422
1|307|25970651|5032|3892
28|307|25635758|4587|3527
10|307|26243350|3903|2761
19|307|26006000|5229|4146
0|307|25699067|4711|3432
29|307|25692830|4308|2979
31|307|26039970|4843|3626
2|307|26045782|5100|3902
21|307|25781340|4396|3209
15|307|25951449|4339|3182
7|307|26024487|4960|3798
9|307|26036898|4066|2854
17|307|25874511|3661|2486
23|307|25708845|4963|3681
22|307|26069456|3844|2711
25|307|25979724|4648|3248
26|307|25621327|4870|3675
16|307|25714465|4011|2782
6|307|26019830|3821|2603
30|307|25870269|4026|2765
24|307|26232616|4893|3594
1|308|19212664|4426|3258
3|308|19330158|4061|3043
5|308|19247928|4129|2984
9|308|19084785|3630|2468
13|308|19365247|3457|2450
0|308|19178050|4267|3099
8|308|19396945|3921|2797
14|308|19303076|4431|3323
2|308|19146818|4724|3518
19|308|19213609|4394|3177
23|308|19058083|4416|3265
10|308|19230826|3567|2328
4|308|19434586|4162|3004
16|308|18992427|4204|3057
11|308|19427722|4229|3132
20|308|19280733|4376|3244
6|308|18982403|3445|2414
25|308|19027283|4162|2931
15|308|19126853|4324|3199
17|308|19082112|3840|2677
12|308|19338646|3231|2289
26|308|19021463|4259|3182
24|308|18963302|4190|3174
29|308|19206318|4048|2871
22|308|19066786|3473|2422
28|308|19272968|4183|3073
18|308|19385503|3492|2354
31|308|19203572|4566|3553
21|308|19172522|3812|2619
27|308|19419796|3843|2738
30|308|19004392|3479|2449
7|308|19094794|4266|3160
2|309|18589631|4521|3477
4|309|18556756|4024|3054
21|309|18292956|3999|2853
7|309|18249417|4135|3057
11|309|18516252|3888|2799
10|309|18566546|3542|2433
9|309|18697696|3655|2590
19|309|18595697|4607|3292
8|309|18653311|3819|2795
14|309|18632709|4142|3068
0|309|18687057|4000|3009
13|309|18700288|3472|2380
1|309|18776075|4127|3032
6|309|18498161|3389|2359
26|309|18411200|4250|3056
12|309|18430950|3222|2297
15|309|18470064|4411|3363
5|309|18720430|3901|2760
18|309|18326338|3598|2493
25|309|18493132|4038|3002
30|309|18256289|3373|2347
20|309|18528329|3613|2557
24|309|18411773|4401|3225
3|309|18742752|3763|2519
28|309|18358886|4270|3128
22|309|18377531|3406|2402
16|309|18531399|4063|3011
31|309|18330481|3970|2970
23|309|18624116|4653|3554
29|309|18411969|3747|2716
27|309|18363750|3509|2261
17|309|18683244|3606|2501
0|310|19697053|3587|2530
1|310|19679219|4061|3106
7|310|19820241|4158|3042
19|310|19790897|4334|3174
20|310|19578121|3434|2512
23|310|19472290|4475|3499
30|310|19612846|3829|2889
4|310|19872315|4349|3295
25|310|19579890|3981|2838
2|310|19890921|4445|3293
24|310|19537407|4027|3019
17|310|19389630|3427|2349
6|310|19686425|3164|2147
26|310|19679424|4117|2913
12|310|19648847|3115|2246
9|310|19808888|3701|2540
16|310|19446221|4303|3204
13|310|19736688|3449|2430
10|310|19832423|3545|2539
15|310|19651706|4340|3332
21|310|19892542|4058|2959
5|310|19642741|4083|2859
14|310|19784465|4208|3137
22|310|19511732|3538|2631
29|310|19449306|4098|3088
28|310|19536574|4194|3209
27|310|19431936|3735|2627
8|310|19752371|3524|2494
18|310|19634697|3614|2647
31|310|19491344|4159|3180
3|310|19490800|3690|2520
11|310|19825043|4175|3122
4|311|19040411|4065|2819
3|311|18681016|4360|3245
0|311|19170580|4422|3273
11|311|18686692|4225|3129
19|311|19135914|4710|3626
7|311|19126885|4126|2997
2|311|19111511|3664|2547
1|311|19249926|3887|2724
5|311|18941027|4090|2832
16|311|18956010|4189|2838
20|311|19232895|3338|2318
26|311|19002212|3938|2731
21|311|18866119|3748|2484
15|311|18912243|4505|3325
28|311|18814649|3918|2783
31|311|18745700|4369|3295
29|311|18836506|4157|3086
27|311|18811671|3672|2515
23|311|19154496|3809|2651
17|311|19073504|3716|2551
30|311|19154844|4617|3311
8|311|18730773|4287|3054
22|311|18896231|3476|2325
24|311|19043070|4260|3133
18|311|18814540|3539|2373
6|311|19085811|3169|2095
9|311|19047138|3579|2509
14|311|18851728|4336|3196
10|311|18921630|3206|2213
12|311|19124993|3077|2014
13|311|19083745|3459|2315
25|311|19977766|4114|2972
15|312|64964658|7782|6458
24|312|64828619|8068|6873
10|312|64774500|5771|4625
7|312|65078837|8105|6727
20|312|65078967|6305|4927
11|312|65146801|7458|6182
2|312|65084299|5859|4601
17|312|64891975|5909|4716
1|312|65073594|5107|3696
5|312|65064177|7412|6093
14|312|64773364|7725|6448
21|312|64982822|7202|5569
4|312|65191403|7149|5913
16|312|65059049|7020|5843
18|312|64831987|5812|4613
8|312|64880588|7653|6407
27|312|64944824|6292|5094
3|312|65189763|7479|6201
19|312|65145808|8530|7029
23|312|64936234|6028|4804
29|312|64969593|7759|6396
22|312|64874389|6148|4810
9|312|64817086|5905|4586
6|312|64840287|5880|4753
0|312|65145285|7410|6150
28|312|64959730|7925|6692
30|312|64925581|7215|6079
31|312|65004992|6256|5080
26|312|65070844|8217|6939
25|312|64412076|6898|4530
13|312|64898758|5789|4550
12|312|68747355|6115|4728
1|313|21817939|4471|2968
0|313|21565881|5152|3652
17|313|21886926|4752|3300
30|313|21596059|5382|3917
24|313|22018173|5377|3871
5|313|21845505|4954|3522
4|313|21799145|5055|3500
11|313|21920873|4826|3396
19|313|21703189|5111|3672
13|313|21499822|4275|2841
2|313|21910528|4928|3534
23|313|21698345|4147|2690
22|313|21661189|4457|2972
6|313|21614301|4042|2616
12|313|18185479|3453|2269
14|313|21859446|4874|3438
31|313|21570552|3990|2550
16|313|21806483|5062|3594
9|313|21655501|4513|3039
27|313|21759049|4516|3012
21|313|21836441|5245|3720
3|313|21746761|4836|3317
20|313|21970687|4546|3158
18|313|21798845|4605|3148
25|313|21550091|4871|3375
29|313|21702616|5117|3591
10|313|21999374|4371|2926
26|313|21573167|4968|3464
28|313|21580741|4913|3443
15|313|22038750|5178|3730
8|313|21754239|4759|3259
7|313|21960900|5335|3815
1|314|21955473|4648|3180
0|314|21924806|4553|3057
12|314|21751234|4121|2682
6|314|21794199|3898|2514
5|314|21861677|4646|3245
11|314|21914185|4684|3207
16|314|21668661|4719|3202
27|314|21742666|3997|2546
14|314|21707069|4337|3071
10|314|21507798|4178|2690
24|314|21904302|5012|3590
7|314|21427777|4599|3198
15|314|21467638|4275|2845
4|314|21840232|4829|3350
26|314|21507006|4720|3257
25|314|21562498|4702|3197
30|314|21936242|4778|3276
18|314|21583466|3906|2525
29|314|21552839|4720|3220
9|314|21683269|3952|2518
22|314|21794154|3991|2590
17|314|21954748|4910|3461
28|314|21511439|4726|3290
2|314|21765521|4823|3364
20|314|21629966|3829|2551
31|314|21741561|4765|3297
19|314|21887699|5142|3750
3|314|21585727|4358|2949
21|314|21713234|4631|3125
23|314|21873514|3907|2561
8|314|21438965|4426|3007
13|314|21977042|3600|2297
1|315|22726505|4862|3408
3|315|22243723|4945|3468
0|315|22726553|5048|3611
17|315|22386343|4799|3347
25|315|22525037|4514|2979
24|315|22561550|4961|3483
22|315|22461548|4017|2698
23|315|22325899|4057|2682
11|315|22656812|4525|3028
19|315|22293747|4986|3530
21|315|22259384|4950|3465
26|315|22508291|5115|3643
4|315|22486210|4638|3153
8|315|22238711|4801|3418
16|315|22655411|4809|3361
30|315|22485240|4727|3329
12|315|22690478|4758|3298
5|315|22685184|4933|3441
31|315|22331308|4370|2849
6|315|22709871|3951|2552
29|315|22466483|4806|3380
27|315|22660142|4065|2705
9|315|22450809|3918|2582
10|315|22575859|4767|3312
20|315|22386703|3731|2421
7|315|22612207|4969|3487
18|315|22514562|3897|2615
15|315|22531075|5136|3767
28|315|22802148|4620|3195
13|315|22282525|3909|2540
2|315|22806864|5648|4120
14|315|22593643|4974|3515
2|316|22003775|4702|3222
1|316|22537554|4695|3299
3|316|22511888|4867|3657
30|316|22309955|5095|3562
14|316|22085192|4385|3100
10|316|22151635|4030|2682
24|316|22550691|4111|2713
13|316|22041789|4019|2635
0|316|22627475|4979|3665
15|316|22091706|5052|3849
16|316|22305555|4678|3213
11|316|22424499|4814|3378
21|316|22391710|4643|3294
27|316|22200842|3861|2482
22|316|22459774|3888|2577
25|316|22488846|4667|3157
28|316|22095299|4706|3294
17|316|22503963|5093|3760
12|316|22286924|4843|3424
18|316|22119486|4558|3201
31|316|22258990|4930|3407
23|316|22463728|3995|2711
26|316|22384022|4955|3365
20|316|22172947|4094|2819
9|316|22147318|4228|2821
7|316|22119569|4596|3127
29|316|22253492|4699|3206
4|316|22384432|4771|3436
5|316|22305630|4751|3329
19|316|22402810|5085|3616
8|316|22309309|4814|3361
6|316|22345722|4674|3239
1|317|19598671|4317|3437
11|317|19428907|4319|3448
0|317|19488937|3986|2948
3|317|19615544|4358|3469
2|317|19666946|4964|4131
30|317|19634095|4928|4032
7|317|19190164|4547|3597
23|317|19360102|3336|2420
14|317|19565697|4289|3441
18|317|19316738|4745|3835
26|317|19263481|4583|3711
16|317|19455860|4294|3321
19|317|19141587|4624|3667
4|317|19172622|3871|2988
17|317|19360605|4309|3285
25|317|19390482|3981|3026
5|317|19165275|3723|2789
29|317|19207889|4066|2975
8|317|19098506|4227|3202
31|317|19332148|4488|3477
9|317|19248565|3502|2507
28|317|19402144|4077|3099
24|317|19572724|3547|2680
10|317|19583928|3287|2356
20|317|19272871|3144|2299
22|317|19441568|3552|2697
13|317|19563402|3379|2418
12|317|19369841|4060|3045
6|317|19086056|4032|3061
21|317|19507600|4181|3279
15|317|19488294|4447|3446
27|317|19644628|3578|2597
3|318|14994464|3298|2745
7|318|14942732|3218|2690
2|318|15001179|3769|3203
14|318|14962252|3424|2793
1|318|15115633|3376|2715
21|318|14638296|3265|2549
25|318|14873614|3355|2750
6|318|14593283|3285|2627
8|318|14776943|3253|2475
17|318|14841340|3332|2589
4|318|14858672|3481|3041
10|318|14831001|2672|2031
11|318|15083547|3292|2783
5|318|14817656|3019|2486
0|318|15032739|3461|2912
15|318|14607421|3222|2497
18|318|14950710|3368|2667
13|318|14680717|2559|1947
12|318|14626899|3283|2712
20|318|14725762|2492|2044
22|318|14713270|2772|2321
16|318|14885674|3393|2740
28|318|14778688|3600|3095
26|318|14963698|3411|2813
31|318|14815501|3168|2589
9|318|14736709|2741|2124
30|318|15059373|3731|3239
23|318|15020036|2750|2189
29|318|14854157|3293|2737
24|318|14802811|2605|2093
19|318|14881181|3460|2845
27|318|15043852|2936|2105
5|319|15654273|3344|2668
1|319|15803565|3629|2967
4|319|15719316|3594|2863
6|319|15786296|4071|3311
12|319|15641354|3696|2988
30|319|15542594|3846|3096
29|319|15521006|3552|2917
0|319|15683112|3367|2454
7|319|15882347|3770|3026
20|319|15609963|2965|2151
9|319|15515078|2852|2168
28|319|15568141|3458|2774
2|319|15831877|3189|2398
17|319|15764762|3755|2864
25|319|15819419|3399|2618
19|319|15446237|3641|2838
11|319|15727151|3553|2938
27|319|15404629|2799|2032
22|319|15619322|2926|2314
23|319|15501094|2712|2107
16|319|15598316|3441|2489
18|319|15674640|3727|3032
24|319|15467477|2926|2173
21|319|15843891|3591|2945
3|319|15902664|3933|3209
14|319|15878441|3801|3237
31|319|15569280|3566|2862
13|319|15671437|2875|2242
26|319|15586274|3533|2937
8|319|15768647|3321|2447
15|319|15664710|3652|2821
10|319|15828413|2846|2112
1|320|20674810|4513|3330
2|320|20513024|4345|3320
16|320|20404245|4242|3088
25|320|20536570|4266|3157
27|320|20490397|3811|2625
13|320|20340166|3503|2351
8|320|20251647|4292|3074
7|320|20594893|4546|3296
12|320|20651720|4390|3161
17|320|20524133|4339|3258
9|320|20707073|3845|2630
18|320|20386080|4579|3510
5|320|20745947|4361|3144
11|320|20483031|4310|3150
21|320|20363368|4450|3130
15|320|20258311|4804|3637
4|320|20682507|4404|3282
20|320|20598845|3696|2577
19|320|20507898|4888|3790
14|320|20345392|4131|3037
22|320|20454073|3731|2519
23|320|20443513|3752|2706
24|320|20396410|3645|2516
26|320|20301629|4498|3206
28|320|20586715|4715|3469
3|320|20327431|4400|3147
30|320|20682121|4838|3663
0|320|20601965|4395|3192
29|320|20680458|4372|3261
6|320|20669055|4781|3537
31|320|20381708|4490|3408
10|320|20226707|3633|2514
1|321|19386597|4068|2826
7|321|19258191|4442|3394
26|321|19005631|4015|2781
30|321|18959534|4450|3247
0|321|18896898|3748|2516
17|321|19230461|4599|3350
18|321|19202360|4132|2871
2|321|19339844|4053|2805
15|321|19138423|3821|2608
12|321|19250222|3986|2804
6|321|18883322|4097|2932
8|321|19282854|4066|2933
4|321|19128271|4230|3164
21|321|19165349|4127|3102
9|321|19227676|3453|2451
19|321|19094395|4170|3027
25|321|19345070|4086|2826
3|321|18965974|4173|3142
31|321|18882783|3847|2620
13|321|19328234|3335|2263
23|321|19043360|3215|2222
14|321|19086150|4019|3008
20|321|19120814|3520|2391
11|321|19162166|3914|2779
16|321|19366477|4101|3042
22|321|19066290|3449|2412
5|321|19173948|4253|3066
24|321|19048571|3406|2420
29|321|18936816|3881|2764
28|321|19019109|4236|2975
27|321|19362212|3551|2363
10|321|18937510|2915|1903
3|322|17530079|4167|2930
10|322|17323456|3290|2204
14|322|17519465|3756|2608
31|322|17586396|4157|2978
25|322|17628136|3949|2727
2|322|17688324|4665|3606
4|322|17637092|3839|2712
1|322|17846722|3909|2824
9|322|17718859|3542|2405
7|322|17826214|4401|3250
16|322|17464145|3865|2720
5|322|17433522|3822|2619
13|322|17549711|3304|2171
23|322|17539161|3638|2407
15|322|17723817|4149|3123
11|322|17492492|4192|3110
21|322|17648975|4054|2755
17|322|17765901|4502|3255
19|322|17617275|4317|3296
8|322|17637212|3954|2860
18|322|17755440|4359|3161
24|322|17426064|3552|2408
20|322|17517673|3425|2337
27|322|17383542|3489|2350
30|322|17824957|4457|3290
29|322|17428746|3732|2586
28|322|17416467|4202|3161
26|322|17858055|4023|2814
12|322|17676474|3915|2689
0|322|17752438|3988|2799
22|322|17501375|3453|2277
6|322|17675456|4069|2962
3|323|15982971|3574|2627
2|323|15915704|3613|2702
1|323|15867772|3410|2463
6|323|15517147|3202|2193
16|323|15914449|3377|2476
13|323|15895778|2753|1926
20|323|15755950|3144|2089
18|323|15811265|2964|2009
30|323|15758941|2990|2089
7|323|15878643|3066|2199
9|323|15907960|3304|2231
15|323|15815406|3371|2390
14|323|15991859|3217|2239
17|323|15790445|3539|2661
19|323|15781802|3685|2806
12|323|15630223|3076|2118
0|323|15557323|3310|2446
21|323|15837381|3195|2121
11|323|15774592|3166|2306
10|323|16071273|2897|1924
26|323|15675644|3460|2263
27|323|15742063|3113|2224
28|323|15701432|3503|2741
23|323|15904682|2910|1976
4|323|15914405|3494|2449
29|323|15726864|3406|2475
22|323|15650767|2854|1961
24|323|15796752|3082|2012
31|323|16074802|3614|2765
5|323|15842517|3309|2277
25|323|16081125|3422|2282
8|323|15723774|3241|2207
2|324|23094737|4223|3143
17|324|22927764|4053|2859
3|324|23134094|4044|2905
13|324|23080338|3222|2257
23|324|22810947|3755|2649
22|324|22766465|3324|2235
28|324|22852589|3951|2794
29|324|22825135|4075|3005
1|324|23097906|4185|3110
4|324|22735850|3974|2881
21|324|22862659|3890|2644
31|324|22672348|3831|2718
30|324|23183309|3275|2201
15|324|22968738|4237|3026
6|324|23090539|4271|3082
20|324|23036472|3601|2506
25|324|22654065|3689|2679
0|324|22859954|3986|2858
24|324|22706392|3271|2315
10|324|22854750|3157|2114
7|324|23017609|4324|3160
8|324|22645739|3748|2693
12|324|22924922|4538|3291
18|324|23039544|3485|2350
9|324|22959394|4878|3737
26|324|22857247|4383|3190
27|324|22847890|4401|3143
5|324|22637325|3947|2919
16|324|23049747|3480|2407
11|324|22839518|3983|2804
19|324|22902582|4042|2844
14|324|22950503|4046|2835
1|325|21576498|4877|3698
2|325|21704568|5411|4190
6|325|21515002|4820|3526
28|325|21668178|3709|2715
29|325|21668389|3941|2826
26|325|21369983|4173|2922
24|325|21495613|3846|2699
3|325|21700482|4664|3459
9|325|21339177|5445|4335
5|325|21293941|4710|3384
0|325|21463596|4747|3637
4|325|21563749|5194|4163
19|325|21243639|5123|3915
15|325|21539261|5049|3847
10|325|21438886|3965|2860
16|325|21284865|4510|3247
13|325|21706415|4092|2946
14|325|21239676|4749|3526
17|325|21743519|5347|4158
18|325|21375056|4042|2880
22|325|21690804|4179|2954
23|325|21705787|4177|3141
25|325|21502560|4215|3184
11|325|21236986|4598|3335
21|325|21608076|4735|3351
20|325|21526508|4031|2833
31|325|21598716|4741|3590
7|325|21398541|4931|3834
27|325|21351866|3677|2578
8|325|21384148|4867|3766
12|325|21367555|4551|3342
30|325|21896484|3484|2346
1|326|19406002|4096|2971
6|326|19369998|4253|3036
11|326|19065848|3993|2940
28|326|19392571|3976|2772
29|326|19391239|3593|2527
31|326|19035769|4219|3077
2|326|19403850|4320|3283
17|326|19137235|4403|3247
14|326|19153418|3864|2709
7|326|18986447|4432|3476
9|326|19305905|4405|3238
19|326|19245533|4393|3220
4|326|19263264|4131|2943
25|326|19082379|3901|2796
8|326|18940882|4143|2951
21|326|19054557|4089|2756
16|326|19206524|4163|2996
27|326|18990123|3923|2837
15|326|19248836|4322|3171
22|326|19130828|3560|2476
13|326|19198830|3231|2366
0|326|19258266|3832|2832
24|326|19375152|3429|2507
26|326|19386975|4182|3270
18|326|19149048|3610|2450
20|326|19049403|3389|2443
12|326|18975132|3974|2990
23|326|19123044|3443|2511
3|326|19308274|3862|2816
30|326|18960931|3385|2264
5|326|19286565|3797|2836
10|326|19296780|3218|2197
1|327|18313322|4424|3335
5|327|17820547|3798|2590
3|327|17869377|4228|3047
8|327|18124001|4087|2889
31|327|18302222|4457|3274
7|327|18193884|4469|3315
21|327|18092055|4186|2908
9|327|18178364|4308|3029
4|327|18130573|4123|2885
12|327|17911493|3960|2839
22|327|18171184|3255|2139
16|327|18082575|3995|2840
17|327|18236998|4518|3232
19|327|18176734|4758|3634
20|327|18125901|3516|2356
28|327|18294334|4187|3116
10|327|17828219|3416|2308
14|327|18230451|4184|2922
15|327|18041205|3933|2739
29|327|18293252|4003|2830
24|327|18005133|3590|2380
26|327|17990981|4084|2830
23|327|17919710|3653|2512
25|327|18165564|4128|2866
13|327|18053802|3391|2262
27|327|18101015|4372|3313
6|327|18299033|4348|3103
30|327|17912124|3475|2336
0|327|18070567|3843|2642
18|327|18017891|3588|2367
2|327|18242929|4252|3149
11|327|18301417|4102|2888
2|328|17188552|3680|2494
19|328|17512099|4150|2996
9|328|17612510|4328|3088
21|328|17648681|3939|2764
24|328|17441235|3264|2307
15|328|17422827|3824|2698
7|328|17637356|3937|2771
3|328|17688859|3924|2823
14|328|17441518|3810|2756
13|328|17470239|3187|2136
26|328|17389276|4022|2982
4|328|17555764|3808|2609
6|328|17308761|3945|2975
11|328|17211393|3724|2698
27|328|17327367|3913|2760
25|328|17362368|3792|2568
22|328|17569160|3380|2255
20|328|17510774|3437|2253
5|328|17697501|3891|2755
17|328|17544783|4051|2980
23|328|17390867|3371|2319
31|328|17683839|3940|2742
18|328|17255436|3488|2253
29|328|17448830|3566|2507
28|328|17508962|3757|2643
1|328|17712462|3762|2699
30|328|17299412|3291|2145
8|328|17702227|3927|2856
16|328|17569006|4033|2797
0|328|17237545|3916|2783
10|328|17562563|3253|2101
12|328|17563896|3558|2399
3|329|16121539|3696|2585
0|329|15795180|3718|2723
7|329|16177745|4004|3016
4|329|16072992|3593|2426
2|329|16255411|4155|2925
1|329|15842709|3646|2573
6|329|16051178|3688|2566
5|329|15992321|3599|2542
12|329|16047152|3395|2346
8|329|16117374|3585|2503
13|329|16421421|3261|2195
14|329|16442391|3682|2505
23|329|16262615|3795|2659
19|329|16589635|3998|2927
29|329|16235757|3394|2298
28|329|16232295|3776|2910
15|329|16496342|4028|2971
17|329|16256005|3237|2148
18|329|16231920|3162|2092
20|329|16416014|3092|1990
25|329|16348374|3637|2406
21|329|16525162|3533|2355
31|329|16257579|3647|2573
24|329|16551167|3022|2070
9|329|16546019|3774|2693
26|329|16449125|3889|2860
16|329|16114736|3631|2543
27|329|16391952|3943|2918
10|329|16069595|3089|2028
11|329|16634540|3414|2292
30|329|16328981|3187|2051
22|329|16329719|3087|2069
4|330|15127870|3430|2526
9|330|14684948|3219|2372
14|330|14903132|3635|2925
10|330|14670187|2892|2113
29|330|14909178|3001|2200
18|330|14850303|2864|1929
26|330|14767772|3605|2812
16|330|14671709|2944|2110
7|330|15180960|3375|2479
13|330|14903553|3342|2396
30|330|14742658|2898|2068
21|330|14905599|3233|2290
25|330|14775288|3181|2278
8|330|14926530|3422|2649
12|330|14940035|3392|2481
23|330|14895828|3792|2966
3|330|15195041|3594|2708
22|330|14610946|2888|2155
20|330|14798799|2710|1923
28|330|14875118|3257|2459
6|330|15088295|3184|2340
19|330|14907026|3686|2836
31|330|14777695|3626|2765
1|330|15104861|3612|2791
11|330|14611457|3101|2280
24|330|15084705|2931|2068
0|330|15182944|3666|2767
27|330|14739042|3394|2630
17|330|14821590|3064|2275
5|330|15093952|3482|2847
2|330|15415638|3275|2591
15|330|14916141|3028|2165
3|331|19046879|4377|3192
5|331|18880902|4003|3022
16|331|19230327|4023|2992
21|331|19177464|3805|2767
6|331|19006861|4014|2947
20|331|19108980|3612|2486
8|331|19126489|4221|3143
26|331|19235840|4057|2813
17|331|18903850|3854|2885
1|331|18948291|4219|3074
9|331|19326425|4400|3195
0|331|18943401|4503|3285
11|331|18942433|4050|2846
12|331|19126387|4125|2901
14|331|19307845|3975|2830
27|331|18932147|4211|2973
24|331|18963390|3459|2383
7|331|19219757|4177|3119
15|331|18877486|3848|2730
10|331|19297674|3262|2357
22|331|19093246|3568|2453
23|331|19126376|4309|3158
30|331|19193222|3327|2224
28|331|19067205|4039|3062
13|331|19204936|4244|3207
29|331|19298080|3692|2664
25|331|19164169|3819|2757
2|331|18859663|4088|2914
19|331|19045824|4454|3555
31|331|19030229|3920|2918
18|331|19298073|3468|2492
4|331|19338857|4231|3208
5|332|18775033|3944|2988
3|332|18799826|4323|3250
4|332|18281412|3611|2602
21|332|18804989|4242|3112
22|332|18518594|3499|2459
11|332|18621391|4163|3163
0|332|18638314|4131|3160
7|332|18553823|4194|3076
9|332|18671106|4388|3344
8|332|18734861|3867|2793
13|332|18440661|4412|3520
14|332|18609680|4002|2998
12|332|18627350|4090|3197
19|332|18385035|4094|2957
6|332|18782941|4481|3429
17|332|18717187|4017|2955
16|332|18821363|4321|3323
1|332|18660078|4065|3061
27|332|18606098|4464|3442
26|332|18742164|4192|3211
18|332|18357027|3282|2302
2|332|18345669|4367|3318
23|332|18514325|4421|3494
15|332|18569542|4302|3433
20|332|18781794|3532|2754
24|332|18604267|3427|2446
25|332|18443938|3922|2896
28|332|18496996|4180|3277
29|332|18468597|4085|3188
31|332|18413749|4463|3431
10|332|18617771|3342|2278
30|332|18596063|3298|2222
1|333|20049108|4157|3005
0|333|20243899|4517|3402
12|333|20164252|3913|2806
28|333|19946646|3897|2828
4|333|20312708|4567|3353
6|333|20123136|4314|3199
9|333|20219869|4460|3397
8|333|20207189|4443|3217
7|333|20238466|3926|2878
11|333|20285975|4392|3303
15|333|19994795|4154|3022
14|333|20183012|4174|3010
16|333|20109263|4082|3131
5|333|20359420|4650|3412
2|333|20246429|4248|3086
23|333|20027340|4192|3075
19|333|20166138|4165|3000
18|333|20057030|3358|2286
25|333|19961011|4065|2928
26|333|20077304|4161|2904
21|333|20360381|4638|3304
27|333|20097979|3593|2495
29|333|19937154|3867|2700
20|333|19993349|3599|2421
31|333|19926046|4305|3283
22|333|20327640|3088|2114
13|333|20230072|4095|2970
3|333|20329450|4207|3112
24|333|20073965|3529|2336
30|333|20066986|3244|2185
17|333|20132012|4090|2925
10|333|20188797|3252|2085
4|334|19318720|3682|2495
5|334|19198900|4282|3069
16|334|19225478|4282|3037
31|334|19044887|4394|3375
28|334|19414556|4299|3111
3|334|18962927|3985|2753
26|334|19185172|3558|2522
13|334|18984022|3988|2901
2|334|19176295|4175|3039
8|334|19295331|4296|2998
1|334|19419355|4328|3068
21|334|19094081|4172|3047
7|334|19291402|4374|3190
17|334|18941176|3912|2748
11|334|19240384|3832|2661
9|334|19325930|3686|2526
22|334|19029117|3444|2323
20|334|19065423|3758|2505
14|334|19258532|4227|3062
6|334|19302208|3932|2833
24|334|18988633|3379|2212
23|334|19203735|4424|3167
12|334|19423756|4065|2868
19|334|19195406|4410|3224
18|334|19180541|3741|2603
0|334|19395118|4342|3163
27|334|19126202|4133|3053
30|334|18996277|3384|2268
29|334|19121197|3980|2870
15|334|19238513|4242|3030
10|334|18989478|3407|2279
25|334|19295684|3888|2638
5|335|19491506|3909|2649
1|335|19353104|4628|3298
19|335|19169222|4564|3352
17|335|19342945|3926|2695
9|335|19271985|4042|2765
14|335|19232679|4321|3050
22|335|19376951|3632|2324
2|335|19396888|4962|3691
13|335|19410020|4040|2819
3|335|19429572|4207|2889
16|335|19512241|4330|3068
27|335|19136264|4134|2959
7|335|19350788|4150|2830
12|335|19205737|4145|2849
8|335|19401745|4339|2993
21|335|19374184|3990|2714
29|335|19115985|4333|3065
24|335|19238936|3426|2283
6|335|19256308|4274|3060
31|335|19514415|4478|3181
20|335|19289870|3724|2391
4|335|19509917|4367|3172
28|335|19507637|4270|3011
15|335|19119250|4164|3033
25|335|19080571|4218|2881
11|335|19344422|4267|3053
23|335|19245459|4494|3323
30|335|19161229|3589|2341
26|335|19511620|4143|2833
0|335|19118595|3515|2336
18|335|19358099|3811|2501
10|335|19344774|3482|2251
1|336|20836875|4588|3353
0|336|20354578|4627|3311
7|336|20661022|4699|3618
13|336|20730771|4790|3544
27|336|20708009|4736|3539
11|336|20418818|4571|3299
3|336|20694014|4658|3440
6|336|20545592|4502|3203
9|336|20782312|4800|3504
21|336|20604396|4502|3228
8|336|20624744|4085|2891
15|336|20480650|4634|3302
28|336|20495584|4576|3198
5|336|20849811|4394|3260
12|336|20651001|4528|3426
17|336|20820323|4596|3358
22|336|20764971|4042|2917
2|336|20705291|4614|3399
26|336|20415879|4651|3390
19|336|20860420|4858|3737
29|336|20617153|4475|3205
14|336|20789029|4549|3398
25|336|20487612|4446|3278
18|336|20395259|3851|2668
20|336|20560161|3967|2758
23|336|20466038|5065|3891
16|336|20734520|4388|3318
31|336|20585527|4597|3403
30|336|20452465|3714|2520
4|336|20470711|4273|2993
24|336|20618805|3861|2722
10|336|20415856|3722|2507
1|337|19384266|4206|2846
6|337|19274570|4260|2925
17|337|19168995|4013|2685
11|337|19314427|4287|2988
25|337|19092031|4226|2889
7|337|19357930|4520|3179
20|337|19080340|3690|2362
22|337|19242042|3453|2182
0|337|19372279|4087|2724
2|337|19107443|4518|3196
19|337|19091172|4365|2976
4|337|18916437|4172|2736
16|337|18981188|3983|2707
14|337|19069090|4015|2748
8|337|19246137|3946|2643
21|337|19265815|3824|2612
12|337|19186944|3826|2576
23|337|19010454|4299|2989
15|337|19241703|4308|3073
3|337|19284187|4173|2894
27|337|19382612|4304|3118
31|337|19001324|4037|2744
10|337|18939373|3486|2189
24|337|18951841|3641|2333
29|337|19130948|4140|2820
5|337|19179089|3772|2672
18|337|19094050|3626|2371
26|337|19180999|4302|3003
28|337|19279712|4057|2923
9|337|19259175|4543|3216
30|337|19023764|3701|2261
13|337|19343989|4151|2801
0|338|16934056|3603|2495
6|338|17058142|3437|2496
24|338|16738950|3133|2109
4|338|16890921|3463|2369
28|338|16672667|3869|2908
5|338|16670981|3593|2500
9|338|16609289|3981|3216
8|338|16853100|3129|2299
10|338|16729123|3068|2018
3|338|16767824|3673|2669
25|338|17170981|3456|2354
13|338|16590812|3131|2067
16|338|16899109|3602|2622
14|338|16885029|3443|2300
7|338|16987182|3836|2772
12|338|16839016|3329|2406
21|338|16860458|3734|2806
18|338|16681840|2998|1992
23|338|16830550|3900|2950
20|338|16997139|3206|2231
29|338|16724625|3449|2324
15|338|16818275|3428|2565
26|338|16670350|3852|2770
30|338|16631013|3056|2032
27|338|16796045|3238|2229
17|338|17068462|3468|2435
1|338|17070703|3553|2519
22|338|16989692|3112|2035
2|338|16928278|3590|2600
19|338|17010914|2856|1866
11|338|17003672|3598|2520
31|338|16922234|2959|2051
1|339|17276810|3706|2518
2|339|17249375|4296|3081
21|339|17496853|3927|2658
25|339|17616926|4011|2808
22|339|17315690|3412|2322
29|339|17467905|3940|2745
11|339|17217411|4029|2783
8|339|17632854|3935|2781
7|339|17507892|4099|2939
14|339|17530204|4007|2790
9|339|17647336|4325|3283
15|339|17406729|3991|2877
6|339|17732368|3503|2318
16|339|17555948|4041|2869
17|339|17331259|3844|2624
13|339|17584076|3317|2236
10|339|17865514|3507|2253
23|339|17469193|4234|3051
24|339|17744684|3486|2375
20|339|17465275|3539|2377
26|339|17422919|4139|2864
0|339|17735920|4125|2950
27|339|17387394|3280|2223
28|339|17727479|4060|2772
4|339|17698198|4037|2836
19|339|17280251|3582|2408
30|339|17421089|3452|2345
31|339|17265124|3280|2151
3|339|17581626|4254|2990
18|339|17520446|3407|2388
12|339|17564841|3329|2130
5|339|17660621|3848|2607
1|340|33016203|5080|3887
2|340|32997832|6150|4769
21|340|33005079|5927|4613
23|340|32783913|4165|3060
19|340|32662719|5299|4136
30|340|32656921|4376|3244
29|340|33010202|5695|4332
5|340|32524124|5134|3756
16|340|32831237|5568|4205
24|340|32857764|3752|2518
28|340|32675659|5387|4153
26|340|32721510|4021|2869
6|340|32857901|4728|3752
14|340|32915907|5367|4151
11|340|32918515|5343|3907
25|340|33025672|4310|3174
9|340|32863339|5798|4544
8|340|32960814|5829|4553
18|340|32599749|4766|3566
12|340|32586235|4510|3403
13|340|32839350|4447|3259
22|340|33021493|4214|2914
20|340|32775981|4930|3610
0|340|32670027|5758|4564
10|340|32816487|4777|3417
7|340|32898982|6084|4781
31|340|32666791|4675|3591
15|340|32929820|5677|4558
27|340|32770723|4586|3451
3|340|32556398|5157|3910
4|340|34052123|5762|4542
17|340|34755469|5968|4487
1|341|20934011|4258|3019
3|341|20473476|4465|3159
11|341|20742788|4482|3239
13|341|20647361|3746|2587
28|341|20848031|4606|3358
9|341|20697692|5341|4017
7|341|20553504|5229|3971
4|341|19535929|4567|3416
21|341|20930793|4846|3453
30|341|21016412|3872|2650
19|341|20910757|3730|2569
14|341|20763234|4476|3222
8|341|20697767|4845|3616
24|341|20837980|3602|2424
15|341|20532148|5272|3846
12|341|20669452|3793|2586
16|341|20848704|4726|3383
20|341|20628957|3826|2602
23|341|20931555|4458|3361
0|341|20604751|4789|3582
17|341|19014287|4362|3080
2|341|20931401|5235|3998
26|341|20805368|4533|3394
18|341|20690412|3658|2507
25|341|20747388|4010|2761
29|341|20901469|4482|3246
31|341|20574594|3863|2634
6|341|20758451|3785|2620
27|341|20551824|3836|2554
22|341|20745370|3701|2514
5|341|20843499|4553|3257
10|341|20722290|3719|2391
1|342|17253564|3091|2230
2|342|16913013|4010|3159
9|342|17188822|3749|2885
10|342|16773265|3056|1983
20|342|17023843|3116|2134
0|342|17008172|3577|2803
3|342|17249834|3537|2516
5|342|16768965|3633|2592
11|342|17243128|3658|2668
14|342|17094416|3802|2801
23|342|16985005|3430|2521
21|342|17142609|3708|2637
6|342|16841265|2857|2011
7|342|17148406|3856|2951
12|342|17049571|2856|2033
15|342|17070173|3842|2972
4|342|17120912|3582|2655
18|342|16921291|2962|2115
25|342|16906251|3374|2445
19|342|17141862|3110|2187
13|342|17252046|3059|2114
8|342|17064946|3639|2657
22|342|17128842|2978|2052
24|342|17107115|3108|2259
30|342|17170910|3031|2099
16|342|17001858|3549|2541
26|342|16969398|3538|2674
28|342|17249223|3544|2707
29|342|16937862|3526|2669
31|342|16920763|3099|2133
27|342|16891097|3116|2270
17|342|16992474|3128|2241
0|343|19328318|4132|2965
9|343|19390469|4639|3514
7|343|19252142|4310|3236
23|343|19309265|4377|3098
19|343|19160497|3619|2531
28|343|19050747|4332|3142
4|343|19157217|4250|3045
31|343|19041933|3475|2457
8|343|19051619|4350|3161
3|343|19355424|4238|3007
5|343|19339363|4500|3324
25|343|19154426|3852|2740
10|343|19574331|3390|2351
27|343|19123138|3316|2195
21|343|19280046|3997|2725
26|343|19030978|4240|3222
13|343|19134853|3367|2273
11|343|19282319|4256|3079
6|343|19276959|3551|2414
1|343|19420508|4094|2886
20|343|19426445|3846|2704
29|343|19018088|4059|2859
16|343|19000643|4235|2996
22|343|19127171|3628|2439
12|343|19271374|3389|2325
18|343|19222459|3609|2567
30|343|19104244|3610|2438
24|343|19136566|3348|2280
2|343|19398646|4634|3414
15|343|19194477|4335|3162
17|343|18932934|4466|3300
14|343|19312605|3879|2727
1|344|18719206|3844|2772
3|344|18910664|4507|3535
9|344|19032500|4406|3280
28|344|19031925|4390|3273
30|344|18681931|3504|2476
24|344|18680164|3346|2318
8|344|18955455|3831|2757
0|344|19076067|4212|3251
10|344|18889834|3545|2589
5|344|18924911|4354|3035
16|344|18706778|4318|3161
12|344|18667892|4409|3317
15|344|18589202|4236|3065
11|344|18802042|4243|3161
17|344|18580837|4043|2915
23|344|19053571|4115|2903
20|344|18759086|3504|2527
2|344|18580737|4453|3255
14|344|18582814|4135|3121
22|344|18708916|3488|2386
19|344|19042542|3571|2633
27|344|18901591|3374|2406
26|344|18871467|3860|2886
25|344|18943992|3863|2782
6|344|18815216|3553|2424
29|344|18764988|4009|2807
21|344|18905991|4013|2798
4|344|18970189|4466|3347
7|344|19030981|4449|3266
18|344|18717691|3346|2278
31|344|19046745|3516|2380
13|344|18957396|3263|2310
3|345|17185522|3718|2686
2|345|16928268|4180|3247
8|345|17129030|3886|3040
28|345|17188851|3715|2688
23|345|17010516|4236|3248
29|345|16837020|3748|2873
31|345|16768949|2684|1911
30|345|17229731|3051|2113
5|345|17068498|3752|2700
4|345|16750746|3634|2689
10|345|17087944|3714|2696
0|345|17093220|3650|2640
25|345|16822847|3381|2312
9|345|17161910|3839|2647
13|345|16712826|3159|2173
12|345|17058170|3929|2824
7|345|16760394|3907|2903
19|345|16890596|3084|2177
17|345|17011793|3761|2634
18|345|16747011|3084|2203
20|345|16986007|3135|2125
21|345|16799290|3771|2776
26|345|16870074|3735|2687
14|345|16960682|3720|2786
1|345|17217445|3711|2715
24|345|17176477|3218|2270
22|345|16946719|3222|2188
27|345|16896669|3119|2156
16|345|17041692|3710|2663
15|345|17010722|3808|2748
6|345|16792843|3263|2215
11|345|16993611|3787|2691
5|346|25163422|5366|3819
11|346|24804812|5164|3712
0|346|25158623|5245|3795
12|346|25058922|5029|3523
16|346|24894854|5284|3735
28|346|25326638|5657|4196
7|346|25062707|5587|4095
15|346|24824017|5507|3918
4|346|25176577|5305|3877
22|346|24892783|4354|2935
25|346|25133717|4649|3220
17|346|25038501|4584|3098
2|346|25305260|6021|4629
8|346|25287805|5175|3838
21|346|24992944|5083|3635
18|346|25029032|4186|2814
24|346|24930548|4477|3025
6|346|24843216|4328|2990
30|346|25234607|4229|2806
14|346|24969413|4749|3279
1|346|24913654|5004|3630
19|346|25077365|4637|3419
26|346|24988990|5737|4141
31|346|25259223|4761|3337
20|346|25025514|4643|3205
27|346|24908280|4689|3229
29|346|25282410|5242|3865
9|346|25108559|5786|4279
3|346|25368780|5217|3765
23|346|25297754|4161|2766
13|346|25141903|4492|3205
10|346|25165873|5349|4020
9|347|22272877|5181|3771
28|347|22671123|5183|3904
18|347|22527977|4002|2649
8|347|22514028|4757|3338
5|347|22721116|4987|3588
24|347|22560191|4242|2761
11|347|22709146|4927|3485
4|347|22598534|5018|3674
16|347|22663277|4837|3447
19|347|22387570|4797|3427
12|347|22690870|5016|3626
6|347|22465144|3850|2543
15|347|22626258|5436|4039
3|347|22267567|4673|3278
14|347|22433196|4734|3322
17|347|22572156|4226|2941
21|347|22508393|5026|3638
25|347|22591567|4894|3489
13|347|22253788|3882|2703
7|347|22623916|4843|3465
22|347|22612174|4068|2777
20|347|22363989|4186|2861
29|347|22338018|4970|3541
26|347|22409639|4509|3189
30|347|22486125|4254|2877
27|347|22364660|5162|3640
1|347|22398364|4968|3570
10|347|22687446|4624|3248
23|347|22334925|4110|2764
0|347|22698799|5239|3857
2|347|22997285|5459|4110
31|347|22419207|3957|2536
1|348|20995341|4333|3191
5|348|21380560|4542|3204
2|348|20939107|4744|3367
13|348|21178906|3634|2508
22|348|21170499|3740|2628
4|348|21332355|4184|2847
31|348|21015371|3760|2572
11|348|21365253|4537|3159
9|348|21465251|4925|3635
3|348|21227393|4678|3317
15|348|21270878|4481|3126
12|348|21310716|4507|3283
24|348|21586155|3714|2356
14|348|21249658|4399|3156
19|348|21334464|5101|3847
6|348|21299900|3676|2541
25|348|21202835|4360|3086
0|348|20951197|4391|3203
26|348|21106051|4752|3373
17|348|21237228|3969|2686
21|348|21221179|4299|3016
20|348|21142880|4028|2737
16|348|21362348|4463|3288
18|348|21464951|3901|2736
23|348|21016950|3936|2720
27|348|21089668|4827|3659
28|348|21492987|4821|3574
7|348|21128356|4864|3651
30|348|21110134|3857|2629
29|348|21162332|4590|3430
10|348|20999605|4635|3407
8|348|21430675|4614|3318
3|349|18998098|4274|3162
10|349|18637076|4488|3399
28|349|18730776|3807|2674
26|349|18885939|4075|3071
16|349|18774889|4029|2820
7|349|18694735|4263|3194
22|349|19178974|3548|2422
9|349|19032900|4232|3140
12|349|18970696|3827|2629
11|349|19039142|4268|3201
6|349|18908346|3074|2197
31|349|19232403|3237|2187
15|349|18994690|3704|2484
2|349|19155806|4512|3358
1|349|19198909|4295|3177
21|349|18834389|3916|2763
27|349|18740972|4330|3314
23|349|19003065|3253|2173
17|349|18863338|3429|2337
24|349|18985566|3267|2289
29|349|18687427|4246|3167
4|349|19076206|4373|3168
19|349|18963657|4816|3659
14|349|18985226|4359|3230
13|349|19167734|3565|2508
0|349|18869027|4185|3028
18|349|18821260|3266|2368
30|349|18745733|3467|2322
8|349|18625971|3897|2853
20|349|18877171|3277|2324
5|349|19168655|4268|3219
25|349|18910885|4087|2939
3|350|20396498|4367|3206
8|350|19959872|4503|3342
16|350|20378397|4569|3430
25|350|19951903|4221|3046
26|350|20423939|4817|3656
9|350|20291819|4948|3541
4|350|20054079|4200|3090
29|350|20196202|4667|3452
7|350|20352191|4035|3004
2|350|20218106|4825|3492
1|350|20204405|4358|3157
20|350|20106760|3725|2455
31|350|20425341|3758|2537
11|350|20290049|4382|3183
17|350|20152322|3887|2676
19|350|20085787|4708|3478
0|350|19986378|4420|3289
18|350|20017438|3732|2685
23|350|20177080|3920|2901
22|350|20364213|3445|2451
21|350|20217847|4611|3428
24|350|20436522|3625|2374
5|350|19907364|4276|3021
30|350|20027030|3741|2512
6|350|20250312|3420|2351
13|350|20090869|3703|2478
14|350|20116955|4298|3203
28|350|20477346|5078|3803
15|350|20229820|5103|3922
10|350|20407427|4623|3421
12|350|20307029|4413|3225
27|350|20203549|4767|3575
1|351|21968880|4396|3117
4|351|22037468|4711|3604
14|351|21724734|4589|3383
27|351|21683259|4626|3418
7|351|22018600|5041|3719
3|351|22152342|4601|3475
8|351|22125164|4486|3239
2|351|22007112|5146|3816
11|351|21942016|4545|3230
10|351|21680162|4629|3361
9|351|22071326|4769|3599
6|351|21753974|3852|2627
15|351|21700043|4365|3209
16|351|22123971|4699|3410
12|351|21672674|4527|3441
0|351|21877993|4318|3097
17|351|22178378|3872|2498
21|351|21842585|4725|3554
18|351|21902945|3998|2817
13|351|21759898|3554|2361
25|351|22126982|4509|3288
22|351|21868024|3954|2756
26|351|22126329|4626|3366
24|351|21845698|3585|2494
23|351|21893324|3577|2508
28|351|21742697|4404|3190
5|351|21776579|4616|3342
29|351|22078730|4309|3189
20|351|22023237|3838|2754
30|351|21819886|4035|2786
31|351|22023502|3768|2503
19|351|21928590|5019|3857
1|352|15074754|3383|2427
11|352|14938657|3341|2467
4|352|15076489|3622|2572
9|352|14923978|3584|2591
10|352|14966754|3186|2293
30|352|14626763|2891|1972
13|352|14839887|2941|2058
31|352|14635558|2636|1842
0|352|14837172|3389|2390
3|352|15005423|3331|2422
19|352|14553546|3336|2405
7|352|15027732|3385|2411
21|352|14818214|3432|2578
8|352|14996451|3220|2301
15|352|14901141|3828|2857
2|352|14959137|3871|2939
25|352|14770280|3343|2412
28|352|14669306|3279|2362
17|352|14844416|2746|1919
29|352|14650457|3310|2292
16|352|14866879|3457|2593
23|352|14719551|2785|1913
27|352|15077713|3657|2768
18|352|14833472|2799|1913
26|352|15066539|3126|2129
6|352|14963204|2802|1974
22|352|14807213|2893|2020
12|352|14854618|3056|2273
24|352|14772900|2980|2050
20|352|14674898|2810|2105
14|352|15057094|3449|2285
5|352|14615619|3225|2229
1|353|17220430|4051|2927
2|353|17001937|4116|3098
19|353|17108903|3910|2956
14|353|16822522|3957|2900
13|353|17213846|3446|2338
30|353|17244180|3475|2460
31|353|17234999|3346|2277
7|353|17095406|4308|3180
0|353|17145972|3869|2755
12|353|16852831|4111|3031
11|353|17221544|3668|2624
16|353|16959344|3816|2804
10|353|17207910|4262|3248
8|353|17077820|3844|2862
17|353|17006507|3470|2406
4|353|17202729|4079|2969
18|353|16932361|3330|2357
20|353|16845702|3266|2312
15|353|17079127|4004|2901
29|353|17005244|3756|2685
27|353|16955570|4306|3240
25|353|17058392|4009|2989
26|353|16932886|4280|3065
9|353|17189917|4194|2993
28|353|17053020|4018|3018
22|353|16903324|3359|2293
3|353|17112044|3973|2843
21|353|17078935|3861|2781
5|353|16889822|3604|2420
23|353|17050666|3375|2274
6|353|17037884|3171|2147
24|353|17013951|3215|2169
5|354|17102618|3784|2733
0|354|17465876|3725|2757
10|354|17410778|3770|2705
26|354|17252324|3609|2606
25|354|17280744|3499|2395
18|354|17378950|3410|2357
31|354|17582194|3179|2217
24|354|17165841|3077|2152
27|354|17358979|4341|3336
2|354|17606230|4217|3180
16|354|17421969|4011|2904
8|354|17389600|3767|2627
13|354|17698433|3162|2149
6|354|17104226|3008|2026
21|354|17158145|4133|3083
15|354|17313301|3818|2777
1|354|17621457|3894|2621
19|354|17602399|4299|3221
3|354|17134571|3192|2133
22|354|17209042|3210|2330
7|354|17487025|3947|2898
20|354|17355920|3230|2225
9|354|17209901|3883|2917
17|354|17429003|3302|2205
30|354|17602620|3228|2157
28|354|17269039|3671|2572
14|354|17557909|3575|2598
23|354|17194164|3177|2126
4|354|17348962|3857|2831
12|354|17457366|3902|2877
29|354|17424439|3379|2227
11|354|17445843|3675|2728
5|355|22051958|4693|3371
0|355|22036793|4553|3359
20|355|21747743|3811|2548
8|355|21949218|4446|3224
17|355|21759417|3822|2549
19|355|21795999|4788|3513
14|355|21644478|4602|3375
11|355|21550351|4248|3092
12|355|21593494|4437|3078
6|355|21872653|3941|2693
16|355|21925452|4700|3279
23|355|21806569|3633|2415
1|355|21836104|4545|3342
15|355|21857761|4726|3416
27|355|21979303|4425|3109
21|355|21879217|4261|2979
22|355|21794616|4072|2770
2|355|21924077|4744|3643
24|355|21989374|3712|2445
29|355|21608962|4381|3152
3|355|21815925|4244|3153
30|355|21714768|3931|2643
13|355|21921589|3976|2716
10|355|22064987|4685|3456
31|355|22010742|3995|2722
26|355|22063670|4690|3464
18|355|22031883|3818|2578
9|355|21703544|4720|3344
25|355|22072167|4573|3252
4|355|21601366|4249|3129
28|355|21749663|4584|3277
7|355|21758677|4518|3290
2|356|22295856|4816|3523
11|356|22501411|4806|3364
23|356|22444847|3908|2613
22|356|22363938|3956|2602
18|356|22185591|4042|2707
9|356|22116843|5350|4048
8|356|22549982|4737|3309
10|356|22213558|4840|3417
1|356|22398420|4756|3295
12|356|22477088|4583|3378
3|356|22256152|4431|2917
19|356|22536612|4982|3627
16|356|22449579|4813|3463
7|356|22045538|4674|3281
14|356|22524585|4607|3227
17|356|22561267|3771|2530
6|356|22486281|3787|2562
5|356|22611970|4638|3206
27|356|22398604|5231|4000
21|356|22381914|4731|3435
25|356|22135771|4459|3104
28|356|22101601|5193|3818
13|356|22261558|3856|2465
29|356|22317427|4779|3402
20|356|22959407|3967|2569
24|356|22330177|3937|2584
0|356|22588094|4811|3396
26|356|22194702|4830|3443
30|356|22288250|3916|2683
4|356|22082651|5088|3728
31|356|22260099|3784|2615
15|356|22423010|5075|3697
11|357|17089751|3474|2440
1|357|16991159|3808|2580
26|357|16681281|3658|2581
21|357|16829033|4004|2871
13|357|16793800|3202|2108
8|357|17012143|3538|2386
9|357|17060847|3890|2809
0|357|16676270|3494|2377
10|357|17022996|3883|2739
6|357|16865479|3335|2168
3|357|16965459|3791|2571
28|357|16787972|3994|2824
12|357|16997060|3632|2537
4|357|16653933|4067|2965
16|357|16937001|3452|2379
2|357|17135246|4150|2967
15|357|16621387|3794|2682
25|357|16810125|3568|2371
23|357|17114952|3363|2214
18|357|17096155|3643|2555
7|357|16933231|4082|3142
27|357|16849432|3557|2467
14|357|16886668|3462|2377
19|357|16969009|4076|3040
22|357|17116866|3317|2253
17|357|16903843|3130|2185
29|357|16778422|3675|2592
30|357|16694370|3355|2254
24|357|16745462|3205|2131
5|357|16837867|3939|2699
31|357|16675790|3130|2091
20|357|16809474|3335|2105
2|358|18573116|4056|3015
19|358|18467250|4483|3410
21|358|18801401|4091|3063
31|358|18389394|3398|2366
9|358|18726616|4235|2976
12|358|18634130|3851|2828
5|358|18356777|4052|2924
7|358|18508585|4040|3026
14|358|18475563|4174|3014
10|358|18702745|4021|3070
15|358|18576884|4578|3501
1|358|18824790|4168|2958
8|358|18750669|3981|2779
16|358|18613495|4287|3185
3|358|18676459|4426|3437
18|358|18539927|4559|3452
17|358|18437187|3086|2147
11|358|18819967|4130|2933
22|358|18462366|3590|2485
26|358|18820650|4520|3482
25|358|18580327|3991|2803
23|358|18565752|3693|2547
0|358|18706484|4135|3096
24|358|18401200|3534|2386
27|358|18521288|4371|3270
30|358|18422467|4362|3241
28|358|18686256|4328|3104
29|358|18447872|3904|2932
6|358|18726339|3364|2412
4|358|18614269|3963|2857
13|358|18942866|3517|2392
20|358|18562231|3650|2431
0|359|15309159|3442|2700
4|359|15199517|3506|2545
5|359|15573190|3701|2780
21|359|15665554|3315|2352
23|359|15382957|2839|2023
7|359|15561966|3475|2700
10|359|15538901|3580|2673
6|359|15230643|2898|2124
31|359|15744948|2756|1898
12|359|15615522|3435|2710
11|359|15427591|3389|2651
14|359|15561510|3688|2836
9|359|15628735|4084|3085
15|359|15541042|3496|2774
22|359|15602739|2753|1881
13|359|15213069|3005|2235
3|359|15447487|3503|2681
16|359|15502232|3554|2813
18|359|15472516|3730|2875
17|359|15470178|2817|1950
2|359|15682695|4195|3326
25|359|15411052|3761|2811
8|359|15536668|3254|2349
26|359|15425646|3574|2837
20|359|15220940|2831|2131
28|359|15316225|3548|2605
30|359|15334478|3644|2686
27|359|15353948|3281|2389
1|359|15493928|3523|2653
29|359|15399006|3075|2210
19|359|15700639|3748|2879
24|359|15788973|3126|2084
8|360|16498235|3892|2895
1|360|16404834|3801|2672
4|360|16842371|3905|2800
29|360|16422808|3572|2505
23|360|16838464|3012|2076
25|360|16607761|3552|2513
20|360|16567694|3054|2068
12|360|16718458|3810|2824
6|360|16750433|2884|2068
21|360|16830889|3951|2824
10|360|16775769|3639|2562
30|360|16464537|3538|2538
27|360|16450781|3313|2363
14|360|16707430|3723|2616
2|360|16577782|3788|2926
7|360|16768364|3264|2325
15|360|16676406|3939|2795
16|360|16625702|3768|2813
9|360|16691592|3398|2415
13|360|16657181|3298|2345
18|360|16612625|3790|2757
26|360|16537192|3834|2882
31|360|16760380|3135|2173
11|360|16732146|3652|2606
28|360|16505933|3614|2523
22|360|16674512|3249|2173
19|360|16433945|3965|2869
5|360|16825653|3935|2769
3|360|16616729|3780|2752
0|360|16865316|3832|2826
24|360|16470853|3286|2116
17|360|16719725|3189|2119
1|361|21378859|4628|3349
6|361|21260160|3767|2521
13|361|21116738|4835|3600
29|361|21382294|4889|3581
31|361|21108809|5017|3612
15|361|21145879|4933|3721
8|361|21412869|4611|3277
16|361|21130415|4646|3316
11|361|21032879|4343|3041
7|361|21165677|5122|3961
10|361|21250203|5068|3748
0|361|20945383|5018|3787
3|361|20961582|4562|3275
22|361|21010484|4073|2741
21|361|21280137|4830|3453
4|361|21366795|4969|3672
18|361|21107579|4581|3406
14|361|21224002|4803|3704
25|361|21349618|4434|3125
28|361|21048053|5053|3884
30|361|21260396|4974|3696
2|361|21172066|4266|3046
19|361|21343377|5280|4121
9|361|21141283|3970|2735
20|361|21695278|3773|2503
12|361|21328790|4544|3281
27|361|21240687|4353|2996
17|361|21341181|3855|2648
23|361|21363643|3638|2423
26|361|21105072|4742|3428
24|361|21340599|3412|2362
5|361|20948765|4781|3419
3|362|19198470|4499|3220
9|362|19047338|3832|2528
20|362|19053700|3764|2498
2|362|19063482|4830|3615
29|362|19445765|4321|3022
11|362|19271503|4639|3367
1|362|19434012|4153|2929
17|362|19103163|3621|2437
10|362|19241482|4793|3521
5|362|18912864|4248|2909
16|362|19294498|4410|3038
15|362|19346356|4543|3150
7|362|19264720|4813|3689
14|362|19138235|4458|3293
21|362|19193220|4699|3406
4|362|19150519|4487|3273
6|362|19670920|3724|2430
27|362|19017567|4107|2782
24|362|18956209|3851|2524
18|362|19176036|3668|2435
19|362|19085659|4876|3727
22|362|19229559|3875|2655
28|362|19133030|4655|3318
25|362|19154485|4530|3368
31|362|19399552|4682|3442
26|362|18986463|4341|3017
0|362|19216643|4252|3101
12|362|19050489|4188|2863
23|362|19002024|3656|2527
8|362|19317841|4586|3332
13|362|19393775|4471|3127
30|362|19110916|4416|3203
1|363|18681767|4123|2978
8|363|18316402|3849|2637
19|363|18505161|4308|3035
6|363|18598881|3320|2214
25|363|18495072|3653|2457
28|363|18530701|4077|2740
11|363|18701658|4095|2850
4|363|18542980|4008|2854
17|363|18812479|3597|2277
10|363|18671236|3970|2644
15|363|18623813|4240|3048
14|363|18597305|3968|2763
12|363|18376969|3085|1949
5|363|18678557|3627|2370
3|363|18794819|4471|3243
16|363|18661003|3995|2813
9|363|18805550|3285|2210
21|363|18610164|4251|2916
18|363|18536487|3364|2243
2|363|18738235|4354|3208
22|363|18523334|3358|2245
27|363|18591943|3982|2787
20|363|18832267|3734|2380
0|363|18376251|4018|2616
26|363|18485697|3549|2317
24|363|18592150|3475|2275
30|363|18375677|4135|2969
31|363|18509383|4243|2947
29|363|18820596|3992|2711
7|363|18596567|4262|3136
23|363|18433354|3210|2167
13|363|18301381|4043|2842
1|364|19448284|4168|3150
2|364|19142093|4423|3371
20|364|19119285|3547|2407
23|364|18995994|3486|2421
27|364|19162866|3905|2753
29|364|19067741|4197|3060
9|364|19210625|3724|2533
4|364|19344025|4318|3176
5|364|19259604|3416|2432
11|364|19369755|4144|3073
13|364|18966152|4089|2931
15|364|19305442|4333|3093
12|364|19278228|3483|2485
16|364|19236972|3955|2775
22|364|19159593|3894|2824
0|364|19106353|4402|3252
21|364|19209961|4258|3189
3|364|19260040|4474|3529
7|364|18979646|4425|3226
24|364|19072900|3511|2458
19|364|19440861|4857|3671
18|364|19198874|3706|2642
14|364|19313417|4368|3199
28|364|19403238|4227|3006
8|364|19436870|4087|3050
26|364|19105824|4163|3014
31|364|19062168|4251|3103
10|364|19296839|4561|3441
30|364|19086333|4622|3430
25|364|19432982|4131|3064
6|364|19403569|3463|2325
17|364|19653640|3238|2136
1|365|18836617|3862|2747
4|365|18728660|4206|2880
10|365|18423242|4127|2969
19|365|18560936|4215|2990
2|365|18844098|4234|3054
30|365|18475818|4378|3112
9|365|18853619|3497|2350
18|365|18616675|3463|2247
0|365|18593792|4006|2881
6|365|18492104|3604|2279
16|365|18679537|4269|3081
28|365|18528492|4077|2915
21|365|18633872|4038|2757
13|365|18759447|3954|2605
26|365|18666632|3821|2560
27|365|18874943|4478|3196
14|365|18573589|3852|2678
31|365|18510446|4608|3422
29|365|18858691|3865|2629
8|365|18466266|4097|2875
11|365|18699373|3962|2705
15|365|18711372|4016|2941
23|365|18950244|3503|2194
22|365|18747989|3522|2311
3|365|18609156|4448|3140
5|365|19125330|3370|2109
7|365|18729451|4189|2978
25|365|18452741|3998|2831
12|365|19007498|3290|2133
24|365|18897530|3589|2299
20|365|18975054|3587|2424
17|365|18943698|3529|2252
1|366|25558998|5572|3764
4|366|25532730|5445|3748
21|366|25381700|5537|3796
30|366|25507985|5835|3997
12|366|25161224|4850|3101
5|366|25139942|5049|3407
8|366|25220669|5599|3771
13|366|25335647|5782|4028
15|366|25211884|5328|3589
18|366|25448118|4729|3083
16|366|25398215|5463|3710
11|366|25235254|5391|3676
2|366|25487896|5743|4035
10|366|25531480|5508|3830
6|366|25421238|4563|2986
9|366|25464038|4869|3161
26|366|25338243|5335|3590
20|366|25080263|4693|2986
14|366|25310965|5382|3577
25|366|25143036|5409|3679
7|366|25112139|5577|3813
22|366|25218691|4778|3076
0|366|25411978|4924|3184
29|366|25304000|5144|3434
28|366|25424167|5545|3757
27|366|25357123|5327|3599
31|366|25325794|5433|3634
23|366|25263266|4615|2984
17|366|25036341|4644|2852
3|366|25153817|5370|3631
24|366|25585242|4460|2815
19|366|26004891|5947|4102
0|367|21837258|5033|3436
10|367|22024341|5044|3484
12|367|22216885|4855|3331
18|367|22142570|4181|2633
22|367|21948567|4204|2691
20|367|22032854|4189|2596
13|367|22148131|4848|3279
5|367|22185694|4976|3330
11|367|22039624|4942|3480
17|367|21916028|4242|2691
27|367|21828366|4546|2977
28|367|21848455|4925|3380
29|367|21864667|4683|3059
7|367|21921900|5193|3586
25|367|21941436|4726|3102
14|367|21957710|4805|3192
19|367|21742725|5068|3541
26|367|21998612|5166|3694
1|367|22257636|4960|3327
16|367|22109627|4948|3321
30|367|22236066|5244|3676
6|367|22047235|4001|2498
9|367|22032763|4135|2713
24|367|21777518|4167|2588
23|367|21835766|4213|2673
31|367|21852191|4987|3393
2|367|22021358|4923|3295
21|367|22287273|4853|3426
8|367|22153125|4884|3434
15|367|22180515|5274|3736
3|367|21750925|5177|3640
4|367|22247812|5114|3382
1|368|22715703|4490|3048
5|368|22907938|4684|3131
31|368|22661606|5043|3523
18|368|23049538|4155|2721
24|368|22739314|4198|2721
13|368|22931498|4930|3438
2|368|22604787|5328|3734
16|368|22725002|4479|2973
9|368|22678029|4107|2669
6|368|22852883|4031|2622
10|368|23024325|4532|3010
15|368|22563526|4653|3147
21|368|22601021|4223|2885
14|368|22807468|4762|3269
7|368|22830836|5069|3605
12|368|23003384|4813|3261
8|368|22587422|4877|3322
17|368|22903433|3932|2672
25|368|22827753|4667|3092
23|368|22656573|4539|3064
20|368|22973995|4235|2720
22|368|22991698|4342|2846
19|368|22802529|4975|3439
30|368|22734873|5321|3784
29|368|22871466|4858|3272
26|368|22799038|5181|3678
28|368|22890834|5048|3556
4|368|22515701|4937|3358
27|368|22916671|4758|3190
0|368|23034058|4978|3529
3|368|22520229|4767|3217
11|368|22910973|5131|3521
1|369|14947606|3327|2312
7|369|14690004|3284|2284
21|369|14744877|3158|2281
14|369|14740857|3144|2227
30|369|14604356|3497|2538
29|369|14594861|3123|2224
16|369|14828240|3214|2391
9|369|14803531|2726|1818
27|369|14577525|3028|2088
17|369|14655916|3410|2163
0|369|14458304|3116|2161
12|369|14689870|3044|2296
11|369|14418469|3065|2118
25|369|14656397|3252|2358
19|369|14598891|3374|2525
23|369|14640321|3282|2345
31|369|14924115|3614|2825
10|369|14787903|3519|2767
15|369|14777638|3348|2435
22|369|14622202|2916|1966
18|369|14923343|2698|1898
5|369|14964619|3201|2178
8|369|14660478|3072|2196
4|369|14479700|3264|2252
26|369|14564515|3369|2459
28|369|14556954|3134|2171
20|369|14657520|2588|1765
6|369|14852247|2530|1708
3|369|14435977|3064|2243
13|369|14938489|3185|2191
2|369|14847315|3415|2542
24|369|15034154|2652|1768
8|370|17222199|3871|2746
1|370|17586805|3855|2774
15|370|17311785|3699|2604
21|370|17578876|3858|2983
18|370|17324930|3539|2528
9|370|17543663|3515|2409
2|370|17122186|4576|3452
10|370|17410198|3696|2568
4|370|17226559|3919|2814
22|370|17410464|3405|2321
11|370|17411988|4012|2845
23|370|17363548|4366|3291
16|370|17501430|4248|3350
7|370|17569628|3858|2879
13|370|17157527|4014|2860
27|370|17484853|3617|2636
14|370|17554153|4046|3002
26|370|17242860|4447|3276
25|370|17409868|4070|2978
12|370|17442486|3949|2879
31|370|17373401|4091|2888
6|370|17200306|3408|2347
0|370|17425932|4083|3038
30|370|17552074|4439|3186
28|370|17237688|4407|3288
29|370|17559603|4027|2981
3|370|17145902|3781|2690
17|370|17452863|4018|2896
24|370|17194481|3161|2112
5|370|17262895|3916|2896
19|370|17377030|4262|3280
20|370|17421464|3488|2344
1|371|18729277|4245|3073
0|371|18399172|4344|3192
11|371|18610224|4090|2964
19|371|18289433|4336|3032
31|371|18484636|4311|3059
27|371|18569879|4418|3237
5|371|18288986|4309|3127
7|371|18556870|4547|3343
3|371|18350732|4167|3001
16|371|18578666|4248|3010
4|371|18635840|4347|3137
9|371|18686150|3727|2713
14|371|18516192|4017|2863
15|371|18741946|4461|3290
10|371|18674205|4555|3274
8|371|18763822|4590|3309
12|371|18480608|4287|3125
24|371|18328261|3751|2529
20|371|18284543|3541|2501
25|371|18501641|3931|2659
23|371|18621692|4511|3329
28|371|18412193|4255|2977
26|371|18525026|4542|3349
21|371|18741406|4335|3336
22|371|18662389|3742|2552
6|371|18469360|3666|2477
30|371|18433526|4573|3302
17|371|18374366|4487|3230
13|371|18532605|4453|3263
29|371|18399599|4144|2908
2|371|18661980|4479|3313
18|371|18780537|3734|2450
3|372|16063579|3532|2475
11|372|16183270|3537|2491
7|372|16106425|3650|2564
16|372|16099982|3527|2525
14|372|16062106|3543|2470
19|372|16197642|3596|2535
31|372|16225821|3742|2774
22|372|15914087|3010|2088
10|372|16018178|3528|2623
8|372|16007778|3483|2397
23|372|16038502|3864|2819
4|372|16057868|3613|2419
12|372|16005430|3505|2450
24|372|16126966|3080|2074
5|372|16115517|3460|2505
17|372|15831028|3660|2645
25|372|15973184|3395|2334
21|372|15908134|3425|2319
30|372|15837136|3796|2768
29|372|15804549|3244|2347
28|372|15946364|3546|2503
15|372|16014083|3570|2581
27|372|16209116|3503|2583
2|372|15742780|3800|2836
26|372|15956842|3540|2460
0|372|16181384|3676|2502
13|372|15794465|3625|2584
1|372|16354678|3503|2409
6|372|15848826|3023|1953
18|372|15940402|3048|2108
9|372|16261693|3421|2150
20|372|16292019|3003|2057
1|373|18564213|3834|2752
11|373|18982234|4318|3127
3|373|19011697|4581|3403
16|373|18981668|3898|2804
19|373|18955066|4352|3158
13|373|18675806|4120|3176
26|373|18657682|4031|2928
0|373|18644136|4291|3028
20|373|18660344|3389|2322
29|373|18743139|4142|3002
10|373|18908673|4447|3222
2|373|18684728|4344|3267
28|373|18731645|4303|3258
24|373|18844618|3435|2381
21|373|18783095|4164|3088
6|373|18583225|3469|2299
14|373|18982062|4072|2932
25|373|18806667|4405|3167
4|373|18839056|4288|3038
23|373|18895541|4191|2978
31|373|18963225|4159|2894
27|373|18709927|3681|2590
7|373|19018051|4442|3166
18|373|18610703|3417|2281
30|373|18786912|4171|3036
8|373|18928188|4357|3045
17|373|18838604|4265|2995
12|373|18841073|3863|2719
5|373|18889923|4240|2957
15|373|18712077|4144|3103
22|373|19035308|3244|2145
9|373|18723656|3570|2370
1|374|15913807|3819|2753
8|374|15517204|3372|2250
2|374|15755379|3896|2887
21|374|15730712|3638|2459
22|374|15484018|2877|1880
23|374|15676552|4042|2923
4|374|15636322|3508|2402
6|374|15676783|3810|2682
7|374|15582316|3548|2368
13|374|15866480|2882|1979
10|374|15781371|3645|2661
3|374|15921244|3612|2569
9|374|15441723|2925|1868
19|374|15886259|3719|2695
18|374|15586398|3106|2082
28|374|15765570|3894|2855
12|374|15527103|3629|2597
17|374|15545197|3606|2598
5|374|15470919|3665|2649
16|374|15943101|3789|2838
25|374|15703760|3545|2492
0|374|15804906|3469|2470
27|374|15643143|3571|2595
15|374|15515163|3511|2424
31|374|15661214|3863|2781
14|374|15721395|3577|2662
29|374|15831537|3793|2577
20|374|15858730|3089|2108
26|374|15899045|3870|2860
11|374|15929786|3588|2581
24|374|15789223|3751|2767
30|374|16114514|3074|2060
3|375|16334369|3631|2547
5|375|16231199|3726|2560
10|375|16381708|3444|2373
7|375|16448887|3820|2739
14|375|16179562|3587|2501
1|375|16549893|3593|2558
16|375|16297066|3496|2484
29|375|16200401|3631|2623
0|375|16213726|3764|2787
20|375|16206645|3126|2112
6|375|16564737|3537|2458
18|375|16340059|3305|2213
4|375|16454850|3559|2508
22|375|16508960|3193|2123
13|375|16586086|3134|2082
23|375|16502737|3883|2967
15|375|16208425|3786|2645
27|375|16233311|3413|2478
17|375|16314688|3987|2832
26|375|16140759|3740|2713
25|375|16267506|3787|2540
31|375|16208456|3728|2623
12|375|16337375|3997|3059
2|375|16508333|3745|2732
11|375|16072343|3588|2486
28|375|16365219|3799|2680
21|375|16499709|3282|2380
30|375|16033667|3140|2087
8|375|16546820|3601|2658
19|375|16346623|3461|2339
9|375|16508687|3463|2255
24|375|16099086|3539|2537
1|376|16647109|3773|2683
5|376|16718553|3762|2603
6|376|16597078|3853|2673
17|376|16497298|3713|2617
8|376|16311399|3572|2595
13|376|16605859|2952|1991
11|376|16381960|3741|2620
25|376|16553741|3548|2636
4|376|16568151|3677|2604
23|376|16523571|3901|2760
0|376|16609135|3658|2477
21|376|16362441|3610|2629
19|376|16309838|3960|3013
12|376|16424354|3607|2400
7|376|16700601|3827|2641
28|376|16382883|3649|2594
14|376|16701324|4029|2950
24|376|16290502|3871|2730
3|376|16763891|4091|3009
15|376|16522566|3895|2958
27|376|16507856|3559|2430
26|376|16479097|3916|2828
20|376|16634454|3203|2142
31|376|16456806|3811|2723
10|376|16697277|3824|2737
22|376|16585831|3098|2226
18|376|16624316|3234|2222
29|376|16693459|3827|2806
16|376|16655214|3806|2667
9|376|16361565|2969|1985
2|376|16402047|3933|2875
30|376|16528064|3332|2173
4|377|16164551|4018|2796
2|377|15835748|3895|2784
27|377|16028361|3553|2417
12|377|16150716|3669|2608
29|377|15941013|3880|2693
16|377|15951043|3830|2587
10|377|15942435|3800|2548
14|377|16074677|3563|2501
0|377|16165139|3968|2686
24|377|16063246|3954|2787
7|377|16112286|4097|2774
15|377|16037176|3763|2609
21|377|16160937|3814|2720
6|377|16321120|3567|2513
28|377|16109261|3887|2898
23|377|16198742|4117|2919
26|377|16016642|3714|2651
13|377|16512303|3327|2139
19|377|16158982|3947|2926
8|377|16254067|3591|2497
31|377|15996457|3630|2450
11|377|16270155|4031|2800
3|377|16033569|3762|2555
5|377|16334186|3872|2596
1|377|16332425|3800|2566
25|377|16358419|3890|2681
30|377|15987324|3287|2073
20|377|16142384|3269|2167
18|377|16084647|3217|2110
22|377|16140270|3105|2101
17|377|16312100|3823|2655
9|377|16426969|3205|2134
1|378|17540074|4084|3008
7|378|17808122|4086|2938
20|378|17528566|3288|2205
5|378|17558987|4047|3040
2|378|17928482|4518|3480
6|378|17742838|4437|3420
22|378|17569748|3443|2339
14|378|17849444|4055|2954
16|378|17882111|3752|2773
10|378|17874053|4475|3443
11|378|17606436|3758|2663
3|378|17603866|4121|3003
21|378|17782195|3975|2825
12|378|17930948|3841|2809
15|378|17801895|4476|3324
25|378|17556379|3825|2760
17|378|17465903|3986|2791
19|378|17695822|4539|3448
27|378|17951904|4120|3094
26|378|17731321|4492|3451
24|378|17844120|4178|3176
28|378|17770775|4097|3057
29|378|17926298|4098|2991
23|378|17753777|4536|3484
0|378|17869938|4100|3215
8|378|17643045|4181|3174
31|378|17679545|4079|2997
18|378|17524214|3511|2486
30|378|17569793|3481|2514
9|378|17480942|3224|2167
4|378|17968650|4566|3495
13|378|17815224|3387|2264
1|379|19932993|4458|3186
5|379|19871062|4518|3127
4|379|19441885|4313|2942
3|379|19748342|4377|2996
0|379|19552487|4433|2994
15|379|19764556|4786|3473
26|379|19698888|4496|3189
28|379|19687996|4670|3318
14|379|19843864|4201|2942
30|379|19599490|4023|2621
2|379|19890566|4893|3592
10|379|19822205|4468|3136
12|379|19759651|4470|3146
16|379|19850116|4624|3171
17|379|19728539|4468|3126
21|379|19791986|4514|3121
19|379|19715263|4709|3436
24|379|19671304|4631|3337
9|379|19523191|3891|2580
8|379|19523611|4310|2919
23|379|19629160|4615|3259
20|379|19968947|4002|2614
25|379|19763292|4394|3117
18|379|19565408|3897|2599
29|379|19655513|4122|2788
27|379|19716338|4332|3081
6|379|19866959|4514|3245
11|379|19784309|4682|3321
31|379|19611784|4499|3232
7|379|19950826|4798|3505
22|379|20015043|4037|2583
13|379|19673915|3669|2405
0|380|19428082|4435|3150
4|380|19480844|4633|3352
2|380|19331645|4691|3363
19|380|19276219|4865|3642
31|380|19081083|4602|3252
8|380|19190899|4338|3010
3|380|19479011|5005|3698
12|380|19327580|4022|2682
6|380|19062084|4488|3276
15|380|19439228|4459|3151
7|380|19033532|4714|3456
14|380|19406296|4630|3295
17|380|19296871|4328|3023
22|380|19016482|3826|2448
10|380|19351932|4486|3299
16|380|19316900|4499|3248
24|380|19250199|4394|3087
13|380|19007508|3375|2228
18|380|19146462|3723|2443
23|380|19202611|4675|3296
11|380|19079781|4312|3110
21|380|19287528|4417|3004
20|380|19194319|3883|2628
28|380|19437823|4544|3184
27|380|19122437|4244|2904
26|380|19450189|4398|3032
25|380|19182886|4509|3261
1|380|19511270|4550|3284
29|380|19153713|4382|3067
5|380|19505666|4435|3277
30|380|19443168|3687|2536
9|380|19304876|3821|2445
1|381|19953029|4435|3267
3|381|20324130|4631|3341
21|381|20098043|4595|3307
17|381|20264294|4463|3051
31|381|20418522|4358|3092
5|381|19943012|4573|3163
13|381|20249595|3744|2441
15|381|20272560|4633|3375
8|381|20352843|4356|3151
7|381|20265793|4353|3046
4|381|20414824|3964|2747
19|381|20376933|4801|3496
23|381|20126220|4441|3161
10|381|20208391|4722|3477
24|381|20174209|4354|3129
14|381|20262092|4335|3041
22|381|20234172|3930|2590
11|381|20117988|4424|3133
12|381|20338017|4242|2909
0|381|20398783|4373|3125
18|381|20154600|3896|2553
16|381|20210118|4421|3178
9|381|19905318|4026|2671
25|381|20034844|4233|2956
26|381|20049833|4504|3111
28|381|20094641|4421|3043
6|381|20284509|4582|3246
29|381|20022067|4215|2852
30|381|19985137|3952|2526
27|381|20085183|4357|3064
20|381|20149100|3910|2549
2|381|20379333|4746|3464
1|382|26921075|5157|3985
5|382|26825476|4427|3158
8|382|26785876|5058|3908
3|382|26903810|4772|3663
9|382|26587717|3560|2490
29|382|26545907|4684|3446
18|382|26682407|3514|2487
10|382|26720535|5185|4138
20|382|26541714|3092|2204
4|382|26745659|5005|3898
11|382|26659303|4902|3836
17|382|26896455|4816|3734
23|382|26744801|5484|4350
16|382|26598899|4816|3794
12|382|26648766|4621|3692
15|382|26829972|4719|3615
24|382|26728115|5158|3914
2|382|26396230|4995|3881
27|382|26476839|4625|3543
21|382|26945457|3879|2694
13|382|26861026|3957|2996
31|382|26903489|5246|4180
26|382|26580942|4911|3817
25|382|26595506|4882|3580
28|382|26571084|5070|3849
30|382|26532689|3730|2671
19|382|26812748|4267|3263
6|382|26495832|4878|3724
22|382|26739649|3624|2568
0|382|26595769|4829|3690
14|382|26690268|4924|3755
7|382|27301062|5432|4386
1|383|19434493|4071|3211
4|383|19289648|4324|3316
2|383|19181182|4768|4000
18|383|19386018|2913|1993
26|383|19133003|4156|3307
7|383|18905280|4226|3243
22|383|19064398|3027|2247
11|383|19289177|4184|3383
14|383|18956680|3852|2879
0|383|18944016|3989|2967
10|383|19348601|4131|3190
12|383|19229538|4149|3443
16|383|19246429|4236|3344
9|383|19398053|3504|2523
17|383|19287634|4160|3147
15|383|19222744|4268|3435
8|383|19476750|3890|2886
13|383|19161893|3282|2410
23|383|19294243|4358|3468
5|383|19441090|4185|3334
24|383|19230450|4340|3443
20|383|19370355|2977|2125
21|383|19512009|3474|2447
6|383|18994092|4330|3492
19|383|19074646|3715|2834
29|383|19424093|4479|3594
31|383|19162300|4064|3182
27|383|19217979|3871|2931
25|383|19146834|4141|3369
3|383|19406555|4128|3246
30|383|19152877|3520|2660
28|383|19110373|4246|3143
4|384|19829647|4329|3333
6|384|19455315|4395|3146
17|384|19629155|4508|3391
28|384|19349711|4333|3243
29|384|19462488|4308|3238
2|384|19801977|4861|3727
7|384|19767452|4450|3318
11|384|19726387|4244|3210
8|384|19565936|4227|3136
9|384|19623733|3655|2573
16|384|19646365|4160|3069
3|384|19328069|4392|3280
12|384|19666350|4085|2877
15|384|19595590|4360|3153
10|384|19686776|4464|3331
14|384|19724270|4303|3353
19|384|19454487|4242|3154
21|384|19500893|3681|2543
23|384|19568103|4417|3323
22|384|19781430|3529|2484
0|384|19672343|4483|3399
26|384|19828506|4611|3494
1|384|19847854|4247|3136
27|384|19430805|4080|3087
30|384|19373175|3652|2652
31|384|19457717|4676|3418
25|384|19426286|3963|2933
5|384|19508149|4459|3309
13|384|19611921|3405|2349
24|384|19587312|4344|3090
20|384|19588714|3269|2234
18|384|20192895|3248|2215
1|385|22459768|4436|3107
0|385|22512308|4963|3591
23|385|22574875|4583|3441
6|385|22822057|4657|3322
10|385|22622860|4541|3252
19|385|22582994|4359|3040
9|385|22708507|3782|2608
8|385|22731757|4749|3483
2|385|22772024|4836|3504
13|385|22370103|4209|2910
3|385|22662788|4323|3047
12|385|22666292|4579|3254
5|385|22386103|4426|3116
15|385|22655679|4622|3342
26|385|22510703|4515|3370
22|385|22549206|3606|2396
4|385|22871413|4773|3488
14|385|22626966|4158|2792
11|385|22772518|4786|3446
27|385|22490405|3876|2700
7|385|22753409|4304|2988
16|385|22723516|4695|3433
30|385|22476150|3931|2599
21|385|22602294|4131|2836
24|385|22391127|4424|3042
25|385|22453782|3993|2793
28|385|22854997|4620|3331
17|385|22866219|4328|3048
31|385|22472318|4387|3018
29|385|22872071|4385|3067
18|385|22444500|3682|2497
20|385|22492598|3467|2299
5|386|17695662|3792|2649
8|386|17796676|3844|2758
0|386|17926400|3871|3022
27|386|17632261|3796|2717
12|386|17773997|3433|2391
15|386|17702954|4004|2903
29|386|17528225|3918|2805
10|386|17854378|4102|3229
3|386|17735438|4064|2877
11|386|17637379|3896|2775
16|386|17587126|3771|2595
23|386|17910483|4251|2993
9|386|17839445|3411|2372
13|386|17794813|4189|3247
14|386|17664760|3463|2374
6|386|17895814|3775|2763
7|386|17568520|3933|2885
24|386|17554891|4105|3082
4|386|17689889|3977|2675
26|386|17726481|3841|2782
19|386|17876569|4054|2942
22|386|17704853|3288|2246
17|386|17518575|3964|2858
1|386|17947387|3969|2920
28|386|17534906|4204|3025
20|386|17446385|2960|1899
25|386|17559920|3895|2840
31|386|17518933|4194|3067
30|386|17615061|3765|2774
21|386|17599678|3505|2404
18|386|17510963|3274|2160
2|386|17783807|3906|2840
3|387|22399825|4394|3190
9|387|22361901|3573|2439
20|387|22167407|3501|2473
26|387|22297160|3808|2685
29|387|22535379|4535|3282
15|387|22489081|4255|2985
12|387|22599592|3726|2567
8|387|22568888|4438|3190
6|387|22327321|4593|3273
7|387|22314401|4755|3652
14|387|22346464|3525|2429
10|387|22464130|4407|3292
24|387|22302812|4761|3656
13|387|22373584|4447|3265
2|387|22076814|4795|3734
16|387|22413375|4132|2954
18|387|22087690|3710|2612
11|387|22441221|4354|3175
22|387|22247782|3606|2530
17|387|22237838|4325|3033
5|387|22551494|3629|2390
19|387|22272718|4665|3586
25|387|22181716|4262|2985
23|387|22430735|4923|3916
30|387|22153914|4336|3115
4|387|22253833|4367|3121
31|387|22176296|4489|3332
28|387|22230232|4479|3347
21|387|22146094|4235|3255
27|387|22589522|4437|3344
0|387|22527332|4544|3420
1|387|22162567|4406|3292
3|388|20953610|4417|3087
22|388|20660290|3677|2544
5|388|20661917|4517|3139
27|388|20530919|4314|3060
30|388|20619938|4657|3482
10|388|20758690|4652|3295
11|388|20670112|4267|3057
19|388|20606544|4608|3265
0|388|20466495|4667|3399
23|388|20573894|4382|3083
21|388|20498543|4298|2913
24|388|20761673|4894|3683
20|388|20936932|3718|2552
26|388|20911785|4610|3432
6|388|20835819|4604|3203
7|388|20794653|4694|3411
9|388|20952127|4105|2749
25|388|20604155|4136|2891
13|388|20757710|4501|3304
16|388|20730234|4405|3018
28|388|20530654|4819|3433
8|388|20859361|4373|3087
15|388|20892186|4530|3205
14|388|20819656|3696|2408
2|388|20714177|4650|3472
17|388|20686330|4429|3190
31|388|20575567|4471|3180
18|388|20745317|3932|2642
1|388|20426052|4346|3069
29|388|20960663|4425|3177
4|388|20535540|4556|3242
12|388|21019722|3697|2327
1|389|20832087|4586|3376
2|389|20924368|4794|3834
26|389|21137868|4576|3417
25|389|21101702|4538|3525
31|389|20957943|4487|3435
9|389|21142058|3900|2831
5|389|21287648|4434|3376
0|389|21174657|4375|3293
21|389|21169341|4376|3296
20|389|21273470|3842|2699
12|389|20953865|3641|2704
13|389|21041889|4739|3564
10|389|21267786|4937|3932
24|389|21166750|4461|3392
11|389|21252991|4406|3369
23|389|21205893|4784|3553
15|389|20985818|4408|3371
17|389|20942447|4493|3334
19|389|21247216|4851|3786
4|389|20802534|4817|3588
22|389|21349947|3929|2905
27|389|21322250|4505|3371
30|389|21320017|4711|3545
18|389|20916614|3670|2624
28|389|21049131|4848|3684
29|389|20895857|4413|3210
3|389|21321726|4922|3811
16|389|21001840|4575|3359
8|389|20968634|3827|2794
6|389|21103606|4713|3610
7|389|21090264|4736|3495
14|389|21121243|3343|2435
3|390|15300970|3472|2670
10|390|15551752|3524|2708
7|390|15278473|3759|3123
9|390|15693181|2687|1970
25|390|15742526|3361|2600
1|390|15759935|3523|2679
6|390|15261351|3126|2279
0|390|15630624|3692|3044
17|390|15488618|3324|2609
8|390|15310000|3793|3022
16|390|15328559|3349|2696
13|390|15594413|3475|2728
19|390|15481312|3486|2702
11|390|15546752|3405|2635
24|390|15564692|3168|2394
5|390|15639105|3456|2609
15|390|15522222|3557|2862
21|390|15640617|3484|2792
28|390|15383155|3681|2895
18|390|15398886|2664|1906
4|390|15432383|3407|2532
30|390|15421230|3451|2758
29|390|15377088|3307|2511
26|390|15745202|3491|2713
23|390|15550789|3832|3075
31|390|15726309|3255|2502
27|390|15455194|3290|2523
2|390|15723068|3375|2651
22|390|15478349|2819|2188
20|390|15771687|2654|1858
12|390|15783429|2702|2119
14|390|15508029|2524|1732
1|391|19193154|4220|3191
7|391|19258664|4349|3191
21|391|19040807|4132|3016
20|391|18872616|3432|2403
0|391|19166540|4116|3027
5|391|19048764|4403|3248
6|391|19198524|4117|3016
4|391|18947017|4233|3235
10|391|19278115|4189|3050
15|391|19038264|4115|3130
16|391|19137288|3997|2839
11|391|19091817|4059|3084
9|391|19246656|3397|2347
13|391|19125870|4206|3199
8|391|19158615|4166|3129
23|391|18913574|4330|3177
19|391|19115821|4377|3252
17|391|19179188|4074|2922
25|391|19255303|3956|2943
24|391|19093279|4023|2985
27|391|18898066|3885|2841
2|391|18837166|4324|3289
30|391|18983172|4189|3296
26|391|18957708|4070|2905
31|391|18926034|3981|2972
29|391|18972150|4265|3222
28|391|19041754|4186|3054
22|391|18885057|3421|2327
12|391|18860283|3357|2344
3|391|19278182|4202|3137
18|391|19112534|3600|2347
14|391|19101066|3061|2072
3|392|22242960|4882|3691
2|392|22404399|3911|2706
24|392|22467205|4211|3068
28|392|22366690|4937|3852
29|392|22403015|4420|3271
11|392|22552129|4594|3370
20|392|22799296|3961|2821
16|392|22573198|4716|3539
4|392|22630563|4705|3477
19|392|22477841|5024|3953
0|392|22683861|4704|3576
23|392|22496357|4873|3898
10|392|22618479|4986|3823
9|392|22757826|4034|2792
15|392|22604597|4782|3710
5|392|22646386|4557|3336
17|392|22482497|4578|3423
25|392|22469711|4666|3424
13|392|22551387|4766|3574
26|392|22393923|3727|2581
31|392|22383130|4691|3474
30|392|22417655|4786|3526
27|392|22453308|4428|3290
7|392|22727045|5041|3871
1|392|22763758|4662|3539
18|392|22308356|3759|2614
14|392|22296229|3659|2555
12|392|22349095|3736|2623
8|392|22500770|4590|3404
6|392|22640441|3962|3086
21|392|22728244|4312|3179
22|392|22578785|3746|2672
0|393|24815912|5157|3866
4|393|24890980|5496|4146
22|393|24499065|4095|2691
31|393|24737328|5416|4145
8|393|24529892|4844|3539
7|393|24621066|4990|3643
11|393|24914734|4618|3360
5|393|24759996|4782|3514
1|393|24615740|4580|3326
15|393|24786099|4804|3585
10|393|24820255|4984|3606
16|393|24900377|5136|3814
18|393|24601206|4229|2902
3|393|24981138|5467|4134
20|393|24933144|4041|2707
24|393|25001476|5251|3962
12|393|24586458|3835|2569
13|393|24746305|4975|3655
2|393|24957139|5752|4356
21|393|24523113|4888|3628
30|393|24695123|5176|3833
17|393|24780629|4982|3660
23|393|24855688|5523|4151
19|393|24895378|5083|3729
26|393|24738160|5080|3766
14|393|24598658|3931|2683
27|393|24687150|4834|3522
25|393|24775760|4963|3637
28|393|25007500|5254|3892
6|393|24508835|5125|3887
29|393|25006105|4627|3288
9|393|24890446|3966|2705
2|394|39088297|6299|4782
17|394|39055866|5603|4176
16|394|39249548|5218|3865
0|394|39423622|6767|5280
19|394|39011867|6304|4884
3|394|39178281|6428|4909
11|394|39297594|5767|4350
6|394|38905616|6458|5116
23|394|39031770|6293|4828
7|394|39338370|6298|4890
13|394|39133561|6035|4629
1|394|39258233|6151|4820
31|394|39380929|6391|4894
28|394|38941528|6289|4934
24|394|39166437|6159|4719
5|394|39554453|6098|4632
21|394|39106362|6027|4438
9|394|38891410|5284|3736
30|394|39090747|6559|4939
12|394|39158772|4912|3487
22|394|39414652|5427|3878
15|394|39286170|4973|3774
20|394|39196883|5242|3813
14|394|39009687|4552|3133
4|394|39407685|6899|5262
29|394|38934913|5934|4329
18|394|39249845|4312|2879
27|394|39005433|6085|4671
26|394|39060486|6575|5077
25|394|38956803|6290|4826
8|394|40563525|6353|4741
10|394|42194709|6386|4726
3|395|37993016|6898|5367
1|395|37914618|6338|4926
14|395|37724172|4899|3505
6|395|38023424|6859|5443
4|395|37679101|6373|4761
15|395|37827642|5540|4129
9|395|37799688|4809|3369
11|395|37989877|5473|4001
13|395|37928694|6196|4758
21|395|37828417|6115|4666
7|395|37949336|6219|4898
10|395|35335532|6070|4622
26|395|37609989|6438|5009
23|395|37969646|7136|5660
29|395|37679261|5734|4226
27|395|37860189|6075|4599
18|395|37658584|5084|3669
5|395|37829727|6227|4803
2|395|38138138|7471|5934
31|395|37926397|6565|5230
17|395|38119335|6005|4535
24|395|37885477|7001|5588
12|395|37807812|5182|3809
28|395|37911842|6898|5423
30|395|37835411|7415|5925
16|395|38055483|5375|3912
22|395|37811886|5398|4026
20|395|37779773|5280|3786
19|395|38028008|7390|5946
8|395|36988329|6027|4630
0|395|38027310|6237|4739
25|395|37880816|6352|4845
0|396|31543231|5588|4546
12|396|31698609|3933|2857
21|396|31922542|5297|4128
2|396|31742132|5866|4694
7|396|31858131|5882|4633
19|396|31686711|6091|4915
13|396|31902343|5960|4646
28|396|31795844|5829|4617
16|396|31643981|5306|4188
9|396|31953295|4299|3077
10|396|31875779|5688|4506
4|396|31948071|5837|4491
17|396|31740135|5062|3888
15|396|31973585|4797|3723
23|396|31854111|5790|4601
24|396|31733527|6097|4800
27|396|31834422|5428|4170
20|396|31633120|4473|3226
22|396|31645729|4267|3102
30|396|31684978|5728|4599
29|396|31847767|5351|4063
25|396|31588339|5725|4358
18|396|31830660|4415|3239
3|396|32028313|5732|4400
31|396|31784063|5711|4367
8|396|31566844|5470|4357
11|396|31922901|5305|4131
14|396|32560700|3857|2560
6|396|32813106|5820|4541
5|396|32809747|5913|4556
26|396|32931665|5824|4562
1|396|34302538|5777|4614
1|397|26334987|5558|4059
6|397|27801925|6173|4671
25|397|28288622|5812|4251
7|397|28534901|6386|4811
4|397|28423121|5248|3698
11|397|28260276|5529|3993
27|397|28437506|5705|4122
16|397|28479754|5882|4366
2|397|28556320|6411|4845
18|397|28255321|4582|3160
26|397|27555550|6398|5018
15|397|28407168|5627|4231
14|397|28082219|4557|3112
19|397|28542938|6310|4822
9|397|28472214|4961|3546
13|397|28529585|6115|4611
20|397|28346723|4853|3380
22|397|28335224|4655|3207
24|397|28384933|6237|4676
29|397|28302254|5490|3928
17|397|28428326|5112|3652
23|397|28399962|6314|4780
28|397|28517255|6342|4813
12|397|28616864|4571|3151
21|397|28594694|5159|3634
31|397|28237819|5622|4083
5|397|27584901|5635|4135
0|397|28676827|6168|4640
3|397|28227294|5454|3901
8|397|28192412|5784|4205
30|397|28716256|6369|4883
10|397|30692354|6286|4697
2|398|28930324|6235|4809
17|398|28770031|4887|3621
0|398|28646511|5991|4723
16|398|29026026|5580|4256
7|398|29045116|5371|4229
27|398|29065738|6074|4693
18|398|28946045|4842|3481
19|398|28887018|6388|4958
26|398|28933079|5980|4706
8|398|28600433|5761|4373
3|398|28596205|5633|4414
28|398|28743975|5923|4609
5|398|28645024|5656|4099
20|398|28842574|5386|4126
15|398|28925577|5898|4593
9|398|28877688|4952|3719
22|398|28836377|5639|4249
13|398|28864523|5676|4403
29|398|28806609|5749|4317
30|398|28593617|6687|5343
6|398|29064814|6049|4737
11|398|29037210|5159|3920
24|398|28843064|6019|4699
14|398|28942955|4385|3145
31|398|28727380|5387|3897
21|398|28694404|5361|4018
4|398|29019020|5555|4074
23|398|28960510|5502|4112
12|398|29673158|4104|2931
10|398|28169310|5686|4521
1|398|30729211|5926|4619
25|398|30965445|6094|4672
1|399|31183019|5403|4153
4|399|32416101|5265|3910
20|399|32665570|6359|5151
3|399|32683312|5199|3897
2|399|32838214|6719|5435
10|399|31596873|5939|4681
15|399|32623508|6925|5651
7|399|32781214|6557|5475
16|399|32798083|5554|4182
19|399|32744806|6880|5500
17|399|32833646|4864|3626
0|399|32787869|6279|5027
21|399|32438288|5032|3745
8|399|32720547|6088|4945
9|399|32622864|5080|3897
28|399|32699577|6800|5381
22|399|32615225|6131|4967
18|399|32782648|5143|3915
13|399|32611173|4762|3639
12|399|31914656|4314|3204
31|399|32481513|4998|3686
6|399|32518270|6794|5533
26|399|32758371|6896|5573
29|399|32596916|5947|4602
14|399|32501355|4757|3538
27|399|32806075|6133|5026
25|399|30977657|6102|4966
30|399|32588023|6404|5119
23|399|32471694|5185|4031
24|399|32569548|5492|4121
11|399|32505216|4813|3500
5|399|32860532|5975|4750
1|400|27573945|5162|4090
11|400|27071252|4599|3589
6|400|27227478|5328|4152
15|400|27501827|5521|4487
24|400|27136986|3931|2765
12|400|27312940|3628|2596
3|400|27593740|4940|3816
8|400|27370265|4128|3074
2|400|27522179|5543|4223
0|400|27385154|4384|3244
19|400|27439742|5395|4164
4|400|27593312|4782|3549
7|400|27462178|4929|3658
22|400|27336980|5348|4187
17|400|27436998|4370|3309
28|400|27359003|5422|4428
26|400|27251571|5114|3978
18|400|27324912|3951|2807
9|400|27377874|3899|2864
13|400|27311870|4404|3186
23|400|27146326|3841|2855
31|400|27282231|4487|3313
25|400|27184715|4894|3697
10|400|27498008|5319|4122
29|400|27252615|5090|3822
14|400|27233357|3967|2752
21|400|27435887|4564|3436
5|400|27048717|4979|3765
30|400|27185003|5419|4155
27|400|27225953|4751|3667
20|400|27619175|5684|4520
16|400|27446519|4895|3883
1|401|23098208|4588|3330
4|401|22935612|4652|3264
17|401|22920138|4192|2897
23|401|22852385|3943|2825
0|401|22978452|4477|3138
9|401|22839342|3820|2528
14|401|22828673|3760|2509
13|401|22830508|4499|3246
8|401|23021544|4050|2910
5|401|22694537|4616|3371
2|401|23008034|4880|3779
15|401|23090308|5266|4054
11|401|23131456|4266|3100
28|401|22898649|5123|3855
16|401|22633384|4028|2817
21|401|22722636|4565|3206
7|401|22949232|4623|3403
20|401|22652712|4463|3235
26|401|22896470|4724|3555
24|401|23096897|3883|2689
3|401|23002442|4482|3197
19|401|22994698|4738|3437
27|401|22681284|4171|2931
25|401|22807806|4304|3208
22|401|22947895|4389|3124
31|401|22824842|4478|3248
29|401|22781256|4140|2817
30|401|22708886|4286|3069
18|401|22901609|3774|2491
10|401|22752153|4381|3087
6|401|23103286|4893|3571
12|401|23185788|3490|2324
0|402|22118760|4241|3076
26|402|21927351|4003|2818
29|402|21824038|3690|2599
3|402|21871112|3975|2985
4|402|22194881|4175|3191
7|402|21944684|3404|2394
6|402|21717655|3894|2795
13|402|22091323|3775|2777
5|402|22061606|4092|3026
2|402|22041929|4520|3432
10|402|21735254|3615|2669
16|402|21983799|3699|2616
20|402|21939173|3919|2775
22|402|21820206|4069|2972
8|402|22084280|3818|2686
19|402|21873522|3967|2908
25|402|21840281|3643|2645
21|402|21982693|4066|3007
1|402|22224873|3733|2550
15|402|22050238|4016|2933
30|402|21785237|3437|2378
28|402|22021949|4256|3062
31|402|21821837|4063|3051
27|402|21870352|3967|2965
17|402|22208506|4115|2972
12|402|21735896|3298|2221
11|402|22000784|3766|2672
23|402|22204615|3543|2474
24|402|21946963|3517|2470
14|402|22158877|3431|2314
18|402|21828145|3410|2408
9|402|22237525|3297|2314
4|403|23558415|4858|3815
3|403|23607419|4776|3691
11|403|23208071|4289|3116
26|403|23671147|5037|3760
23|403|23265119|4133|2991
6|403|23552840|4761|3587
1|403|23351643|4883|3792
16|403|23468045|4078|3157
8|403|23422529|3790|2636
21|403|23384002|4534|3317
22|403|23447366|5008|3887
2|403|23510763|4695|3762
17|403|23277195|4660|3412
0|403|23646187|4568|3320
20|403|23465857|4056|2849
13|403|23552666|4734|3539
19|403|23425978|5168|3992
29|403|23643277|3492|2525
10|403|23504066|4573|3412
15|403|23370939|4916|3766
5|403|23499716|4619|3559
18|403|23186609|3896|2910
9|403|23177480|4035|2835
28|403|23344315|5179|4010
27|403|23317339|4496|3447
12|403|23287309|3789|2684
25|403|23433144|3809|2773
30|403|23371744|5196|4138
31|403|23344546|4936|3917
24|403|23253706|4082|3099
7|403|23566479|4967|3897
14|403|23280594|3913|2703
1|404|22731969|4464|3291
2|404|22669177|5016|3900
10|404|22588998|3814|2670
30|404|22462610|4521|3305
11|404|22887271|4606|3703
3|404|22865233|4683|3617
4|404|22874889|4493|3342
7|404|22366569|4334|3257
6|404|22783235|4488|3526
9|404|22516673|3912|2747
13|404|22637544|3868|2851
14|404|22367911|3633|2568
18|404|22543060|3529|2496
5|404|22524047|4533|3452
16|404|22769702|3686|2508
22|404|22724679|4886|3791
19|404|22632917|5012|4002
17|404|22696672|4406|3299
20|404|22663180|4998|4013
21|404|22749134|4434|3346
15|404|22588901|4486|3418
12|404|22813964|3443|2310
29|404|22629542|4720|3519
26|404|22863315|4536|3429
27|404|22512039|4215|3168
8|404|22723676|4283|3256
25|404|22487211|4395|3413
31|404|22453830|4545|3428
23|404|22846802|4021|2960
0|404|22646424|4642|3471
28|404|22553257|4568|3501
24|404|22416992|3977|2962
5|405|21781399|4610|3303
8|405|21588292|4567|3255
11|405|21996476|4173|2990
29|405|21685083|4687|3479
30|405|22031644|4806|3610
2|405|22010445|5105|3881
6|405|21881344|4763|3584
7|405|21895828|4751|3638
1|405|22038314|4634|3316
9|405|21874460|3948|2700
15|405|21686460|4506|3205
12|405|21845833|3631|2408
16|405|21797768|4406|3185
13|405|21872490|4782|3586
14|405|21853267|3780|2561
17|405|21753732|4260|3045
20|405|21735535|4690|3509
19|405|21770951|4894|3788
22|405|21787298|4762|3590
18|405|21840245|3768|2614
21|405|21724465|4726|3465
23|405|21578956|3979|2730
0|405|21510144|4875|3536
24|405|21528740|3889|2657
25|405|21614015|4428|3245
26|405|21667915|4890|3622
27|405|21650927|4583|3293
28|405|21551493|4576|3404
4|405|21907243|4765|3490
31|405|21612099|4720|3474
3|405|21923322|4674|3503
10|405|22003163|4204|3127
0|406|18847149|3937|2783
22|406|18946942|3963|2747
27|406|18829283|3789|2675
7|406|19097756|3726|2758
1|406|19085212|4067|2888
2|406|19150616|4208|3126
9|406|19188131|3394|2272
3|406|18718523|3987|2970
21|406|18912312|3878|2762
20|406|18978675|3940|2869
15|406|19077551|4056|2874
4|406|18742049|3964|2770
14|406|19016107|3315|2151
19|406|18969688|4217|3132
17|406|19003454|3755|2671
16|406|19058057|3914|2935
26|406|18834375|3775|2694
8|406|19243467|4463|3275
11|406|19234116|4153|3143
24|406|18867623|3382|2352
12|406|19084001|3170|2190
28|406|18804132|4029|2952
13|406|19048720|3987|3024
18|406|18947641|3394|2355
30|406|19209135|4228|3114
6|406|19110322|3792|2872
29|406|19238906|3900|2819
25|406|18866865|3675|2617
10|406|18747769|4051|2819
31|406|18781028|3904|2771
23|406|18987509|3317|2225
5|406|19249744|4177|3089
2|407|19200374|4079|3093
5|407|18818590|3859|2811
17|407|19109850|3569|2471
28|407|19014867|3892|2817
1|407|19232400|3803|2746
6|407|18906453|3704|2575
0|407|19323212|4147|3170
8|407|19039169|3659|2579
4|407|19140364|4067|2859
14|407|19123161|3106|2122
7|407|19263555|3904|2913
13|407|18964209|3663|2598
21|407|19194896|3774|2619
23|407|18838521|3068|2144
24|407|19017556|3193|2177
10|407|18848476|3624|2533
15|407|19166846|3993|2807
11|407|19040178|3529|2558
12|407|19005077|2839|1914
29|407|18916937|3505|2494
9|407|19204062|3206|2228
27|407|19316489|3887|2738
26|407|19092587|3898|2878
16|407|19112680|3930|2928
22|407|19339064|3664|2572
25|407|18920299|3843|2842
31|407|18895752|3859|2786
20|407|19214957|4262|3282
30|407|18980775|4001|3064
19|407|19167936|4110|3128
3|407|19189685|3791|2756
18|407|19044799|3181|2206
1|408|19138777|3987|2661
5|408|19196187|4164|2796
4|408|19087479|4114|2869
26|408|18876266|4227|2970
13|408|19102380|3858|2805
23|408|19090225|3384|2207
7|408|19055190|4133|2972
9|408|19009424|3484|2268
6|408|19150902|4179|2902
25|408|18948153|3951|2699
16|408|18830398|4010|2786
8|408|19115236|4083|2758
20|408|18781736|4103|2669
17|408|19210511|3653|2447
15|408|18984782|3787|2522
0|408|19106674|4210|2938
19|408|18758335|3912|2663
27|408|18902904|3912|2648
21|408|19065929|4191|2853
28|408|19223865|4439|3210
29|408|18951425|3956|2708
30|408|18788266|4157|2972
22|408|18861415|4248|2999
11|408|18940689|4045|2711
3|408|18689325|4305|3007
24|408|19113990|3330|2155
10|408|18977159|3986|2734
31|408|18911371|4031|2783
12|408|19390539|3241|2002
18|408|18962382|3476|2119
14|408|19407436|3267|2080
2|408|19230314|4732|3617
5|409|18781555|4046|2788
2|409|18258768|3625|2416
10|409|18361018|4096|2964
9|409|18703701|3525|2334
18|409|18359567|3354|2156
30|409|18489279|4168|3060
1|409|18826051|4148|2987
23|409|18783761|3237|2082
13|409|18722307|4119|2904
7|409|18683416|4270|3096
19|409|18527920|3832|2605
8|409|18619671|3828|2720
15|409|18566603|4139|2770
0|409|18515253|4066|2816
14|409|18308497|3337|2101
28|409|18487310|4026|2774
20|409|18613124|4299|2957
17|409|18597127|3973|2688
22|409|18442722|3992|2802
26|409|18775648|3921|2779
29|409|18476989|3885|2711
12|409|18351789|3135|2039
16|409|18657676|4214|2930
21|409|18517968|4249|3028
27|409|18538203|4262|3099
25|409|18679951|4188|2916
24|409|18405443|3398|2275
3|409|18354348|3840|2662
31|409|18388500|4052|2816
4|409|18751334|3848|2627
6|409|18642842|3749|2636
11|409|18398876|4048|2857
5|410|20745955|3748|2737
7|410|20610924|3724|2690
11|410|20260743|3704|2853
13|410|20659855|3894|3037
29|410|20474927|3862|2960
28|410|20567016|4089|3148
23|410|20724425|3382|2433
30|410|20767549|3491|2636
12|410|20506658|3327|2270
10|410|20729840|4280|3226
4|410|20254286|3579|2748
17|410|20500355|3688|2762
16|410|20412933|3780|2887
15|410|20583231|4174|3329
2|410|20716898|4067|2958
18|410|20718152|3292|2397
20|410|20523176|4097|3123
9|410|20735854|3192|2285
22|410|20503953|3898|2907
27|410|20405505|3777|2729
1|410|20714125|3983|2954
26|410|20491307|4068|3086
24|410|20378802|3343|2463
8|410|20566517|3672|2719
31|410|20349223|4167|3326
21|410|20422444|4179|3187
0|410|20519259|4250|3182
25|410|20411616|3830|2881
3|410|20309107|4129|3076
19|410|20622326|3277|2271
6|410|20278794|3858|3000
14|410|20665003|3272|2325
6|411|25899634|4937|3693
9|411|26140657|4095|3088
24|411|26080309|4031|2959
28|411|26380427|4801|3578
15|411|26190923|5217|4089
0|411|25981438|5515|4253
21|411|25996879|5090|3902
13|411|26356262|5146|4016
17|411|26234072|5309|4128
1|411|26098867|5176|4241
20|411|26162344|5351|4139
26|411|26084875|5190|4037
11|411|26367081|5181|4071
8|411|26047652|4747|3554
14|411|25915390|3940|2726
22|411|26143869|5126|3907
18|411|26188635|3937|2918
4|411|26528410|5330|4115
19|411|25957932|5456|4159
12|411|26321873|3985|2918
29|411|26380584|5306|4015
3|411|25982471|5356|4477
27|411|26139591|5246|4212
2|411|26166099|5571|4516
30|411|26348210|5453|4198
23|411|26364752|4156|3131
7|411|26435198|5432|4470
10|411|26272209|5403|4315
25|411|26253914|4998|3991
31|411|26040015|5310|4282
5|411|27110067|5588|4446
16|411|27135224|5551|4454
1|412|25449113|4306|3054
10|412|25177546|4356|3227
18|412|25374957|3445|2424
21|412|25575774|4437|3231
3|412|25270589|4766|3648
0|412|25535002|4500|3368
6|412|25629736|4228|3159
23|412|25333746|3286|2165
13|412|25514398|4116|2978
24|412|25741421|3667|2499
9|412|25620648|3700|2523
20|412|25480943|4269|3104
16|412|24732020|4562|3332
11|412|25447017|4573|3393
7|412|25191486|4641|3461
15|412|25594105|4340|3182
22|412|25399125|4338|3226
25|412|25197798|4248|2961
17|412|25521253|4085|2976
5|412|24972954|4794|3455
19|412|25361438|4298|3169
26|412|25481544|4477|3356
30|412|25274363|4226|3000
27|412|25306293|3944|2829
31|412|25212996|4241|3094
28|412|25638106|4110|2944
4|412|25327864|4219|3102
29|412|25359264|4298|3130
2|412|25244970|4881|3615
8|412|25417207|4169|3014
14|412|25684542|3591|2416
12|412|25674706|3294|2214
5|413|21351068|4537|3374
8|413|21171958|4405|3310
19|413|21374939|5006|3847
31|413|21337452|4844|3547
0|413|21572644|4729|3512
4|413|21240551|4693|3481
7|413|21436178|4735|3531
6|413|21558171|4452|3278
10|413|21667715|4844|3581
1|413|21685207|4682|3413
11|413|21465720|4685|3540
9|413|21514140|3861|2733
16|413|21492717|4611|3386
13|413|21557827|4567|3417
20|413|21513159|4905|3680
21|413|21633975|4594|3381
17|413|21412658|4379|3208
15|413|21460024|4625|3588
2|413|21183122|4914|3684
23|413|21587269|3965|2821
25|413|21432976|4516|3252
26|413|21368720|4611|3436
22|413|21451255|4540|3338
27|413|21336639|4492|3331
28|413|21311655|4517|3354
29|413|21279815|4293|3266
14|413|21208147|3821|2677
30|413|21374593|4916|3591
24|413|21589018|3772|2633
3|413|21586693|4656|3604
12|413|21423689|3444|2329
18|413|21950259|3591|2366
0|414|24184078|4133|3029
20|414|24062330|4223|3014
24|414|23858475|3579|2482
4|414|24183511|4182|3042
2|414|23975828|4342|3152
16|414|24072500|4213|3117
15|414|23995999|4055|2857
6|414|24158301|4084|2847
7|414|24175301|4579|3524
5|414|24287084|4436|3230
11|414|24127907|4377|3158
28|414|23897089|3552|2395
25|414|23971977|4120|2854
8|414|24284482|3905|2802
13|414|24072367|4164|2948
14|414|23863299|3194|2136
21|414|24041372|4523|3258
19|414|24256055|4239|3012
22|414|23945653|3894|2842
29|414|23893377|4049|2901
17|414|24039015|4013|2889
12|414|23805586|3263|2292
9|414|24125243|3833|2579
18|414|23776405|2919|1867
31|414|24253507|4471|3260
30|414|23869504|4271|3007
3|414|23825159|4310|3265
27|414|23941803|4047|2867
10|414|24190745|4301|3139
1|414|24121914|4260|3109
26|414|23990338|4361|3313
23|414|24053356|3471|2401
4|415|20573040|4498|3192
20|415|20634362|4286|2944
24|415|20648997|3513|2357
25|415|20490036|4197|2986
21|415|20449533|4328|3036
7|415|20489740|3972|2757
8|415|20414461|3998|2894
18|415|20261788|3649|2361
11|415|20464447|3905|2700
9|415|20266584|3447|2329
13|415|20409014|4092|3055
10|415|20190891|4055|2767
5|415|20474601|4017|2708
17|415|20319583|4052|2852
6|415|20519927|4445|3210
12|415|20303271|3243|2081
22|415|20361152|3890|2694
1|415|20155392|4305|3094
28|415|20473057|4082|3063
23|415|20157853|3701|2458
14|415|20413296|3320|2165
16|415|20583222|4181|2921
27|415|20229195|4117|2809
15|415|20571572|4411|3281
30|415|20265275|4225|2967
19|415|20392188|4400|3167
29|415|20362485|4142|2714
31|415|20287016|3930|2806
0|415|20644464|4467|3167
2|415|20570963|4572|3256
26|415|20210579|4464|3242
3|415|20210075|4239|3075
2|416|18801235|4077|2976
8|416|19225426|3689|2665
31|416|18896049|3609|2585
26|416|18863609|3803|2703
5|416|19112558|3728|2656
21|416|19324015|4072|3074
6|416|19096819|3081|2084
7|416|19248847|3866|2841
11|416|19202890|3925|2938
9|416|19294212|3288|2236
12|416|19097381|2874|1935
14|416|18987463|3627|2554
20|416|19321975|4041|2933
23|416|19036215|3151|2203
19|416|18927270|3993|2949
18|416|19238541|3207|2182
22|416|19102050|3397|2220
24|416|19329779|3149|2265
29|416|18913796|4040|2705
1|416|19031024|3890|2793
15|416|18966942|3584|2664
27|416|18983748|3648|2654
4|416|19376605|4212|3246
3|416|18831151|3743|2715
16|416|19004873|3852|2936
25|416|19322861|3881|2962
30|416|18972266|3692|2760
13|416|19220307|3694|2797
0|416|18827065|3801|2775
28|416|19100734|3775|2781
17|416|19112265|3630|2579
10|416|19153208|3783|2722
1|417|18300001|3823|2823
3|417|18246942|3721|2681
21|417|18550385|3643|2520
25|417|18256880|3320|2214
18|417|18435913|2773|1926
24|417|18426528|3016|2003
17|417|18148955|3107|2111
14|417|18444006|3300|2299
16|417|18245030|3523|2497
13|417|18196566|3373|2429
19|417|18400174|3530|2560
2|417|18625287|3985|2902
26|417|18563146|3474|2433
0|417|18193285|3741|2811
20|417|18443732|3714|2677
8|417|18600376|3496|2403
15|417|18320459|3378|2366
12|417|18735946|2764|1759
31|417|18582358|3473|2435
28|417|18186961|3438|2334
9|417|18496902|3089|2036
10|417|18127292|3380|2365
7|417|18494397|3633|2628
30|417|18246499|3616|2534
29|417|18374263|3338|2400
27|417|18327675|3272|2227
4|417|18261424|3603|2609
23|417|18495101|2920|1965
5|417|18526256|3743|2582
22|417|18452568|3452|2404
6|417|18637914|3086|2038
11|417|18510302|3763|2754
1|418|22874747|3970|2856
3|418|22871494|4064|3022
7|418|22549615|3863|2920
11|418|22410201|3389|2384
28|418|22625164|3847|2883
18|418|22880479|3236|2278
15|418|22639214|3616|2718
21|418|22973387|3840|2775
26|418|22717331|3783|2844
8|418|22641423|3556|2637
14|418|22801199|3844|2779
24|418|22831796|3264|2330
16|418|22785789|3875|2912
12|418|22639006|2622|1811
17|418|22820023|3676|2689
22|418|22439071|3822|2830
29|418|22533836|3609|2595
25|418|22883738|3714|2728
10|418|22550782|3418|2546
20|418|22705524|3946|2908
19|418|22771380|3620|2709
30|418|22560984|4026|3022
31|418|22641416|3794|2798
27|418|22533441|3645|2644
0|418|22685730|3670|2666
2|418|22723615|4051|3087
23|418|22507812|3386|2355
13|418|22820588|3805|2900
9|418|22656518|3075|2220
4|418|22481037|3981|2992
5|418|22564691|3608|2592
6|418|22561062|3007|2117
1|419|36172646|6614|5432
2|419|35768785|6217|4987
25|419|35912139|5936|4841
15|419|36113605|6209|4811
4|419|35702532|6459|5066
14|419|36081328|6171|4896
11|419|36121402|6169|4907
7|419|36128520|6422|5067
8|419|36024655|4908|3717
5|419|35676871|5941|4570
17|419|35945211|5749|4545
16|419|35980357|6194|4999
21|419|36072484|6429|5071
12|419|35977334|5064|3899
18|419|36105323|5545|4266
13|419|35767590|5836|4561
20|419|35888664|6275|4879
29|419|35930834|5941|4637
30|419|35860783|6460|5316
28|419|36140193|6382|5226
0|419|35780108|6135|4907
31|419|35849358|6362|5114
6|419|35706929|4059|2888
26|419|36070708|6407|5230
27|419|35840031|6069|4610
19|419|35895686|5796|4580
9|419|35776635|4378|3079
3|419|36146129|6480|5136
24|419|36057949|5536|4445
10|419|35876435|5139|3888
22|419|36020670|6230|4941
23|419|36063678|5711|4495
1|420|22877840|5286|4311
10|420|22368457|4741|3598
31|420|22569612|4962|3778
23|420|22380315|4449|3290
5|420|22730450|5225|3976
0|420|22551004|4912|3845
15|420|22839835|5367|4366
22|420|22364833|5252|4069
4|420|22803202|5587|4409
17|420|22724589|4904|3885
9|420|22435655|3504|2413
21|420|22691713|5031|3966
7|420|22762995|5215|4131
13|420|22648052|5093|3940
2|420|22861061|5392|4146
24|420|22403154|4324|3278
28|420|22593606|5113|4027
11|420|22803467|4947|3859
19|420|22450164|5347|4268
18|420|22665178|3940|2954
26|420|22524885|5278|4068
12|420|22690436|3582|2504
25|420|22871323|5247|4054
30|420|22621554|5313|4328
16|420|22711543|4511|3295
29|420|22628440|4908|3780
27|420|22494710|4662|3473
3|420|22398924|4955|3689
20|420|22664336|5427|4390
14|420|22842022|5049|4188
8|420|22753795|4270|3167
6|420|22620222|3492|2405
0|421|24355955|5034|3629
20|421|24000129|5375|4096
23|421|24470813|4228|2840
3|421|23995373|4866|3444
6|421|23997088|3539|2396
13|421|24246044|4681|3518
22|421|24349411|5162|3768
15|421|24361658|5232|3943
2|421|24235560|5303|3996
11|421|24186199|4756|3504
7|421|24278058|4599|3304
1|421|24497327|5044|3789
12|421|24311004|3822|2578
19|421|24182494|4960|3633
21|421|24301921|4767|3447
10|421|24478239|5104|3790
8|421|23977615|4613|3229
27|421|24044126|4820|3357
25|421|24116543|4995|3653
17|421|24345246|4800|3444
30|421|24101020|5141|3824
26|421|24156458|5304|3873
29|421|24068452|4581|3357
24|421|24256449|4017|2871
28|421|24241636|5064|3717
31|421|24492745|4549|3162
4|421|24380479|5043|3630
18|421|24192584|3886|2628
14|421|23963025|4911|3547
16|421|24048419|4883|3500
9|421|24382010|3973|2699
5|421|24394979|4869|3439
1|422|19977127|4605|3480
5|422|19638155|4231|2942
2|422|20071166|4638|3484
28|422|19807016|4158|2898
9|422|19719126|3465|2318
4|422|19734101|4535|3373
11|422|20054022|4229|3127
0|422|20180880|4350|3152
13|422|20120414|4279|3099
14|422|19714132|4144|3049
17|422|19878636|4169|3030
6|422|20132752|3425|2343
16|422|19698611|4557|3373
8|422|19928154|4208|3278
12|422|19997500|3491|2307
7|422|20030041|4254|3305
15|422|20099296|4600|3395
19|422|19987375|4788|3556
21|422|19971194|4094|2859
18|422|19738621|3847|2651
26|422|19853117|4316|3108
20|422|20180064|4547|3288
25|422|19906037|4180|2996
29|422|19845735|4162|2970
24|422|19829183|3570|2541
10|422|19922363|4390|3168
31|422|19799862|4377|3169
22|422|20143449|4822|3567
30|422|19898949|4352|3204
27|422|19950032|4174|2874
3|422|20131246|4579|3355
23|422|20271164|3872|2690
1|423|19286627|3959|3052
10|423|18868469|3952|2859
8|423|19096197|4050|2965
28|423|19288215|4320|3219
4|423|19193779|4342|3273
3|423|18786079|4119|3015
0|423|19174560|4322|3156
19|423|19112645|4423|3429
13|423|19163449|3975|2984
15|423|19035674|4164|3047
26|423|18970932|4418|3239
7|423|19056893|4094|3187
14|423|19157493|3843|2767
17|423|19148740|4072|3005
31|423|18889108|4183|3128
2|423|19249711|4429|3332
16|423|19116970|4003|2995
22|423|18861437|4314|3112
23|423|18796283|3421|2359
27|423|18833062|3979|2740
12|423|19363214|3188|2084
25|423|18960725|3856|2836
20|423|18978428|4478|3423
30|423|18855843|4253|3278
24|423|18928871|3274|2317
29|423|18948806|4172|3118
18|423|19018435|3347|2374
5|423|19279570|4200|3132
9|423|19323188|3309|2193
11|423|19193556|4077|3056
6|423|19338306|3270|2190
21|423|19027208|3726|2680
11|424|17795072|3747|2694
1|424|18278832|3851|2697
0|424|18191037|4372|3207
26|424|18158307|4159|2887
30|424|17986199|4202|3151
8|424|18247326|3782|2725
12|424|18071018|2976|2032
4|424|18197081|4060|2988
7|424|18116143|4436|3531
10|424|18276653|3818|2692
9|424|17848809|3061|2192
15|424|18153466|4315|3454
19|424|18181486|4252|3091
14|424|18112796|4037|2995
17|424|18103246|3812|2770
13|424|18173609|3848|2715
20|424|17966590|4384|3276
21|424|17813391|3216|2184
22|424|18046718|4317|3241
18|424|17902894|3232|2248
24|424|17944291|3453|2375
6|424|18145422|3048|2069
2|424|18033405|3999|2851
25|424|18000901|3925|2829
31|424|18118241|4391|3354
28|424|18284542|3848|2855
29|424|17942233|3891|2783
23|424|18070278|3443|2347
3|424|18198017|3973|2855
5|424|17861238|3660|2508
27|424|18310807|3647|2637
16|424|18078499|4093|3014
1|425|19167802|4155|3023
3|425|18704758|3745|2707
16|425|18692245|3968|2823
5|425|18729975|3711|2674
18|425|18906042|3412|2325
10|425|19039291|3958|2966
7|425|19053664|4282|3056
15|425|19010962|3803|2706
0|425|19173621|3597|2425
14|425|18983087|3758|2679
17|425|18972127|4231|2999
8|425|19116060|3923|2897
4|425|19054609|4281|3087
19|425|19012811|3783|2657
13|425|18968211|3863|2747
21|425|18936092|3755|2670
12|425|19335402|3183|1987
9|425|19050268|3133|2103
20|425|18957527|4243|3112
11|425|19212664|3653|2621
26|425|19181620|3921|2919
25|425|18854167|3792|2688
28|425|18826443|4146|3009
23|425|18783745|3092|2174
27|425|18735396|3873|2699
22|425|18938727|4071|3106
24|425|18903996|3143|2225
31|425|18850201|4065|2989
30|425|19178731|3723|2655
6|425|18900665|3267|2117
29|425|18844306|3719|2645
2|425|18820421|4259|3122
0|426|35797628|5720|4209
2|426|35433960|4395|3092
26|426|35671849|5785|4511
3|426|35997213|5932|4580
10|426|35928469|5864|4541
15|426|35831670|5784|4422
14|426|35800337|5666|4313
16|426|35936779|5777|4565
4|426|35747249|4297|3056
21|426|35717925|5147|3868
20|426|35675434|5750|4368
30|426|35497928|5564|4283
9|426|35688560|4619|3422
17|426|35798588|6125|4615
8|426|35985224|5388|4100
12|426|35713707|4808|3523
19|426|35724926|5818|4519
5|426|35941430|4139|2912
1|426|35999902|5738|4494
22|426|35565186|6128|4881
27|426|35600948|5763|4449
18|426|35920349|4606|3341
28|426|35646275|5901|4613
11|426|35639091|5719|4610
24|426|35567323|5272|4083
23|426|35642081|5295|4132
13|426|35720700|5646|4362
31|426|35581603|5785|4614
7|426|35838935|4318|3097
25|426|35712517|5942|4542
6|426|35472832|4742|3417
29|426|36510646|5369|4152
2|427|27840013|4976|3719
7|427|27411959|5272|4015
27|427|27581600|5029|3647
8|427|27659100|4863|3553
0|427|27876527|5175|3796
3|427|27822295|4835|3511
13|427|27441642|5263|4006
4|427|27758051|4837|3562
10|427|27821023|5472|4215
16|427|27778213|5622|4244
1|427|27574995|5774|4419
11|427|27513314|5467|4170
19|427|27648463|6141|4689
15|427|27821017|5088|3807
29|427|26830507|4973|3705
21|427|27757178|4854|3525
22|427|27592237|5744|4350
14|427|27810685|4908|3614
20|427|27748504|5567|4217
17|427|27706667|5509|4232
18|427|27559073|4276|3064
9|427|27724822|4267|3027
25|427|27420089|5589|4341
5|427|27602650|5130|3876
23|427|27505640|4695|3392
6|427|27405471|4269|2952
12|427|27687047|4109|2812
30|427|27754685|5833|4510
24|427|27526000|4473|3218
28|427|27562450|5471|4133
31|427|27525019|5840|4551
26|427|28002630|5922|4607
0|428|21481542|4185|2981
10|428|21431623|4559|3497
14|428|21316579|3982|3022
17|428|21293681|4419|3423
15|428|21400714|4565|3531
30|428|21192476|4597|3663
23|428|21254965|3508|2510
7|428|21572995|4419|3459
2|428|21576099|4403|3300
16|428|21425041|4345|3229
4|428|21465044|4116|3100
20|428|21292402|4228|3250
18|428|21266764|3361|2440
1|428|21397377|4498|3401
24|428|21139656|3337|2361
27|428|21577261|4486|3435
19|428|21409906|4806|3806
11|428|21429182|4610|3415
3|428|21487192|4512|3353
12|428|21180285|3430|2393
22|428|21351050|4673|3527
13|428|21525645|4094|3101
5|428|21196892|4082|3138
29|428|21401620|4343|3313
31|428|21139825|4969|3953
28|428|21160799|4187|3117
21|428|21395920|4404|3368
26|428|21137340|4979|3834
8|428|21530075|4029|2915
25|428|21289020|4295|3301
9|428|21232031|3400|2402
6|428|21407850|3098|2220
1|429|20100664|3916|2843
8|429|19872997|3737|2637
22|429|20016387|4171|3135
21|429|19953096|3775|2720
28|429|19996948|4164|3158
0|429|20314931|3756|2802
9|429|19951459|3169|2183
7|429|20233432|3570|2444
10|429|20311082|3975|2982
14|429|20303060|3812|2764
20|429|20168000|4522|3369
2|429|20229110|3880|2799
3|429|20015484|3774|2687
17|429|20306245|3882|2851
15|429|20287725|3836|2716
13|429|20017687|3793|2735
12|429|20280001|3056|2145
23|429|20284933|3494|2375
24|429|20140008|3229|2258
27|429|20124237|3751|2634
25|429|19907196|3741|2737
4|429|20156006|3925|2711
26|429|19945251|4123|3047
31|429|19995877|3801|2775
18|429|20197304|3432|2288
19|429|20122376|3912|2803
30|429|20312741|4211|3162
29|429|20016135|3831|2745
5|429|19961376|3600|2473
16|429|20188211|4000|2921
6|429|20030957|3016|2012
11|429|20086031|3890|2846
3|430|17947417|3683|2427
15|430|17947119|4118|2936
26|430|17853423|4059|3076
30|430|17819943|3894|2977
5|430|17724872|3704|2456
0|430|18076790|3982|2847
1|430|18201045|3937|2827
11|430|17688581|4008|2993
7|430|18057018|3509|2316
12|430|18069773|3071|2060
9|430|18072115|3157|2172
16|430|17722459|3609|2479
14|430|18030657|3899|2707
22|430|18161999|4004|2795
13|430|17944915|3878|2838
19|430|17791974|4195|3199
8|430|18195098|3712|2687
24|430|17910972|3340|2199
21|430|18141535|3786|2563
4|430|17867637|4052|2901
2|430|17979250|4263|3066
28|430|18136316|4068|2898
31|430|17850188|3798|2641
29|430|17787649|3828|2574
23|430|17948588|3422|2251
25|430|17904505|3703|2551
18|430|17842080|3429|2296
20|430|17998801|4050|2909
17|430|18025905|3577|2372
27|430|17950012|3818|2769
6|430|17811410|3134|2085
10|430|18015007|3958|2928
6|431|33485941|4714|3278
7|431|33884948|6134|4650
12|431|33872427|4865|3388
11|431|33900663|5759|4221
26|431|33982121|6054|4521
9|431|33865809|4808|3394
20|431|33576423|5608|4224
3|431|34044951|5002|3591
21|431|33741395|5643|3941
14|431|33841388|5771|4261
15|431|34219198|5853|4454
5|431|34180650|5589|4097
16|431|33860077|5735|4346
19|431|33789725|6242|4729
13|431|33809212|5636|4221
18|431|33594935|5133|3629
24|431|33769520|4945|3579
4|431|33740570|5848|4291
25|431|33615593|5634|4084
28|431|33708456|5318|3891
2|431|33692259|5807|4230
29|431|33682058|5708|4142
0|431|33962206|4493|3008
17|431|33575821|5255|3900
31|431|33700710|5952|4586
1|431|33945948|4857|3444
23|431|33653806|4839|3456
8|431|33824182|5799|4478
22|431|33975386|6237|4619
10|431|33485918|5913|4407
27|431|33554371|5723|4199
30|431|35625424|6174|4606
0|432|28502022|4125|2736
13|432|28687650|5270|3832
18|432|28695703|4453|3165
4|432|28595502|4909|3522
30|432|27360580|5659|4201
6|432|28927183|4191|2825
1|432|28484996|4604|3194
3|432|28755771|4476|3061
26|432|28867143|5760|4341
8|432|28453361|5273|3843
9|432|28857624|4243|2862
22|432|28442455|5547|4112
19|432|28717079|5855|4487
21|432|28800229|5072|3640
28|432|28621328|4418|3068
27|432|28420313|4318|2897
15|432|28773873|5352|3963
12|432|29191986|4303|2978
10|432|28444021|5507|4221
14|432|28793191|5380|3940
23|432|28500938|4489|3108
24|432|28685908|4758|3341
16|432|28752430|5250|3821
2|432|28552757|5406|4006
11|432|28926312|5485|4049
20|432|28880539|5978|4525
31|432|28560131|5956|4490
25|432|28666075|5394|4034
5|432|28722342|4896|3461
7|432|29102533|5601|4145
29|432|28807755|5337|4100
17|432|28548185|4250|2919
2|433|26361738|5262|3618
10|433|26472787|5102|3502
20|433|26384946|5061|3455
5|433|26278912|5098|3606
31|433|26398950|5164|3571
12|433|26491314|4101|2600
3|433|26761958|4630|3055
29|433|26396534|4601|3070
1|433|26693752|4800|3250
0|433|26796785|4712|3251
26|433|26667849|5680|4150
8|433|26648193|4905|3409
15|433|26528193|4971|3342
16|433|26438869|4562|3056
22|433|26612647|5665|4088
24|433|26457404|4036|2560
13|433|26785292|5276|3757
21|433|26598813|4982|3504
30|433|26769074|5689|4210
27|433|26567278|5120|3669
11|433|26359193|4916|3302
9|433|26652007|4289|2804
18|433|26799337|4291|2797
25|433|26375007|4987|3487
28|433|26598657|4427|2899
6|433|26711617|4138|2683
23|433|26530411|4378|2904
17|433|26342687|3975|2542
7|433|26263274|5050|3602
14|433|26468726|5130|3576
4|433|26935400|5144|3639
19|433|26840160|5682|4105
7|434|34152497|5347|4002
26|434|34495334|5924|4346
14|434|34177744|5396|4031
16|434|34421728|5264|3851
0|434|34495035|5160|3654
2|434|34742624|6113|4526
3|434|34550072|5789|4264
23|434|34316614|4432|2979
5|434|34617006|5325|3780
22|434|34429593|6091|4520
8|434|34453358|5329|3841
31|434|34784115|6186|4661
4|434|34175260|5535|4088
20|434|34666786|6163|4712
10|434|34677563|5540|4013
21|434|34357078|5241|3866
30|434|34392201|5788|4197
1|434|34561576|5150|3716
27|434|34378091|5475|3994
9|434|34362868|4587|3134
13|434|34462017|5567|4173
25|434|34266331|5662|4283
28|434|34332068|4619|3201
6|434|34331919|4333|2890
24|434|34502687|4807|3294
12|434|34680797|4183|2712
19|434|34135716|5449|3936
18|434|34405258|4791|3270
29|434|34563330|5498|3988
11|434|34877646|5666|4208
17|434|34838989|4337|2923
15|434|35136617|5606|4160
5|435|23661832|4441|3191
11|435|23259113|4651|3431
2|435|23721345|4430|3239
6|435|23442318|3844|2558
8|435|23641859|4609|3272
21|435|23618335|4506|3192
14|435|23809711|4644|3331
0|435|23744655|4618|3372
16|435|23781696|4785|3480
3|435|23731084|4761|3634
13|435|23496898|4800|3546
20|435|23618476|4889|3647
10|435|23589806|4595|3365
12|435|23407537|3857|2572
18|435|23378113|3920|2664
22|435|23692358|4941|3688
19|435|23399994|5188|3835
1|435|23539480|4359|3047
17|435|23490693|3850|2436
23|435|23748021|3871|2723
26|435|23850555|5157|3781
7|435|23866686|4920|3619
31|435|23682975|5187|3904
9|435|23490225|4016|2671
27|435|23563128|4513|3314
24|435|23457641|3994|2703
30|435|23604290|4528|3269
4|435|23617085|4526|3260
15|435|23207550|4559|3359
29|435|23408492|4901|3591
28|435|23510433|3963|2663
25|435|23493552|4661|3404
5|436|26898382|4898|3395
2|436|26872633|4980|3483
10|436|26718508|4880|3342
27|436|26536314|4529|3119
4|436|26415538|4352|2963
31|436|26616624|4861|3374
11|436|26917455|4849|3433
1|436|26606408|4394|3088
8|436|26869075|4609|3278
9|436|26647225|3973|2532
13|436|26739301|4663|3155
6|436|26895066|3828|2496
20|436|26735541|4945|3550
3|436|26727684|4619|3276
19|436|26656583|4931|3590
15|436|26442256|4834|3397
22|436|26673051|5108|3746
26|436|26595069|4910|3394
25|436|26405529|4638|3233
18|436|26708477|3976|2638
29|436|26448179|4862|3428
14|436|26854503|4930|3633
21|436|26896986|5101|3668
0|436|26759954|4874|3447
28|436|26446686|3763|2519
23|436|26645772|3944|2586
30|436|26531232|5001|3772
12|436|26758794|3686|2452
24|436|26552585|3818|2371
7|436|26540601|4916|3588
17|436|26717594|3863|2515
16|436|26772406|4994|3534
4|437|32701127|5853|4403
3|437|32601771|5996|4522
2|437|32790907|5129|3619
6|437|32667487|4767|3314
29|437|32519677|5183|3711
23|437|32461414|5445|3999
19|437|32587228|5667|4248
5|437|32831252|5578|4002
9|437|32668734|4732|3295
13|437|32654469|5775|4182
1|437|32683116|5435|4031
10|437|32949992|6134|4693
26|437|32559977|5824|4362
21|437|32468287|5382|3912
17|437|32343450|5244|3744
12|437|32397650|4476|3138
14|437|32497024|5767|4261
24|437|32633779|4330|2855
18|437|32535229|4751|3394
8|437|32673468|5488|3954
30|437|32427005|6079|4761
11|437|32755398|5630|4092
0|437|32431195|5338|3828
7|437|32398888|6257|4715
28|437|32483427|5460|3942
15|437|32572377|5654|4188
31|437|32834116|6114|4555
22|437|32698075|6145|4628
27|437|32904930|5684|4201
20|437|32637391|6293|4788
25|437|32557426|5705|4336
16|437|34580606|6116|4624
3|438|25605767|4818|3493
11|438|25259888|4749|3354
24|438|25370766|3965|2762
2|438|25588225|5303|3928
15|438|25154918|5099|3835
6|438|25584252|4171|2980
7|438|25207148|5614|4225
31|438|25285075|4057|2773
20|438|25093177|4669|3220
30|438|25275031|5584|4236
0|438|25246991|4491|3168
29|438|25590310|4671|3367
21|438|25432417|4770|3551
12|438|25601884|3801|2676
25|438|25093758|4836|3478
23|438|25588087|4258|2992
17|438|25423974|4705|3469
14|438|25338597|4874|3598
4|438|25677242|4914|3533
28|438|25239222|4877|3637
5|438|25567201|4649|3286
19|438|25595658|5436|4139
10|438|25497677|5424|4039
27|438|25162390|4743|3492
26|438|25483594|4437|3229
22|438|25566183|5478|4115
9|438|25589261|4266|2910
18|438|25313612|4159|2841
8|438|25276893|4489|3105
16|438|23401618|4954|3787
1|438|25909689|4446|3099
13|438|26129050|3918|2594
1|439|21898216|4185|2830
19|439|22047190|5107|3794
21|439|22240178|4177|3096
29|439|22294978|4511|3334
3|439|22423166|4281|3044
31|439|22400003|3676|2486
0|439|22227597|4405|3052
11|439|22407747|4621|3295
7|439|22309134|4406|3099
10|439|22053967|4759|3375
16|439|21954655|4445|3075
5|439|22055286|4395|3094
14|439|22160711|4595|3372
17|439|22175328|4740|3344
4|439|22147253|4581|3235
26|439|22049696|4468|3179
20|439|22321348|4834|3701
15|439|22395364|4721|3440
23|439|22202776|3904|2768
28|439|22141496|4538|3372
30|439|22314122|4328|2896
22|439|22046358|4513|3147
27|439|22078856|4542|3247
8|439|21938903|4459|3200
24|439|22448526|3767|2529
6|439|22408728|3653|2443
18|439|22052183|3830|2578
25|439|22263134|4368|3188
2|439|22360542|4651|3502
12|439|22329337|3316|2209
9|439|22127886|3764|2427
13|439|22069766|3638|2412
4|440|20616410|4236|3003
25|440|20421799|3958|2754
27|440|20525313|4409|3178
7|440|20733736|4954|3761
5|440|20694655|4009|2750
8|440|20482306|4117|2987
0|440|20778188|4066|2854
3|440|20809758|4360|3088
20|440|20608200|4670|3459
10|440|20734409|4389|3122
14|440|20686473|4354|3001
17|440|20676248|4401|2988
19|440|20904925|5010|3611
21|440|20870310|4306|3044
2|440|20368308|4634|3240
15|440|20608988|4531|3257
9|440|20373431|3800|2547
18|440|20446083|3568|2434
30|440|20566481|4651|3329
1|440|20913695|4483|3213
24|440|20490053|3569|2396
16|440|20746194|4525|3325
23|440|20608461|3850|2684
11|440|20798942|4556|3366
29|440|20862655|4488|3180
6|440|20478979|3565|2342
22|440|20566617|4685|3338
26|440|20683972|4505|3105
13|440|20411809|3551|2341
28|440|20631622|4467|3161
31|440|20929803|3541|2356
12|440|20746842|3434|2247
2|441|28095706|5432|3877
7|441|28315115|5563|4036
29|441|27986117|5255|3821
27|441|28362701|5620|4151
3|441|28230778|5700|4165
4|441|28347379|5746|4299
15|441|28099902|5248|3701
1|441|28037418|5128|3670
13|441|28021674|4339|2858
11|441|27958767|5330|3906
20|441|28219258|5904|4403
22|441|27931639|5536|4093
8|441|28287639|5518|3964
10|441|28185310|5461|3959
9|441|28105264|4289|2896
16|441|28026833|5159|3698
17|441|28188474|5476|4032
26|441|27923868|5064|3462
23|441|28010358|4589|3095
25|441|28370793|5318|3861
12|441|27857021|4052|2733
24|441|28057962|4546|3118
19|441|28187718|5723|4211
30|441|28100526|5921|4304
21|441|28170393|5468|3836
5|441|28279259|5107|3626
28|441|27911523|5584|4019
0|441|28244373|5050|3597
18|441|28152494|4301|2870
14|441|28184898|5630|4190
6|441|28076948|4010|2573
31|441|28006125|4392|2964
2|442|25850360|5760|4389
3|442|25804898|5201|3774
6|442|25358092|4000|2789
23|442|25594817|4596|3218
0|442|25390640|5517|3988
17|442|25661405|5278|3967
28|442|25511303|5716|4421
9|442|25623342|4597|3274
11|442|25836004|5756|4522
19|442|25490588|5276|3858
8|442|25643764|5126|3783
25|442|25558971|5095|3737
21|442|25472475|5045|3741
18|442|25399661|4650|3304
15|442|25802474|5559|4246
14|442|25388975|5690|4261
1|442|25734690|5141|3806
24|442|25534919|4153|2898
26|442|25613723|5441|3992
12|442|25558522|4476|3169
5|442|25421048|5199|3773
29|442|25910503|5262|3776
16|442|25603864|5543|4246
30|442|25551571|5699|4402
10|442|25640373|5697|4313
27|442|25933068|5600|4203
22|442|25683491|5831|4385
31|442|25445150|4265|2917
13|442|25964519|3767|2598
7|442|26492015|5667|4501
4|442|27144646|5825|4529
20|442|27085384|5907|4563
19|443|27571573|5795|4350
10|443|27329348|5495|4054
18|443|27545308|4409|3081
24|443|27486727|4377|3128
27|443|27352232|5323|3988
13|443|27317162|4058|2723
7|443|27093968|5647|4160
11|443|27619424|5701|4400
16|443|27368569|5452|4178
2|443|27727605|5886|4483
20|443|26359515|5878|4564
22|443|27297458|5562|4267
28|443|27657070|5570|4079
0|443|27880204|5464|4153
9|443|27639370|4660|3261
4|443|26624555|5526|4122
15|443|27760506|5568|4131
5|443|27383085|5109|3704
6|443|27744597|4144|2831
3|443|27709037|5448|4004
26|443|27486471|5613|4295
31|443|27324731|4371|2953
21|443|27602139|5085|3679
8|443|27571398|5158|3778
12|443|27472770|4221|2958
1|443|27471379|4610|3388
23|443|27807477|4852|3578
30|443|27358941|5803|4554
17|443|27672858|5526|4021
14|443|27517835|5741|4358
25|443|28467307|5447|4182
29|443|28672043|5879|4551
7|444|25443619|5381|3967
9|444|25313324|4388|3197
21|444|25205953|4832|3457
26|444|25253958|4793|3411
3|444|25219742|4906|3451
2|444|25385771|5595|4237
15|444|25276807|5511|4222
8|444|25155670|4641|3293
13|444|25477887|4116|2791
12|444|25138248|4034|2682
18|444|25517264|4073|2713
10|444|25528792|5394|4094
14|444|25062697|4775|3357
19|444|25553664|5747|4257
16|444|25418171|5022|3632
4|444|25305110|4976|3625
11|444|25455487|4962|3782
22|444|25377957|5707|4305
1|444|25102390|4864|3454
20|444|25400756|5459|4093
23|444|25115016|4332|2977
27|444|25503871|5103|3621
17|444|25088195|4779|3569
25|444|24668341|4931|3535
30|444|25119105|5813|4290
0|444|25317969|4886|3411
29|444|24292422|5153|3661
6|444|25294738|3849|2684
28|444|25394340|5179|3871
5|444|25257169|4793|3288
31|444|25257780|4294|2878
24|444|25670900|4121|2761
1|445|24887177|5054|3859
11|445|24935543|5461|4041
7|445|25217834|5610|4263
22|445|24948992|5692|4417
28|445|24782141|5568|4216
4|445|24972267|5242|3815
16|445|24988805|5535|4183
5|445|24727169|5345|3964
2|445|25146104|5428|4220
6|445|24764590|4175|2847
14|445|25030599|5478|4173
26|445|25193374|5363|3901
0|445|24809217|5621|4284
12|445|25082793|4220|2910
15|445|25138578|5827|4450
19|445|25242488|5748|4550
17|445|24864484|5436|4153
8|445|25087853|5024|3724
18|445|25074892|4605|3244
13|445|25110596|4455|3167
31|445|24724238|4265|2915
30|445|24843423|5647|4383
24|445|24714666|4496|3191
23|445|24917673|4814|3493
9|445|25197996|4383|3170
25|445|25225388|4726|3514
29|445|24854820|5657|4272
21|445|25204117|5044|3679
27|445|24908628|5431|4162
3|445|25555276|5555|4109
20|445|25511729|5850|4517
10|445|26417310|5767|4526
1|446|24817903|4793|3440
5|446|24695665|4690|3234
30|446|24512616|4962|3530
23|446|24506980|4518|3144
29|446|24464496|4873|3401
8|446|24538618|4643|3242
0|446|24630695|5091|3716
9|446|24443217|4191|2805
3|446|24366469|4911|3543
13|446|24518353|3925|2634
22|446|24795953|5296|3921
17|446|24566424|4127|2820
7|446|24815218|5502|4128
15|446|24604129|5033|3657
6|446|24691445|3908|2531
12|446|24619277|3889|2592
18|446|24542949|4299|2868
16|446|24740735|5024|3521
25|446|24442221|4859|3511
4|446|24725202|4712|3407
14|446|24692967|4807|3536
26|446|24679327|5247|3805
24|446|24503084|4269|2885
21|446|24424236|4806|3348
20|446|24243489|5552|4170
27|446|24421292|5102|3649
28|446|24822108|5098|3705
11|446|24821268|4842|3473
2|446|24679892|5273|3836
19|446|24655107|5912|4584
31|446|24723916|4744|3468
10|446|23679175|5471|4114
2|447|20989937|5068|3659
11|447|21039158|4102|2855
23|447|21454257|4131|2761
5|447|21505270|4429|3070
22|447|21303499|5055|3765
25|447|21253189|4337|3017
26|447|21137780|4798|3493
1|447|21524289|4334|3031
8|447|21406799|4543|3191
7|447|21292128|5069|3821
0|447|21356963|4584|3258
31|447|20999771|4744|3474
9|447|21378292|4016|2694
20|447|21098666|4710|3442
16|447|21212909|4243|2935
4|447|21187964|4488|3113
18|447|21233854|3924|2685
15|447|21284528|4751|3369
28|447|21074293|4700|3309
3|447|21322327|4225|2932
27|447|21091000|4486|3120
17|447|21324419|4045|2687
21|447|21130939|4329|2948
24|447|21149493|3821|2572
19|447|20991743|5135|3789
10|447|21010928|4763|3452
29|447|21454609|4906|3534
30|447|21493491|4795|3447
6|447|21322643|3735|2404
12|447|21311287|3509|2317
14|447|21141531|4607|3286
13|447|21606543|3626|2326
5|448|19071458|3857|2706
3|448|18799393|4029|2770
8|448|19003403|3966|2837
16|448|18910446|4242|2926
26|448|19069859|4386|3078
17|448|18831841|3639|2339
11|448|19128852|3843|2605
7|448|18993147|4062|2765
9|448|18937823|3595|2467
14|448|18625196|4107|2771
15|448|18857291|4044|2865
12|448|18643661|3474|2232
20|448|18933115|4307|3073
1|448|19027883|4331|2998
18|448|18882280|3313|2170
4|448|18871162|4107|2776
6|448|18907324|3225|2066
22|448|19104703|4507|3324
0|448|18957943|3846|2593
24|448|18769828|3259|2108
25|448|19086941|3971|2609
27|448|18834329|4258|2998
2|448|19127207|4436|3221
28|448|18872688|4358|3253
30|448|18707145|4058|2808
29|448|18725921|4178|3015
23|448|19165630|3828|2511
31|448|19012707|4290|3148
10|448|18692688|4333|3091
19|448|18811117|4552|3264
13|448|18815073|3322|2092
21|448|18784519|4249|2879
7|449|20242349|4648|3408
15|449|20218774|4418|3093
24|449|20086079|3872|2556
29|449|19994497|4498|3123
11|449|20270636|4303|2969
1|449|20151136|4208|3123
6|449|20099495|3446|2242
9|449|20244626|3952|2574
4|449|20119325|4223|2986
2|449|20149887|3523|2270
16|449|20349155|4447|3009
22|449|20097344|4749|3534
17|449|20304558|4016|2780
21|449|19865502|4335|2913
8|449|20364794|4242|2977
18|449|20147927|3872|2567
5|449|20372890|4239|2940
19|449|19903835|4409|3087
23|449|19949691|3896|2538
26|449|20337464|4746|3419
20|449|20191757|4876|3556
27|449|20048362|4365|3184
14|449|20256285|4428|3121
25|449|20070051|4174|3021
30|449|20005824|4896|3585
28|449|20023569|3705|2665
13|449|19903126|3535|2353
3|449|20351040|4499|3199
31|449|19955806|4722|3418
0|449|20059635|4337|3165
10|449|19905682|4274|3018
12|449|20396274|3800|2456
0|450|18875797|4098|2903
8|450|19154526|3940|2728
19|450|19111077|4596|3475
26|450|19104919|4282|2985
29|450|19404572|4541|3333
10|450|18881659|4081|2886
2|450|19237921|3689|2543
5|450|19104603|3677|2414
13|450|18961633|3481|2352
7|450|19398959|4255|3024
18|450|19147584|3607|2452
11|450|19316901|3979|2824
24|450|19371309|3856|2568
15|450|19381969|4257|3038
3|450|18954515|4648|3529
9|450|19299123|3642|2603
27|450|19058095|4346|3150
14|450|19045162|4070|2825
20|450|19076711|4276|3133
31|450|18943005|4296|2957
17|450|19213321|3571|2428
21|450|19200593|4122|2819
16|450|19252714|4547|3238
22|450|19239062|3946|2755
30|450|19027680|4607|3442
4|450|19242996|4096|2957
25|450|19059023|4223|3256
28|450|19031836|3149|2184
12|450|18929109|3441|2294
1|450|19309041|4299|3106
6|450|19368077|3423|2226
23|450|19217149|3599|2348
7|451|20597908|4974|3621
14|451|20494362|4596|3314
8|451|20771925|4726|3452
23|451|20282180|4069|2790
28|451|20375481|3640|2506
22|451|20456512|4728|3474
16|451|20406376|4597|3315
13|451|20741585|3748|2484
2|451|20669017|3987|2734
1|451|20282755|4237|2895
4|451|20374832|4733|3388
26|451|20722493|5077|3628
15|451|20570199|4844|3514
19|451|20747719|4611|3246
20|451|20491327|4764|3387
11|451|20573879|4656|3254
12|451|20332677|3599|2402
24|451|20590978|4186|2880
17|451|20461833|4008|2815
21|451|20451595|4357|3082
3|451|20526600|4584|3385
10|451|20716301|4934|3708
27|451|20535308|4696|3420
30|451|20412977|4776|3520
25|451|20387259|4315|3072
18|451|20648479|3954|2715
0|451|20758419|4405|3093
5|451|20648386|4586|3243
9|451|20584083|3739|2456
31|451|20525234|4566|3329
29|451|20772703|4374|3116
6|451|20568680|3623|2356
0|452|25373444|4119|2924
7|452|25823502|5143|3840
18|452|25441572|3709|2469
27|452|25518600|4555|3336
25|452|25438100|4476|3337
24|452|25628936|3656|2527
16|452|25713122|4667|3498
10|452|25489765|5173|4011
19|452|25633886|5220|3826
23|452|25922757|4003|2780
9|452|25371106|3688|2570
4|452|25683686|4180|3051
11|452|25608128|4451|3300
2|452|25714265|3606|2587
22|452|25769991|4825|3770
28|452|26026053|3614|2442
6|452|25317517|3712|2580
15|452|25660900|4627|3561
21|452|25533607|4608|3334
14|452|25844487|4496|3188
31|452|25375865|4435|3149
20|452|25643222|4831|3714
3|452|25496683|4637|3410
17|452|25565503|4230|3106
26|452|25694348|4933|3653
30|452|25493805|5073|4010
12|452|25616266|3489|2435
1|452|25687747|4516|3368
13|452|25773729|4124|2927
5|452|25390077|4576|3421
29|452|25342376|3949|2872
8|452|25820385|4667|3489
4|453|22346105|3917|2769
22|453|22317595|5081|3950
17|453|22189227|3820|2578
12|453|22141844|3682|2465
7|453|22525805|4529|3370
11|453|22343059|4503|3391
3|453|22178855|4643|3228
8|453|22007807|4307|3087
2|453|22322899|3927|2681
19|453|22419321|4823|3616
10|453|22440339|4899|3615
21|453|22260310|4526|3153
1|453|22066082|4103|2821
20|453|22216065|4136|2936
16|453|22467516|4285|3071
15|453|22283500|4523|3338
14|453|22252431|4507|3189
28|453|22597081|3731|2432
9|453|22408483|3491|2245
25|453|22505289|4188|3036
18|453|22540700|3895|2664
26|453|22167305|4610|3274
31|453|22250759|4436|3086
13|453|22095548|3649|2438
27|453|22536214|4521|3201
23|453|22441657|3907|2715
0|453|22544126|4176|2980
24|453|22508613|3721|2487
29|453|22073092|4191|2898
5|453|22033697|4454|3172
6|453|22441092|3635|2363
30|453|22144084|5174|4009
5|454|19343670|4010|2729
7|454|19803620|4936|3656
19|454|19732762|4916|3567
24|454|19442881|3781|2489
12|454|19897973|3766|2442
9|454|19635973|3884|2714
4|454|19890836|4355|3166
16|454|19736218|4258|2997
14|454|19605184|4558|3166
0|454|19404018|4397|3132
11|454|19821995|4229|2956
26|454|19534323|4521|3269
15|454|19638931|4463|3293
20|454|19678124|4506|3142
28|454|19814266|3584|2281
13|454|19507586|3677|2334
17|454|19887872|4024|2730
21|454|19718154|4358|3013
25|454|19586368|4403|3138
29|454|19426053|4326|3000
18|454|19572532|3892|2565
3|454|19756276|4456|3005
30|454|19379444|5066|3746
27|454|19508635|4480|3009
31|454|19548275|4172|2819
10|454|19696743|4815|3426
23|454|19507661|3976|2704
8|454|19739866|4302|3086
6|454|19430033|3539|2298
2|454|19837397|3821|2560
1|454|19671119|4145|2936
22|454|19897571|4897|3503
0|455|19650084|4464|3424
9|455|19747332|3582|2543
17|455|19584013|3644|2507
18|455|19521321|3807|2906
4|455|19704186|3920|2779
25|455|19581873|4282|3355
29|455|19580299|3923|2758
10|455|19396587|4342|3233
2|455|19308353|3550|2505
3|455|19445945|4215|3009
15|455|19632292|4493|3354
13|455|19737792|3210|2221
20|455|19608849|4595|3511
14|455|19702726|4345|3244
21|455|19553532|4260|3095
19|455|19807240|4963|3804
26|455|19665638|4526|3599
30|455|19482923|4501|3468
5|455|19817570|4493|3366
27|455|19467153|4344|3443
31|455|19455439|3976|2960
12|455|19798401|3234|2244
6|455|19367248|3112|2216
22|455|19320594|4700|3736
24|455|19819777|3633|2525
23|455|19431891|3709|2826
8|455|19348997|4164|3172
7|455|19800542|4404|3326
28|455|20018904|3370|2302
11|455|19746007|4050|2987
16|455|19717304|4418|3309
1|455|19286421|4219|3187
11|456|19083831|3501|2419
0|456|19562349|4237|2941
8|456|19160043|3812|2685
9|456|19567403|3685|2462
2|456|19497945|3593|2431
4|456|19515851|4319|3238
14|456|19368982|4246|3037
6|456|19225208|3504|2313
16|456|19096950|3930|2770
22|456|19218671|4441|3270
20|456|19376565|4482|3316
21|456|19356750|3979|2748
3|456|19401599|4045|2812
10|456|19464405|4542|3273
24|456|19196229|3625|2363
12|456|19257837|3454|2258
5|456|19277603|4040|2788
28|456|19408287|3143|2106
26|456|19341962|4390|3053
23|456|19208527|3475|2384
25|456|19534037|4212|3164
17|456|19567721|3709|2593
30|456|19331056|4710|3746
7|456|19174681|4350|3225
31|456|19287984|4537|3375
15|456|19448117|4511|3326
13|456|19434440|3377|2289
29|456|19521016|4226|3012
27|456|19312094|4122|2880
1|456|19080046|4079|2804
19|456|19471754|4785|3582
18|456|19555696|3714|2578
8|457|19463250|4326|3150
11|457|19506921|4410|3065
20|457|19323409|4771|3598
29|457|19073256|4040|2825
31|457|19151177|4476|3356
1|457|19004215|4218|2931
10|457|19276099|4391|3186
7|457|19093255|3959|2805
12|457|19350520|3548|2278
2|457|19414770|3831|2620
19|457|19006947|4544|3198
14|457|19392565|4371|3091
3|457|19278770|4520|3356
18|457|19001588|3739|2494
21|457|19322751|4442|3214
13|457|19287259|3337|2174
23|457|19188838|3821|2564
15|457|19097723|4483|3233
17|457|19159175|3805|2664
26|457|19216209|4815|3616
22|457|19362805|4859|3587
16|457|19384700|4520|3285
0|457|19482836|4473|3243
28|457|19245700|3510|2333
27|457|19069758|4316|3082
4|457|19452780|4523|3289
30|457|19164930|4452|3268
25|457|19198233|4250|2991
9|457|19504253|3779|2523
5|457|19221801|4389|3207
6|457|19367924|3684|2508
24|457|19278017|3639|2520
4|458|21890683|4635|3224
8|458|22340559|5098|3655
17|458|22057324|4322|2927
30|458|21933587|5031|3818
7|458|22213035|5081|3576
2|458|22188544|4136|2877
11|458|22322606|4788|3328
9|458|21977860|4453|3032
5|458|21832108|4779|3491
16|458|21996692|4587|3159
18|458|22127127|4325|2987
14|458|22175715|4973|3520
6|458|22031673|3950|2552
21|458|22120913|4816|3361
19|458|22200263|5363|4033
22|458|22025588|5040|3607
24|458|21817220|3950|2820
25|458|21894962|4458|3038
10|458|22222488|5052|3518
27|458|21950349|4966|3539
28|458|21969129|4034|2756
15|458|22080569|5076|3654
26|458|22052871|5045|3574
23|458|22103363|4126|2787
20|458|22319484|4855|3385
29|458|22310870|4987|3609
31|458|22299349|4916|3471
1|458|22238510|4750|3329
12|458|22272840|4100|2722
3|458|22134370|4584|3288
0|458|21963243|4290|2964
13|458|22530611|3693|2363
1|459|16817405|3717|2724
4|459|17308816|3798|2731
22|459|17057390|4085|3093
27|459|17017880|3958|2863
31|459|16905642|3688|2614
0|459|16780911|3997|2996
8|459|17296176|3837|2719
26|459|17011099|3814|2814
13|459|16875766|3031|2002
11|459|17182257|3735|2751
17|459|17277662|3263|2361
20|459|16893316|3797|2797
12|459|16829031|3087|2037
18|459|17132551|3261|2314
30|459|17279306|4086|3001
10|459|17009893|4103|3031
15|459|16963004|3915|3036
24|459|17047804|3224|2282
21|459|17094801|3723|2722
7|459|17219738|4086|3046
23|459|16921964|3500|2287
14|459|17128239|3581|2564
25|459|17037434|3803|2663
9|459|17169361|3302|2236
28|459|17007396|2857|1975
3|459|16796805|3753|2748
2|459|17297522|3291|2319
16|459|17139652|3891|2922
19|459|17056141|3899|2830
5|459|17288371|3427|2397
29|459|17032019|3805|2817
6|459|17371870|3149|2104
5|460|21013738|4154|2911
3|460|21095356|4647|3371
26|460|21428741|4598|3261
13|460|21437676|3725|2499
17|460|21430134|3787|2597
1|460|21513721|4475|3234
14|460|21183655|4663|3350
10|460|21285317|4558|3227
16|460|21078340|4764|3449
2|460|21242680|3651|2445
28|460|21306749|3458|2213
20|460|21353276|4540|3307
11|460|21391887|4631|3390
15|460|21277363|4727|3440
12|460|21343271|3630|2333
19|460|21076646|4815|3484
21|460|21256099|4137|2878
0|460|21428412|4491|3143
30|460|21321081|4668|3386
7|460|21241650|4695|3405
25|460|21191712|4095|2709
31|460|21482259|4608|3400
23|460|21228687|3934|2665
27|460|21493169|4244|2976
22|460|21504842|4830|3511
29|460|21059429|4307|3075
9|460|21180963|3981|2699
4|460|21478690|4405|3154
24|460|21309644|3734|2430
8|460|21419901|4100|2902
18|460|21416197|3888|2588
6|460|21012806|3879|2588
3|461|18728369|3962|2763
0|461|18468761|4080|2855
1|461|18688273|4239|3167
27|461|18397859|3927|2715
17|461|18739423|3664|2445
31|461|18463577|4003|2788
8|461|18220991|4045|2757
10|461|18663159|4314|3031
11|461|18538673|4069|2970
2|461|18623761|3809|2476
28|461|18739380|3591|2288
7|461|18457468|4233|3000
15|461|18555081|4102|2911
9|461|18333802|3748|2453
5|461|18785558|4010|2733
23|461|18604676|3648|2297
22|461|18386538|4264|3093
25|461|18462186|3768|2540
20|461|18620060|4471|3289
21|461|18535621|4164|2964
4|461|18287407|4099|2792
12|461|18573454|3413|2312
29|461|18384438|4055|2768
18|461|18277561|3544|2409
24|461|18322827|3735|2372
30|461|18518750|4705|3520
26|461|18804671|4675|3428
16|461|18631644|4075|2819
13|461|18804145|3266|2141
6|461|18346958|3377|2152
14|461|18687594|4049|2873
19|461|18545001|4600|3429
0|462|23944738|4611|3442
6|462|23504646|3789|2694
29|462|23667644|4501|3282
10|462|23853618|4384|3216
11|462|23838894|4725|3533
3|462|23973466|4701|3590
4|462|23661895|4758|3553
15|462|23783398|4562|3463
13|462|23525215|3654|2599
14|462|23485914|4384|3160
19|462|23472469|4789|3619
21|462|23682873|4343|3218
22|462|23732054|4879|3764
1|462|23948317|4852|3723
2|462|23830389|4026|2972
5|462|23753557|4573|3473
7|462|23777517|4959|3772
9|462|23779359|3748|2713
12|462|23660923|4029|2751
17|462|23925246|3906|2813
26|462|23566901|4851|3778
16|462|23538670|4570|3311
30|462|23588808|4706|3547
20|462|23694506|4585|3502
31|462|23924020|4572|3333
18|462|23621755|4016|2819
23|462|23771660|4121|2920
24|462|23612604|4005|2984
8|462|23863620|4446|3348
27|462|23976787|4441|3194
25|462|23826380|4010|2718
28|462|24043626|3373|2350
4|463|18897790|4335|2934
3|463|18934751|4172|2684
7|463|18764267|4410|3058
10|463|19001382|4445|3050
13|463|18932123|3487|2220
30|463|18706240|4595|3120
2|463|18792541|3684|2371
14|463|18892008|4342|2894
0|463|19022797|4199|2780
1|463|18831515|3946|2665
6|463|19031812|3780|2432
22|463|18851258|4736|3385
19|463|18889479|4402|3006
8|463|18525718|3697|2386
18|463|18618599|4035|2495
15|463|18949228|4629|3214
28|463|18529546|3559|2234
17|463|18749121|3591|2416
26|463|18733750|4401|3051
11|463|18944228|4071|2606
24|463|18604991|3702|2368
20|463|18676627|4645|3067
25|463|18555261|4202|2730
21|463|18899430|4131|2883
29|463|19040442|4257|2870
23|463|18627363|3933|2559
16|463|18733443|4244|2863
31|463|18669968|4641|3101
12|463|18793304|3759|2408
27|463|18592280|4277|3155
5|463|18758250|3920|2628
9|463|18893953|3625|2296
3|464|19656897|4165|2875
1|464|19531872|4407|3328
22|464|19528894|4401|3179
6|464|19566584|3713|2538
23|464|19324527|3765|2498
29|464|19362284|4536|3392
4|464|19701031|4553|3197
0|464|19569016|4384|3049
15|464|19460329|4455|3206
2|464|19605964|3677|2466
14|464|19596694|3891|2604
26|464|19415126|4613|3376
5|464|19168802|3969|2737
9|464|19190709|3824|2572
16|464|19280304|4531|3378
12|464|19455332|3365|2214
7|464|19697919|4436|3252
20|464|19387161|4742|3566
28|464|19714266|3395|2195
13|464|19667234|3567|2395
25|464|19374962|4109|2828
17|464|19456930|3710|2566
31|464|19289890|4996|3939
11|464|19372775|4124|2835
30|464|19658803|4227|3090
27|464|19255550|4178|3089
18|464|19522886|3763|2515
24|464|19419222|3598|2511
8|464|19479530|4389|3161
10|464|19645910|4414|3118
19|464|19531585|4526|3456
21|464|19356992|4051|2896
8|465|18473864|4070|2683
11|465|18580592|4116|2950
20|465|18668049|4373|3205
31|465|18639637|4258|2969
29|465|18957883|4612|3456
21|465|18532179|3887|2726
7|465|18692540|4168|2967
0|465|18841967|4109|2849
17|465|18606442|3642|2398
15|465|18827398|3977|2839
12|465|18878274|3357|2184
10|465|18460008|3927|2757
24|465|18509420|3629|2509
1|465|18952955|3989|2884
4|465|18871802|4248|3080
22|465|18936614|4593|3451
23|465|18915238|3561|2489
27|465|18560871|4095|2791
25|465|18650711|4129|2841
18|465|18545264|3684|2460
9|465|18732189|3652|2487
30|465|18587007|4479|3226
19|465|18487491|4361|3147
26|465|18811082|4332|3134
6|465|18941703|3503|2374
13|465|18697117|3302|2167
3|465|18963307|3727|2471
14|465|18850942|4369|3110
5|465|18756063|4092|2885
2|465|18795544|3685|2455
28|465|18791871|3443|2247
16|465|18726442|4360|3233
3|466|20425246|4453|3167
4|466|20640050|4904|3572
9|466|20566554|4110|2667
24|466|20735982|4087|2748
0|466|20739556|4602|3196
30|466|20613799|5111|3746
1|466|20664410|4543|3212
7|466|20772578|4938|3546
6|466|20485389|3797|2513
14|466|20439593|4673|3359
10|466|20723511|4780|3470
13|466|20486747|3758|2456
17|466|20764391|3949|2650
5|466|20402176|4264|2916
18|466|20587628|3988|2794
20|466|20878366|5298|3901
16|466|20397004|4550|3206
15|466|20762734|4959|3614
22|466|20666300|4995|3667
12|466|20740999|3754|2491
21|466|20830838|4567|3142
19|466|20568122|5251|3830
23|466|20661216|3926|2640
26|466|20558033|4547|3230
11|466|20870301|4684|3396
2|466|20456007|3938|2771
27|466|20670842|4837|3504
31|466|20898951|5292|3903
8|466|20880498|4684|3197
29|466|20895696|4799|3370
25|466|20679951|4141|2826
28|466|20489051|3786|2476
5|467|19127783|4072|2835
10|467|19186072|4260|3146
7|467|19262116|4311|3271
4|467|19386284|4484|3407
15|467|19122341|4809|3773
3|467|19408705|4113|3118
11|467|18960428|3852|2766
28|467|18940395|3403|2337
26|467|18995550|4241|3033
19|467|19029369|4589|3403
12|467|19197652|3398|2338
0|467|19326403|4728|3616
18|467|19148116|3681|2540
9|467|19352688|3755|2687
22|467|19089022|4711|3444
21|467|19056562|4220|3056
25|467|18888294|3758|2516
20|467|19143081|4777|3548
8|467|18897352|4155|2919
29|467|18913943|4115|2982
24|467|19359221|3743|2638
16|467|19134117|4568|3359
17|467|19210157|3653|2589
23|467|19044882|3694|2593
27|467|18977500|4188|3150
1|467|19269425|4402|3324
30|467|19345619|4671|3495
31|467|18967166|4538|3421
13|467|19259607|3555|2514
14|467|19233325|4377|3189
6|467|19370926|3535|2404
2|467|18961461|3730|2785
5|468|19512708|3878|2696
7|468|19479785|4283|3133
9|468|19321115|3528|2375
17|468|19176385|3548|2371
0|468|19333428|4126|2895
31|468|19136609|4175|3122
16|468|19184610|4084|2954
3|468|19441018|4377|3111
19|468|19393072|4568|3300
14|468|19048462|3853|2674
12|468|19510655|3330|2177
11|468|19444505|3879|2830
18|468|19349706|3577|2413
13|468|19069676|3196|2152
23|468|19158280|3448|2260
8|468|19260617|3955|2779
10|468|19537304|3955|2841
15|468|19478217|4114|3002
21|468|19314506|3961|2787
22|468|19332849|4338|3227
20|468|19287909|4506|3158
6|468|19049633|3393|2255
26|468|19439131|4460|3245
4|468|19471670|4210|3113
28|468|19463233|3182|2234
25|468|19321290|3765|2622
24|468|19253258|3350|2292
27|468|19172805|4252|3084
30|468|19143601|4236|3118
29|468|19291084|3997|3025
1|468|19102825|3677|2554
2|468|18978749|3415|2193
1|469|19307147|4376|3263
4|469|19446729|4532|3297
22|469|19527763|4916|3680
25|469|19464931|4328|3100
14|469|19687972|4402|3180
5|469|19841317|4079|2894
23|469|19692577|3928|2739
13|469|19717775|3605|2414
2|469|19322022|3930|2765
8|469|19596805|4183|3040
19|469|19720156|4818|3631
21|469|19551121|4365|3205
7|469|19827383|4709|3614
11|469|19673728|4129|2988
15|469|19565076|4504|3335
12|469|19715862|3712|2548
16|469|19780540|4514|3310
10|469|19608334|4487|3266
20|469|19543336|4707|3553
17|469|19834236|3934|2728
0|469|19816845|4516|3385
9|469|19848297|3722|2519
18|469|19682190|3719|2646
30|469|19407623|4757|3696
26|469|19514671|4319|3159
27|469|19432210|4472|3290
29|469|19400226|4347|3345
24|469|19459220|3838|2602
3|469|19722672|4579|3421
31|469|19841010|4409|3336
6|469|19489410|3887|2681
28|469|19646513|3629|2456
11|470|22439144|4020|2815
7|470|22466322|4370|3133
21|470|22510794|4381|3133
29|470|22277404|4321|3064
13|470|22616270|3527|2403
14|470|22604947|4567|3298
2|470|22544845|3667|2442
3|470|22182172|4039|2721
1|470|22679555|4269|3128
15|470|22440499|3986|2696
22|470|22633110|4192|2953
8|470|22538156|4430|3189
6|470|22171662|3565|2410
18|470|22312185|3795|2537
0|470|22346899|4091|2944
9|470|22329025|3768|2630
30|470|22304961|4825|3527
31|470|22202990|4314|3147
19|470|22533719|4459|3236
20|470|22391114|4718|3500
5|470|22576466|4066|2912
24|470|22240815|3700|2560
16|470|22429239|4339|3152
23|470|22609107|3396|2214
12|470|22452090|3479|2334
17|470|22386059|3840|2621
28|470|22188040|3642|2484
10|470|22378023|4147|2840
25|470|22668973|4225|3093
26|470|22324154|4744|3614
4|470|22657380|4413|3086
27|470|22313941|4127|3018
0|471|20311778|4067|2982
5|471|20239870|3756|2728
11|471|20579912|3769|2879
10|471|20136934|4073|3053
29|471|20555038|4030|3051
31|471|20340853|4045|3043
24|471|20288818|3165|2183
3|471|20445087|4065|3047
15|471|20427754|3616|2719
6|471|20384581|3168|2077
19|471|20289043|4105|2997
12|471|20187374|3042|2039
9|471|20335909|3336|2303
2|471|20480079|3336|2321
22|471|20421930|3699|2686
7|471|20547602|4126|3101
8|471|20407252|3736|2676
26|471|20111921|4046|3042
13|471|20516794|3002|1955
20|471|20286151|4239|3231
17|471|20184617|3256|2287
14|471|20500369|3756|2737
21|471|20562379|3818|2814
25|471|20141570|3635|2544
1|471|20409182|3810|2804
23|471|20231845|3370|2255
4|471|20075805|3465|2521
28|471|20190906|3098|2025
27|471|20110838|4047|3179
30|471|20359142|4036|3107
16|471|20218447|3882|2940
18|471|20436951|3403|2429
3|472|18081535|3982|2768
10|472|18154582|4066|2879
26|472|17961083|4227|2941
27|472|17793843|3947|2837
14|472|17914669|4023|2920
20|472|17951406|4362|3121
7|472|17963605|3816|2766
11|472|18187406|4355|3088
8|472|17970110|3877|2704
4|472|17816820|4156|3076
22|472|18014996|4059|2874
25|472|17879252|3827|2646
0|472|18190435|4247|3155
31|472|18162507|4520|3440
13|472|17956256|3137|2035
6|472|18095268|3301|2237
30|472|17783633|4767|3628
1|472|17831044|3748|2636
19|472|18083939|4359|3157
15|472|18114036|4235|3189
21|472|17903345|4078|2894
18|472|17755986|3543|2363
23|472|17860488|3397|2319
2|472|18001504|3598|2406
28|472|17831630|3232|2157
9|472|18057346|3615|2388
16|472|17735292|4193|2970
5|472|18242715|3752|2447
29|472|18204253|4227|3120
24|472|18148991|3613|2365
17|472|17962852|3374|2259
12|472|18129398|3285|2102
0|473|16907474|3913|2757
3|473|17096748|3896|2791
7|473|17047743|3865|2696
22|473|16997825|4121|2917
8|473|16981392|3954|2703
11|473|17022468|4076|3001
5|473|16786978|3503|2403
6|473|16893390|3173|2147
19|473|16851934|4112|3043
20|473|17063553|4429|3316
2|473|16904600|3363|2221
1|473|16834919|4194|3024
9|473|16743824|3468|2296
17|473|16656876|3587|2416
14|473|17093606|4325|3112
26|473|17111924|4326|3162
29|473|16700763|3998|2847
16|473|16736031|4052|2849
30|473|16898999|4192|3126
10|473|17127982|4151|2975
27|473|17111947|4256|3209
18|473|16822573|3432|2334
4|473|16963982|3936|2786
25|473|16992786|3812|2616
28|473|17129080|3229|2114
12|473|16707610|3253|2182
13|473|17321694|3298|2147
15|473|16833516|3758|2645
31|473|17064646|4048|2923
21|473|16824909|3944|2873
23|473|16818183|3452|2386
24|473|16741410|3250|2243
1|474|18800327|3783|2710
4|474|18635960|4142|3008
24|474|18521045|3522|2290
16|474|18771815|4209|3111
5|474|18885054|4121|2916
12|474|18573860|3212|2202
2|474|18830114|3488|2389
3|474|18981324|4007|2871
7|474|18958289|4294|3123
6|474|19026344|3505|2312
28|474|18758681|3611|2407
17|474|18783998|3389|2308
13|474|18571765|3356|2295
8|474|18933347|4127|3054
0|474|18988641|3895|2823
10|474|18700036|4145|2951
14|474|18782622|4043|2859
23|474|18526668|3373|2365
26|474|18777453|4174|2961
19|474|18892122|4627|3423
22|474|18973837|4226|3099
15|474|18538745|4184|3001
21|474|18555169|4147|3018
20|474|18890872|4132|3088
30|474|18748010|4269|3164
27|474|18719635|3937|2844
31|474|18586292|4087|3009
29|474|18791036|3799|2756
25|474|18672191|3863|2742
11|474|18900835|4102|2883
9|474|18797125|3583|2493
18|474|18647909|3414|2405
5|475|18637080|4106|2989
22|475|18388203|3081|2219
13|475|18544301|3390|2302
27|475|18350885|4147|3125
10|475|18462351|4289|3104
4|475|18686439|4177|3145
19|475|18403950|4468|3297
3|475|18589010|3843|2868
0|475|18477184|4070|3105
14|475|18466336|4277|3202
11|475|18260067|3877|2915
8|475|18510774|4256|3120
9|475|18218069|3338|2339
16|475|18672279|4298|3227
21|475|18375719|3946|2824
2|475|18618690|3248|2290
12|475|18899453|3134|2114
6|475|18580159|3502|2411
23|475|18463337|3410|2345
30|475|18355887|4569|3587
15|475|18406012|4046|2919
20|475|18372986|4245|3262
28|475|18577447|3124|2208
7|475|18564431|4163|3201
31|475|18340287|4101|3192
18|475|18238709|3377|2253
1|475|18703961|4056|3040
25|475|18313029|3761|2761
29|475|18330887|3907|2909
17|475|18588063|3276|2338
24|475|18760475|3511|2401
26|475|18441021|4350|3314
5|476|19367501|4378|3089
4|476|19265907|4104|2846
2|476|19136466|3730|2405
28|476|19056058|3585|2375
14|476|19277442|4125|2902
7|476|18989398|4337|3047
11|476|19206363|4469|3311
16|476|19152742|4154|2878
0|476|19246438|4468|3297
22|476|19369046|5170|3881
9|476|19174146|3838|2576
25|476|18932547|4281|3125
18|476|18968692|3929|2740
6|476|19102782|3853|2647
21|476|19153866|4240|2899
15|476|19061168|4564|3375
1|476|18960000|4348|3134
30|476|19080775|4817|3460
26|476|18876004|4432|3214
8|476|19163754|4207|3058
23|476|19099670|3980|2632
17|476|18909944|3837|2552
13|476|19380979|3899|2621
24|476|18897383|3704|2475
19|476|19305932|4672|3425
20|476|19068160|4882|3649
27|476|19374928|4417|3165
29|476|18950717|4565|3221
3|476|19233650|4512|3239
31|476|19026171|4805|3482
10|476|19297515|4454|3225
12|476|19175653|3520|2313
0|477|21442860|5124|3855
1|477|21342530|5141|3640
30|477|21353106|4702|3342
27|477|21211606|4639|3266
3|477|21117843|4356|2931
2|477|21552249|4134|2848
7|477|21509824|4813|3426
20|477|21180446|4245|2973
16|477|21480221|4968|3552
8|477|21289256|4814|3462
19|477|21197125|4865|3490
21|477|21380949|4586|3200
15|477|21353511|4613|3212
9|477|21441806|4283|2857
4|477|21560912|4817|3511
10|477|21095300|4505|3160
26|477|21319281|4882|3578
17|477|21255234|3923|2499
25|477|21436234|4456|3203
13|477|21246083|4083|2688
14|477|21525616|4479|3108
22|477|21471973|4864|3485
29|477|21169594|4507|3151
18|477|21436222|4231|2801
11|477|21485012|4711|3341
12|477|21120782|3665|2372
31|477|21146811|4628|3228
28|477|21591900|4046|2749
23|477|21307912|3932|2538
24|477|21259033|4152|2797
6|477|21422149|3923|2554
5|477|21606872|4579|3157
1|478|21504942|4947|3563
21|478|21368219|4772|3272
12|478|21137615|3931|2547
31|478|21144941|5132|3728
4|478|21300362|4677|3173
28|478|21147767|4068|2639
13|478|21318476|4094|2607
8|478|21387074|4739|3274
16|478|21400756|4611|3250
10|478|21293634|5092|3679
19|478|21375261|5392|4085
6|478|21026661|3954|2657
14|478|21214524|4584|3174
11|478|21109029|4671|3309
22|478|21201184|5186|3722
9|478|21348491|4092|2737
20|478|21442452|5324|3807
25|478|21268126|4347|2879
15|478|21364992|4711|3278
17|478|21291597|4256|2719
0|478|21584800|4840|3389
5|478|20993906|4569|3151
24|478|21084277|4104|2784
23|478|21097593|4290|2860
18|478|21186633|3972|2642
26|478|21332114|4905|3412
30|478|21551018|5083|3694
29|478|21224852|4730|3425
7|478|21427145|4749|3246
27|478|21552122|4834|3438
3|478|21464730|4891|3378
2|478|21447641|4048|2694
1|479|20443113|4981|3626
20|479|20215302|4881|3644
25|479|20223710|4267|2948
23|479|20140948|4029|2722
17|479|20218856|3934|2499
2|479|20038134|4159|2831
6|479|20286441|3750|2612
11|479|20255385|4538|3246
4|479|20391941|4545|3292
8|479|20357724|4499|3152
3|479|19981509|4480|3236
22|479|20244791|4904|3548
21|479|20447530|4945|3551
12|479|20429119|3663|2494
27|479|20007658|4355|2976
24|479|20117241|3631|2445
5|479|20112542|4437|3075
19|479|20327786|4957|3593
7|479|20030617|4856|3445
9|479|20245609|3912|2670
18|479|20100608|3925|2656
13|479|20398761|3843|2563
31|479|20441038|5056|3882
14|479|20307664|4758|3534
29|479|20057885|4522|3247
16|479|20330348|4429|3111
30|479|20087242|4807|3538
15|479|20166072|4875|3537
28|479|20443296|3615|2428
10|479|20317643|4955|3554
0|479|20134937|4273|2864
26|479|20151826|5002|3637
3|480|20962053|4321|3033
4|480|21006718|4283|2960
14|480|20773595|4346|3041
27|480|20935100|4513|3198
8|480|20994495|4463|3083
11|480|21034648|4407|3073
1|480|21146572|4663|3327
16|480|20736294|4477|3104
22|480|20971708|4837|3683
2|480|21078728|3796|2550
9|480|20834024|4051|2734
7|480|20847209|4757|3492
15|480|20715017|4610|3309
19|480|20864443|4917|3605
18|480|20826352|3864|2647
26|480|20654449|4797|3445
31|480|20796488|4697|3363
20|480|21132228|4911|3587
13|480|20814255|3709|2465
0|480|20643208|4748|3485
10|480|20680159|4494|3169
21|480|20976554|4591|3232
24|480|20915707|3913|2583
25|480|21139812|4364|3122
23|480|21130884|4036|2738
29|480|20784845|4269|3041
5|480|20865979|4363|2991
30|480|20759484|4939|3571
28|480|20730485|3637|2514
6|480|21102292|3805|2513
12|480|21006148|3465|2189
17|480|21168397|3963|2633
1|481|17342709|4195|3111
10|481|17131513|3918|2942
14|481|17433519|3960|2802
15|481|17275416|4160|3116
24|481|17139203|3263|2354
30|481|17059375|4057|3053
29|481|17102124|3809|2818
3|481|17457868|3831|2727
19|481|17247636|4143|3023
12|481|17068404|3002|2028
4|481|17430345|4027|2962
21|481|17136603|3788|2801
9|481|17312808|3508|2527
8|481|17393662|3841|2783
25|481|17103390|3750|2618
7|481|17297652|4405|3356
22|481|17346510|4260|3296
13|481|17195441|3144|2331
6|481|17004609|3342|2290
20|481|17212392|4340|3298
17|481|16976563|3325|2382
27|481|17456008|4070|3113
26|481|17248956|4247|3259
31|481|17240785|4025|3032
18|481|17271046|3284|2426
23|481|17104412|3306|2361
5|481|17072399|3898|2832
28|481|17038654|3134|2268
0|481|17148868|3933|2903
16|481|17348559|3931|2929
11|481|17388542|4181|3225
2|481|17316332|3378|2404
0|482|17130234|4010|2825
3|482|17488522|3320|2332
7|482|17371219|4114|3062
16|482|17163171|3534|2566
19|482|17514819|4541|3323
12|482|17522876|3364|2415
26|482|17320419|4217|3235
31|482|17323760|4228|3027
11|482|17141899|3952|2800
1|482|17570041|3915|2790
13|482|17366452|3233|2158
17|482|17314141|3470|2293
10|482|17603245|4190|3192
20|482|17339592|4394|3191
8|482|17438631|3805|2802
18|482|17255444|3580|2405
9|482|17453940|3544|2542
4|482|17459238|3453|2438
21|482|17477295|3914|2730
22|482|17398943|4149|3179
23|482|17248027|3327|2269
30|482|17571841|4368|3024
24|482|17583951|3489|2446
28|482|17224866|3327|2193
15|482|17601423|4381|3281
5|482|17192475|3634|2698
25|482|17457963|3987|2808
27|482|17340287|3997|2880
29|482|17585919|4028|2952
2|482|17111486|3383|2396
14|482|17581809|3782|2697
6|482|17446309|3161|2087
0|483|20918094|4837|3598
1|483|20801384|4910|3732
14|483|20484197|4680|3451
16|483|20924693|4455|3256
26|483|20894246|4761|3549
9|483|20693868|3992|2649
8|483|20726354|4713|3393
7|483|20897358|4596|3314
19|483|20877575|4643|3401
21|483|20674514|4654|3289
5|483|20532179|4321|2993
11|483|20830104|4688|3451
18|483|20724733|4043|2815
4|483|20697175|4850|3667
15|483|20579527|4785|3377
22|483|20668147|4825|3496
10|483|20781285|4744|3470
20|483|20770340|4642|3451
12|483|20885155|3624|2474
3|483|20912709|4566|3303
25|483|20558261|4273|3089
23|483|20656528|3797|2754
24|483|20624744|3940|2636
29|483|20533993|4626|3405
27|483|20548237|4611|3429
31|483|20875143|5155|3900
28|483|20612617|3839|2592
2|483|20461773|4062|2768
30|483|20650270|4677|3162
13|483|20822254|3942|2750
6|483|20419331|3861|2647
17|483|20875417|3979|2658
3|484|19345752|3936|2680
2|484|19228210|3843|2792
19|484|19570546|4871|3707
22|484|19460619|5129|4014
13|484|19254582|3731|2463
26|484|19686577|4914|3667
1|484|19662367|4467|3156
7|484|19564543|4742|3487
8|484|19584317|4173|3020
5|484|19519600|4376|3128
17|484|19181320|3854|2649
0|484|19696777|4687|3550
15|484|19456951|4814|3680
20|484|19412146|4791|3551
16|484|19663211|4590|3284
14|484|19675295|4617|3370
23|484|19348099|3652|2443
18|484|19501589|3959|2817
21|484|19557540|4303|3000
4|484|19486163|4049|2957
6|484|19183714|3678|2485
24|484|19347493|4000|2745
9|484|19597776|3842|2618
30|484|19262697|4842|3430
12|484|19379467|3699|2476
29|484|19352657|4570|3254
28|484|19309497|3517|2410
31|484|19328367|4858|3671
10|484|19408123|4737|3539
25|484|19407438|4250|3132
27|484|19345549|4508|3316
11|484|19600301|4431|3101
10|485|16715985|3677|2622
11|485|16693625|3466|2393
4|485|16906779|3589|2597
2|485|17184766|3344|2235
15|485|17064624|3851|2908
18|485|16940246|3348|2229
31|485|16829302|3871|2858
9|485|16849726|3308|2271
13|485|17271324|3023|1969
25|485|16737186|3449|2380
24|485|17001250|3175|2193
16|485|16999619|3838|2746
3|485|17242092|3836|2871
12|485|16995736|3138|2074
20|485|17003700|3461|2383
19|485|17213290|4270|3268
22|485|17209019|4341|3289
23|485|16982644|3278|2240
17|485|17082963|3239|2224
14|485|17004672|3787|2812
26|485|17183351|3946|2816
27|485|16759987|3747|2608
7|485|17114039|4169|3296
29|485|16849277|3832|2694
5|485|17063664|3680|2622
0|485|17041418|4286|3351
1|485|17236900|3673|2632
8|485|17220777|3694|2644
21|485|16932619|3890|2730
6|485|17060523|3050|2064
30|485|16856538|3875|2817
28|485|16975700|3226|2166
7|486|16792277|3529|2560
20|486|16940162|3985|2976
10|486|17172451|3645|2799
16|486|17020646|3861|2987
2|486|17156529|3202|2307
30|486|16752711|3952|3059
19|486|16932708|3854|2846
8|486|16724706|3499|2491
21|486|16734598|3586|2557
9|486|17060639|3149|2209
15|486|17110909|3558|2652
13|486|17054539|3018|2082
1|486|16917465|3603|2721
3|486|16998249|3590|2702
23|486|17085004|2901|2069
11|486|17136139|3525|2559
18|486|17119664|3188|2255
12|486|16996938|2941|2102
4|486|17172213|3688|2813
14|486|16902135|3625|2830
22|486|16917654|4123|2946
25|486|17067011|3542|2532
29|486|16859820|3446|2496
26|486|16902126|3686|2791
31|486|17124379|3751|2719
28|486|16741864|2678|1979
24|486|17067749|3057|2124
27|486|16897405|3759|2819
6|486|16703740|3264|2226
17|486|16958179|3290|2266
0|486|16797876|3472|2623
5|486|16777927|3307|2261
0|487|13851028|3504|2862
8|487|14223027|3031|2375
7|487|14323505|3397|2682
26|487|14018047|2972|2175
29|487|14039623|3131|2242
11|487|14110654|3150|2507
24|487|13997352|2696|2005
2|487|14279246|2712|1975
16|487|14310587|3414|2611
9|487|14227640|2789|1995
25|487|14044457|2984|2318
21|487|14377453|3051|2107
6|487|13934936|2663|1810
12|487|14113711|2601|1959
18|487|14127381|2569|1942
4|487|14100414|2947|2248
3|487|14138564|3244|2440
31|487|14012531|3419|2721
14|487|14093641|3121|2397
30|487|14308440|3674|2948
19|487|14295631|3755|3119
15|487|14235789|3197|2476
13|487|14221141|2555|1960
28|487|14008362|2536|1764
1|487|14148108|3192|2440
22|487|14043536|3412|2808
17|487|13953494|2612|1974
5|487|13988016|2871|2087
10|487|14436257|3212|2489
20|487|14341803|3502|2659
23|487|14314104|2758|2061
27|487|14127101|3031|2197
1|488|16507061|3827|2953
11|488|16853874|3915|3028
3|488|16657648|3848|2840
0|488|16945790|4126|3100
19|488|16631387|4279|3379
8|488|16909932|3527|2540
17|488|16577290|3242|2138
20|488|16464993|3570|2629
2|488|16828533|3390|2435
24|488|16847313|3330|2362
16|488|16930065|3817|2852
15|488|16608078|3993|2948
18|488|16728713|3362|2350
6|488|16913203|3033|2074
13|488|16596493|3249|2220
7|488|16873925|3801|2787
25|488|16792209|3696|2679
21|488|16781475|3536|2542
26|488|16912832|4047|2988
31|488|16695377|3766|2705
4|488|16675225|3490|2424
27|488|16466050|3482|2518
28|488|16600263|3195|2234
23|488|16486874|3153|2315
22|488|16585455|4220|3307
12|488|16786065|3150|2123
29|488|16933763|3936|2966
30|488|16703582|4295|3376
10|488|16452182|3721|2668
14|488|16663751|3905|2872
5|488|16639671|3167|2144
9|488|16805058|3379|2336
3|489|18425462|4091|2916
1|489|18457866|4341|3184
16|489|18336268|4027|2935
21|489|18233780|3914|2750
22|489|18132208|4315|3141
30|489|18103232|4599|3535
0|489|18413160|4238|3074
8|489|18389511|3915|2930
10|489|18034197|4164|3036
6|489|18280132|3511|2418
11|489|18469007|4412|3324
15|489|18319264|4726|3586
20|489|18383794|4795|3647
5|489|17991183|3623|2544
14|489|18041760|4172|3174
13|489|18277301|3549|2503
17|489|18404154|3639|2610
9|489|18013077|3601|2494
19|489|18437604|4171|3072
4|489|18156238|4102|2954
25|489|18260710|4014|2894
23|489|18150725|3587|2507
24|489|18376699|3540|2435
7|489|18232052|4528|3478
26|489|18234400|4103|2962
28|489|18179242|3545|2451
27|489|18201713|4277|3070
29|489|18118082|4178|3014
31|489|18231958|4148|3026
2|489|18344986|3680|2576
18|489|18434861|3592|2400
12|489|18346350|3366|2280
3|490|17699205|3786|2924
1|490|17686803|3693|2709
16|490|17698807|4165|3009
2|490|17283692|3346|2294
30|490|17700311|4058|2943
9|490|17515020|3410|2464
10|490|17601036|3944|3082
8|490|17633406|3790|2806
21|490|17694111|3895|2974
7|490|17377587|4088|3057
14|490|17517817|3800|2853
15|490|17564214|4194|3275
5|490|17498651|3591|2540
20|490|17551722|3986|2831
26|490|17375200|4077|2989
22|490|17687663|4539|3375
28|490|17563533|3360|2220
19|490|17475852|4134|3165
25|490|17444868|3401|2531
13|490|17519977|3181|2143
17|490|17508102|3235|2279
18|490|17286775|3344|2368
6|490|17624198|3096|2200
12|490|17281153|3201|2135
29|490|17348373|3839|2709
27|490|17365747|4142|3110
23|490|17443701|3381|2290
0|490|17611536|3923|2887
31|490|17346483|3935|2955
24|490|17437879|3328|2338
4|490|17413843|3805|2753
11|490|17553120|3829|2823
0|491|18828526|4127|2948
5|491|19083988|4307|3047
11|491|18789996|4468|3382
8|491|19162772|4217|2969
18|491|18964562|3687|2472
24|491|18866793|3794|2583
14|491|19186882|4480|3307
7|491|19145262|4662|3434
15|491|19122847|4506|3287
3|491|19262859|4058|2838
16|491|19261584|4574|3150
19|491|19033744|4653|3539
21|491|19181744|4272|2996
26|491|19086245|4600|3337
10|491|19213031|4624|3431
1|491|19284806|4620|3541
2|491|19222654|3915|2629
20|491|19107485|4659|3395
29|491|18938650|4237|2992
13|491|19012763|3898|2549
22|491|19079957|4906|3608
23|491|18910145|3830|2702
4|491|18843414|4318|3112
28|491|19068523|3588|2532
27|491|18935610|4664|3386
31|491|18890446|4630|3502
25|491|19045245|4272|3057
30|491|19262502|5097|3868
17|491|19017897|3769|2499
9|491|19203878|3642|2588
6|491|18938879|3776|2573
12|491|19143449|3536|2292
0|492|19024928|4169|3032
4|492|18689573|4066|2747
14|492|18972544|4253|2916
23|492|18740613|3504|2274
15|492|18918897|4518|3375
6|492|18551424|3575|2374
10|492|18821673|4632|3444
1|492|18810217|4509|3253
13|492|18746992|3573|2358
2|492|18771149|3574|2374
3|492|18912457|4000|2748
17|492|18758259|3644|2331
21|492|18868561|4488|3190
9|492|18583269|3695|2487
16|492|18905339|4158|2907
18|492|19006364|3824|2670
24|492|18999313|3836|2545
7|492|18961253|4709|3375
20|492|18805141|4477|3288
27|492|18681245|4356|3069
11|492|19014331|4187|2972
30|492|18633333|4395|3018
22|492|18758491|4485|3253
25|492|18657952|4096|2802
26|492|18873211|4667|3362
31|492|18678668|4521|3276
5|492|19025078|4237|2953
28|492|18711550|3721|2422
19|492|18911966|4603|3250
29|492|18822802|4141|3023
12|492|18711060|3549|2249
8|492|19021529|4079|2833
3|493|16624753|3686|2888
5|493|16353542|3620|2675
4|493|16796938|3804|2761
17|493|16652837|3309|2383
10|493|16706542|4083|3261
0|493|16806731|4038|3141
13|493|16763145|3118|2161
16|493|16579210|3763|2959
18|493|16672355|3371|2339
19|493|16333218|3272|2278
22|493|16434442|4005|3201
14|493|16793526|3561|2679
20|493|16511751|3778|2764
21|493|16622842|3545|2508
2|493|16668208|3107|2290
26|493|16408151|3972|3044
25|493|16425585|3630|2644
15|493|16757103|3891|3010
6|493|16749830|3095|2184
8|493|16282785|3505|2605
29|493|16331945|3797|2794
23|493|16791371|3279|2373
24|493|16563479|3214|2274
27|493|16503986|4064|3060
7|493|16510811|3969|3039
30|493|16472921|4071|3025
12|493|16322429|2841|2000
31|493|16410965|3655|2670
9|493|16629775|3342|2405
28|493|16387177|3056|2072
11|493|16461369|3605|2573
1|493|16686883|3692|2710
0|494|18586061|4203|2896
1|494|18186175|3937|2809
19|494|18571073|4509|3322
25|494|18486251|4066|2852
13|494|18652164|3577|2325
11|494|18233295|3884|2623
3|494|18792754|3979|2745
12|494|18386271|3293|2185
7|494|18343366|4352|3172
22|494|18561008|4304|3168
27|494|18361394|3904|2897
6|494|18432565|3293|2141
14|494|18550069|4333|3117
17|494|18843674|3430|2179
15|494|18443803|4241|3040
31|494|18304604|4162|2956
20|494|18540968|4301|3202
9|494|18526001|3522|2313
2|494|18508204|3577|2393
16|494|18618524|4422|3236
24|494|18399389|3438|2284
8|494|18404562|4124|2930
29|494|18431708|3966|2718
23|494|18419999|3623|2515
26|494|18514666|4356|3238
21|494|18501478|4071|2877
28|494|18300611|3323|2157
10|494|18644934|4152|3027
4|494|18689215|4329|3040
18|494|18703344|3487|2415
5|494|18699001|4131|2978
30|494|18342521|4160|3030
5|495|19164830|4331|2956
11|495|19612720|4461|3084
0|495|19705726|4585|3229
1|495|19710161|4472|3051
10|495|19288476|4538|3184
15|495|19484718|4015|2635
2|495|19421693|3972|2673
28|495|19364021|3765|2418
13|495|19755451|3737|2527
14|495|19539519|4045|2649
18|495|19229330|4002|2553
8|495|19349810|4442|2952
21|495|19309601|4164|2767
20|495|19466783|4463|3021
19|495|19698605|4927|3444
17|495|19519801|3790|2388
23|495|19349015|3724|2408
24|495|19412981|4022|2571
7|495|19627385|5010|3612
30|495|19218490|4470|3128
26|495|19347844|4846|3481
25|495|19704308|4466|3045
3|495|19594948|4128|2768
4|495|19279052|4479|3093
22|495|19625712|4771|3331
31|495|19529639|4667|3139
29|495|19415828|4340|2966
27|495|19639030|4502|3108
12|495|19712849|3625|2359
16|495|19408470|4363|2975
6|495|19547116|3839|2426
9|495|19561684|3827|2455
10|496|17199129|4544|3519
4|496|16924692|3950|2778
5|496|17301851|3848|2838
21|496|17114275|4387|3173
9|496|16782342|3371|2300
23|496|17092044|3493|2503
25|496|16947642|3727|2726
7|496|17002096|4235|3097
12|496|16847078|3296|2292
17|496|17049065|3539|2498
0|496|17235787|4217|2926
1|496|17238593|4100|2940
8|496|17114519|4043|3008
14|496|17154327|4222|3162
15|496|17207513|4353|3145
24|496|17034666|3484|2354
6|496|17051995|3435|2336
3|496|16945467|3920|2761
31|496|16909764|4219|3117
22|496|16928867|4592|3377
27|496|16886075|4099|3030
13|496|17181997|3427|2278
16|496|16859820|4123|2969
26|496|17000424|4219|3112
20|496|17109839|4537|3298
29|496|16907739|4114|3009
30|496|17025157|4628|3565
2|496|17167145|3606|2607
19|496|17057461|4456|3439
18|496|17189700|3617|2499
28|496|17231499|3305|2274
11|496|17264014|4023|2918
5|497|18807702|4099|2838
7|497|18733052|4559|3372
9|497|18788462|3711|2579
4|497|18829203|4091|3007
17|497|18768065|3325|2160
1|497|18673684|4150|2935
8|497|18657125|4259|3067
11|497|18348185|4243|3101
25|497|18762522|3886|2737
14|497|18641883|4277|3040
22|497|18548586|4748|3404
18|497|18389139|3465|2343
6|497|18603202|3462|2267
19|497|18401488|4483|3343
10|497|18849551|4366|3206
2|497|18420766|3585|2423
16|497|18503168|4244|3099
21|497|18825576|4390|3294
15|497|18642909|4413|3169
12|497|18724842|3555|2346
23|497|18796891|3632|2447
30|497|18446070|4277|3017
3|497|18569309|3904|2799
20|497|18480621|4451|3251
13|497|18531524|3494|2478
26|497|18499627|4256|2976
27|497|18555674|4176|3083
24|497|18632216|3707|2508
29|497|18472361|4031|2913
31|497|18596522|4212|3072
28|497|18400343|3583|2483
0|497|18688996|4123|2943
3|498|17670364|3964|2655
4|498|18014149|4072|2877
15|498|17798771|4229|2966
27|498|17666793|4219|3067
30|498|17774396|4631|3451
2|498|17828794|3638|2440
31|498|17648864|4586|3352
5|498|18088529|4327|3092
9|498|18039297|3634|2499
22|498|17914729|4458|3111
10|498|17855399|4424|3407
1|498|18001617|4451|3196
11|498|17965880|3749|2635
17|498|18020506|3533|2397
8|498|17983477|4190|3113
16|498|17823390|4161|2922
18|498|17902740|3630|2408
14|498|17945610|4096|2925
25|498|17962941|3968|2729
13|498|17649737|3379|2261
21|498|17823983|4133|2841
20|498|17702469|4611|3421
24|498|17629070|3483|2442
23|498|17769496|3595|2407
19|498|17897439|4633|3359
26|498|17685090|4495|3223
28|498|17593229|3368|2285
6|498|17872379|3651|2391
29|498|17631829|4435|3262
0|498|17530070|4075|2924
7|498|18061611|4411|3125
12|498|17877009|3466|2251
2|499|27869383|3888|2819
7|499|27494038|5062|3873
9|499|27874532|4567|3480
18|499|27753843|4656|3492
4|499|27949304|5160|3996
15|499|27928952|5676|4476
14|499|27702729|5343|4066
16|499|27741390|5433|4084
8|499|27755089|4410|3307
5|499|27868624|5078|3741
10|499|27825084|4574|3360
17|499|27780057|4169|2934
13|499|27670702|4069|2921
26|499|27772424|4973|3745
0|499|27518866|5128|4087
31|499|28108803|5020|3836
22|499|27852784|5269|4069
24|499|27638426|4691|3431
21|499|27673088|4994|3829
29|499|27817525|5083|3866
25|499|27719546|4716|3409
23|499|27637789|4679|3500
1|499|27814601|5428|4062
11|499|27773888|5000|3826
27|499|28300950|5167|4130
12|499|27725129|3525|2412
20|499|27881045|5497|4131
30|499|28169718|5405|4188
6|499|27529958|3907|2726
28|499|27936161|4102|3014
3|499|28235438|4856|3644
19|499|28935441|5639|4446
5|500|22074794|4747|3319
2|500|22233613|4015|2910
24|500|21998887|4035|2970
26|500|22069423|5018|3889
29|500|22012514|4744|3516
17|500|22072435|4089|2865
6|500|21893721|3715|2471
1|500|21892212|4884|3592
10|500|22093624|4496|3370
4|500|22202103|4712|3522
7|500|22229767|4602|3457
18|500|22216283|3950|2738
22|500|22001906|4805|3617
11|500|21880498|4549|3380
21|500|21972846|4613|3461
16|500|22149759|4810|3545
13|500|22074485|3674|2398
19|500|20914663|5118|3961
3|500|21756984|4293|3088
15|500|22204993|4982|3894
20|500|21855177|5182|4001
12|500|21869445|3505|2293
23|500|21935333|4151|3091
31|500|22047084|4411|3228
25|500|21961120|4495|3258
0|500|22019931|4247|3014
30|500|21852705|4821|3547
27|500|21900001|4678|3404
14|500|22202931|4856|3801
28|500|21824537|3707|2589
8|500|22120081|4504|3181
9|500|22215117|3784|2696
0|501|19880853|4356|3065
11|501|20123352|4301|3088
7|501|20185440|4815|3637
22|501|20179759|4826|3580
30|501|19942201|4715|3417
6|501|20304430|3589|2363
4|501|20190231|4396|3208
2|501|20303596|3986|2720
13|501|20170859|3678|2481
9|501|19806015|3707|2513
10|501|20219848|4704|3451
1|501|20203467|4796|3604
14|501|19869838|4514|3358
20|501|20005010|4734|3528
16|501|20103616|4267|3046
15|501|20028782|4535|3248
18|501|20186702|3760|2553
24|501|20350714|3766|2466
23|501|19989663|3654|2408
25|501|19955735|4221|3015
3|501|20007405|4395|3098
19|501|20081157|4578|3288
21|501|20140601|4543|3323
27|501|19910390|4722|3456
28|501|19875347|3761|2564
26|501|20342774|4726|3542
29|501|20331395|4437|3131
31|501|20000079|4676|3444
8|501|19802580|4248|2998
5|501|20359114|4675|3596
12|501|20072733|3410|2270
17|501|20259700|3752|2581
0|502|21280942|4651|3269
8|502|20838059|4386|3070
10|502|21144577|4340|3045
25|502|21027439|4151|2918
23|502|21053205|3962|2699
26|502|20953130|4676|3313
7|502|21274772|4594|3367
5|502|20812060|4409|3175
16|502|21092650|4206|2900
6|502|21233425|3786|2497
14|502|21130009|4769|3602
19|502|20984041|4853|3538
21|502|20966867|4557|3172
1|502|21148274|4855|3455
13|502|21193459|3832|2684
22|502|21265588|4879|3488
2|502|21211623|3790|2461
17|502|20818591|3956|2555
12|502|20833923|3448|2211
20|502|21126487|4901|3508
9|502|21187804|3789|2472
27|502|20962503|4396|3050
4|502|21197611|4527|3296
29|502|20911654|4653|3196
15|502|21099812|4399|2996
24|502|21066485|3746|2440
11|502|21288684|4614|3219
31|502|20913856|4871|3625
30|502|21283582|5159|3659
28|502|20973452|3794|2485
3|502|20964476|4159|2813
18|502|21319183|3885|2524
2|503|22083728|4209|2695
14|503|22213320|5035|3523
30|503|21941153|5452|3734
31|503|21981242|5291|3612
5|503|22248863|5390|3815
17|503|22094097|4251|2729
0|503|22366379|5039|3344
12|503|22198216|3928|2517
21|503|22182412|4910|3358
19|503|22204804|5533|3924
11|503|21917360|4721|3263
1|503|22173714|5045|3481
28|503|22108455|4235|2717
20|503|22064818|5323|3712
18|503|21871396|4459|2965
10|503|22351679|4954|3323
7|503|22293606|5327|3697
15|503|21994717|5236|3596
23|503|22323047|4246|2712
22|503|22154236|5437|3784
4|503|21985194|4813|3327
6|503|22589004|4129|2625
27|503|22050885|5141|3651
13|503|22188677|3924|2495
26|503|22336553|5025|3510
9|503|22084610|4176|2695
3|503|21857606|4765|3133
29|503|22052825|5244|3657
24|503|22079509|4427|2922
16|503|22243965|5079|3406
8|503|22372652|5012|3457
25|503|22356449|4835|3248
0|504|17417359|3800|2707
7|504|17270117|4017|2963
21|504|17423301|3793|2711
2|504|17563922|3147|2223
24|504|17090822|3304|2249
27|504|17239580|3882|2762
3|504|17104295|3665|2619
10|504|17304452|3994|2876
4|504|17222800|3947|2814
8|504|17036871|3762|2662
19|504|17413908|4218|3200
22|504|17253875|3709|2801
6|504|17219514|3162|2120
5|504|17502700|3935|2953
18|504|17341656|3422|2271
12|504|17459846|2970|2032
1|504|17353539|3854|2877
28|504|17379128|3185|2113
15|504|17299665|3960|2997
29|504|17113432|3796|2730
16|504|17072574|3691|2667
20|504|17369523|4051|3153
23|504|17291953|3217|2253
14|504|17586252|4000|2870
25|504|17049255|3564|2526
9|504|17104960|3078|2115
26|504|17192670|3983|2991
11|504|17416338|3984|2919
31|504|17565737|4009|2864
30|504|17587290|3987|2945
17|504|17481595|3074|2138
13|504|17361188|3095|2029
3|505|19329907|3802|2814
10|505|19321692|3847|2791
8|505|19317875|4140|3027
14|505|19104116|3962|3053
29|505|19181690|3821|2700
2|505|19388116|3623|2497
7|505|19426433|4204|3103
6|505|19263107|3416|2383
21|505|19419279|3772|2642
15|505|19162374|3870|2775
4|505|19333263|3871|2902
11|505|19015484|4075|3111
12|505|19222988|3218|2249
1|505|19207997|3713|2784
16|505|19116952|3898|2796
20|505|19126245|4208|3123
22|505|19295354|4201|3199
19|505|19310093|4370|3256
18|505|19248015|3368|2404
31|505|19010126|4125|3001
26|505|19052353|4179|3316
9|505|19031430|3702|2475
24|505|19417800|3654|2651
27|505|19408821|3942|2834
30|505|19009482|4104|3101
17|505|18992147|3398|2354
25|505|19103422|3915|2912
23|505|19126927|3377|2489
0|505|19455746|3992|2944
28|505|19238490|3338|2343
5|505|19365759|4121|2901
13|505|19096271|3023|2055
3|506|21205130|4645|3293
5|506|20702431|4533|3006
1|506|20998236|4988|3617
21|506|21115762|4125|2812
28|506|20791919|4091|2754
7|506|21117850|5388|4073
2|506|21137975|4224|2880
0|506|20765373|4665|3233
8|506|21175721|4889|3584
11|506|21048842|4755|3456
19|506|20951553|5250|3721
20|506|20978785|4879|3476
15|506|21085193|5159|3687
9|506|20895754|3787|2452
14|506|21194982|4821|3481
13|506|20731746|3775|2449
17|506|20850216|4252|2982
26|506|20928498|4937|3613
30|506|20866141|5310|3919
25|506|20834506|4532|3213
4|506|21047133|4439|3030
29|506|21198476|4842|3469
16|506|21021436|4996|3600
22|506|21327988|5333|4097
23|506|20815348|4216|2857
18|506|20966242|4235|2842
6|506|21146953|4140|2839
31|506|20955622|4871|3598
10|506|21197181|4911|3466
12|506|21101994|3869|2556
27|506|21212409|4746|3430
24|506|20903563|4191|2791
5|507|20560640|4525|3089
2|507|20456067|4972|3656
10|507|20134138|4655|3266
16|507|20246532|4582|3126
29|507|20291963|4849|3592
26|507|20370756|4918|3548
1|507|20555038|4418|3054
4|507|20247757|4540|3049
11|507|20425606|4410|3068
3|507|20609936|4437|3078
14|507|20362235|4957|3571
17|507|20333146|3918|2525
13|507|20345715|3685|2505
7|507|20482414|4590|3305
0|507|20476530|4510|3112
25|507|20284512|4015|2618
19|507|20432348|4316|3091
15|507|20407600|4746|3351
22|507|20234718|4162|2858
21|507|20572307|4454|3077
23|507|20224409|4077|2703
24|507|20094026|3847|2601
20|507|20432917|4943|3702
28|507|20555125|3756|2583
30|507|20325938|4870|3544
6|507|20139513|3679|2473
31|507|20181567|4693|3473
9|507|20351641|4078|2844
27|507|20143841|4792|3613
8|507|20429936|4010|2717
18|507|20276636|3879|2509
12|507|20366538|3708|2387
2|508|18850402|4167|2774
7|508|18696841|4382|3063
27|508|18475532|4112|2749
31|508|18517525|4059|2707
9|508|18463674|3648|2346
15|508|18635951|4192|2798
4|508|18764623|4000|2684
3|508|18757393|4120|2739
0|508|18684027|4204|2791
21|508|18600013|4177|2956
5|508|18922960|4211|2748
28|508|18687828|3378|2165
14|508|18750447|4305|2860
10|508|18869686|4422|3070
16|508|18853647|4273|2868
22|508|18623619|3585|2241
6|508|18509280|3533|2234
26|508|18831646|4426|3014
20|508|18567189|4310|2935
17|508|18742937|3675|2363
13|508|18718447|3458|2174
23|508|18596044|3618|2302
24|508|18587601|3581|2361
1|508|18782534|4257|2774
30|508|18545575|4234|2968
29|508|18853758|4229|2858
18|508|18448833|3615|2304
25|508|18703727|4052|2690
11|508|18770622|4127|2911
8|508|18498031|3767|2422
19|508|18659615|3801|2515
12|508|18926694|3392|2097
3|509|16566274|3675|2745
5|509|16526381|3679|2731
4|509|16605148|3703|2825
8|509|16227039|3428|2631
14|509|16537203|3773|2794
25|509|16317306|3432|2713
29|509|16367222|3089|2272
19|509|16274568|3255|2358
16|509|16502274|3570|2630
1|509|16324837|3701|2728
12|509|16278524|2848|2071
2|509|16682359|3609|2777
20|509|16438570|3567|2635
18|509|16322170|2981|2224
22|509|16641040|2944|2141
15|509|16671415|3827|2958
27|509|16711325|3545|2701
24|509|16402123|2939|2094
13|509|16431378|2872|2098
0|509|16562991|3522|2479
31|509|16706415|3595|2803
26|509|16475663|3603|2618
23|509|16415214|2858|2071
6|509|16484704|2964|2167
10|509|16512688|3528|2681
7|509|16689400|3652|2779
11|509|16279929|3460|2544
30|509|16487317|3675|2809
17|509|16558144|3121|2145
9|509|16678425|3009|2267
28|509|16720098|2876|2002
21|509|16806715|2924|2046
10|510|17884364|3778|2586
21|510|17801441|3905|2737
24|510|18037579|3347|2331
31|510|18018959|4317|3382
27|510|18091620|3894|2821
7|510|17883287|4346|3215
19|510|18163745|4104|2986
20|510|18082025|4247|3053
15|510|18042099|3901|2706
11|510|17874859|4017|2829
14|510|18209338|4004|2985
26|510|17962928|4047|2915
3|510|18282817|4031|2975
0|510|17963928|4129|2987
9|510|17839778|3527|2351
2|510|18115668|4355|3229
25|510|18214151|3935|2722
18|510|18087199|3485|2310
4|510|18256216|4455|3288
13|510|18016942|3347|2218
6|510|17939782|3324|2247
12|510|18135779|3215|2233
1|510|18168135|4550|3466
30|510|17887860|4548|3452
8|510|18209896|3909|2809
17|510|17872518|3265|2218
29|510|18217208|4304|3131
22|510|18093338|3495|2394
23|510|17976358|3738|2554
5|510|18243232|4010|2757
28|510|17875181|3228|2184
16|510|18146689|3901|2703
3|511|20043362|3897|2660
1|511|19891157|4201|2821
19|511|20172357|4220|2958
24|511|20245509|3526|2427
6|511|19994234|3546|2355
5|511|19759222|4205|3044
7|511|20171240|4237|3072
11|511|20107600|4283|3075
8|511|19874427|4089|2816
15|511|20136937|4637|3361
17|511|19856452|3706|2437
13|511|19960980|3519|2354
9|511|20046795|3747|2619
21|511|20250675|4196|2961
2|511|19998715|4715|3483
12|511|19942474|3476|2341
25|511|20025377|4169|2955
4|511|19989297|4263|3056
20|511|20170380|4734|3519
18|511|20009271|3691|2424
16|511|19772748|4370|3191
31|511|20232439|4301|3138
14|511|20133251|4140|2900
30|511|19924411|4637|3404
23|511|19835268|3646|2549
22|511|19857067|3821|2603
10|511|20241924|4301|3223
26|511|20128873|4427|3272
29|511|19879930|4304|3050
27|511|20243644|4048|2975
28|511|19812478|3382|2249
0|511|20039108|4158|3057
5|512|18928765|3842|2714
2|512|18799766|3927|2909
20|512|18757792|3967|2944
23|512|18669233|3333|2240
31|512|18728056|3801|2705
24|512|19049273|3187|2347
9|512|18842043|3155|2157
12|512|18791899|3104|2180
11|512|18919197|3716|2786
22|512|18751829|2921|2064
14|512|18680163|3381|2444
15|512|18890950|3769|2732
13|512|18865936|2973|2048
3|512|19059472|3904|2993
16|512|18716115|3325|2419
18|512|18742538|3306|2317
1|512|19016462|3908|2842
30|512|18687980|3900|3003
10|512|18608107|3964|3044
28|512|18585988|2891|2001
25|512|18811004|3549|2543
27|512|18622977|3512|2553
6|512|19341619|3140|2063
19|512|19056526|3911|2990
29|512|18645009|3610|2655
8|512|18897597|3770|2759
26|512|18686605|3448|2525
0|512|18633587|3345|2436
4|512|18761438|3806|2719
17|512|18983799|3368|2279
7|512|18935537|3882|2817
21|512|18879585|3525|2627
3|513|20359559|4530|3300
0|513|20097412|4260|2959
11|513|20481451|4632|3325
7|513|20088077|4982|3734
28|513|20306648|4682|3343
29|513|20228449|4601|3353
27|513|20289387|4465|3281
9|513|20506637|3785|2593
5|513|20712555|4463|3145
6|513|20317749|3505|2378
2|513|20552546|4809|3506
15|513|20443801|4679|3407
14|513|20469695|4622|3381
1|513|20318046|4661|3385
25|513|20270371|4193|2935
20|513|20598763|4727|3392
22|513|20492576|3826|2656
24|513|20543587|3961|2720
23|513|20573057|4000|2825
8|513|20195805|4556|3238
13|513|20456980|3607|2469
30|513|20342642|4828|3635
10|513|20270468|4605|3470
31|513|20581588|4463|3115
19|513|20185227|4120|2938
26|513|20206309|3727|2470
4|513|20110708|4408|3155
18|513|20427033|4113|2884
17|513|20180542|3825|2575
21|513|20068604|4590|3211
16|513|20380230|4287|2973
12|513|20631216|3524|2265
5|514|19478685|3895|2808
8|514|19319298|4238|3030
4|514|19228740|4272|3147
22|514|19410628|3772|2600
31|514|19332376|4344|3131
26|514|19301703|3680|2466
15|514|19460971|4302|3121
2|514|19476151|4758|3472
20|514|19405302|4583|3327
11|514|19611374|4307|3181
21|514|19175654|4119|2962
12|514|19145224|3266|2253
16|514|19164413|3928|2859
1|514|19420143|4137|2969
0|514|19626676|4283|3133
13|514|19336742|3609|2336
17|514|19201319|3694|2567
6|514|19515261|3670|2504
9|514|19539064|3659|2553
18|514|19221912|3659|2551
14|514|19472861|4263|3079
24|514|19394311|3793|2567
27|514|19574516|4226|3054
19|514|19294050|4158|3068
25|514|19451845|4283|3034
7|514|19569618|4563|3431
23|514|19392592|3742|2538
29|514|19593097|4105|3006
30|514|19350269|4626|3303
28|514|19608656|4195|3177
3|514|19633971|4120|3042
10|514|19284814|4109|3028
0|515|19345829|4595|3342
3|515|19103254|4343|3199
11|515|19467806|4459|3353
24|515|19277302|3816|2612
28|515|19168001|4606|3345
8|515|19578189|4416|3198
2|515|19491859|4906|3736
4|515|19540930|4516|3166
10|515|19101930|4406|3223
1|515|19399677|4307|3103
6|515|19468936|3663|2554
15|515|19517481|4278|3024
5|515|19595018|4350|3168
25|515|19227800|4397|3064
23|515|19190142|3988|2722
14|515|19299095|4560|3396
21|515|19463295|4442|3214
13|515|19376271|3654|2585
19|515|19242207|4032|2914
9|515|19296822|3908|2715
16|515|19423122|4489|3173
29|515|19185449|4457|3234
22|515|19569461|3730|2541
17|515|19379063|3759|2625
26|515|19556204|3902|2735
30|515|19183885|4545|3227
20|515|19525745|4690|3506
27|515|19296236|4594|3347
7|515|19187723|4887|3650
31|515|19591325|4619|3283
18|515|19308205|3425|2326
12|515|19595284|3397|2221
2|516|21327905|4742|3396
0|516|21459033|4852|3456
4|516|21372135|4552|3204
5|516|21253289|4598|3171
9|516|21174792|3946|2602
17|516|21112541|3966|2612
21|516|21254494|4754|3682
28|516|21475810|4911|3710
31|516|21068628|5042|3739
16|516|21141112|4462|3140
19|516|21186032|4145|2900
6|516|21448984|3859|2596
3|516|21438963|4795|3512
20|516|21051018|4734|3442
18|516|20985567|3630|2493
12|516|21139809|3582|2361
7|516|20965131|4835|3448
30|516|21082265|4912|3546
25|516|21314914|4203|2863
1|516|21281107|4726|3439
26|516|21109981|3857|2635
22|516|21148893|3716|2547
10|516|21346462|4846|3691
24|516|21499677|3970|2746
23|516|21305038|3917|2731
15|516|21307718|4902|3572
29|516|21183385|4640|3462
13|516|21259484|3784|2560
27|516|21098171|4718|3320
8|516|21405633|4605|3236
11|516|21484928|4702|3374
14|516|21252263|4765|3434
2|517|19655466|4970|3479
9|517|19618403|4097|2674
0|517|19664270|4598|3139
13|517|19285371|3837|2428
19|517|19572653|4460|3013
31|517|19615401|4647|3196
4|517|19617616|4700|3264
11|517|19226638|4447|2999
16|517|19564295|4835|3300
24|517|19442091|4012|2502
1|517|19402693|4422|3124
5|517|19619985|4432|2972
25|517|19420530|4355|2907
30|517|19441488|4864|3424
22|517|19377596|4159|2702
23|517|19332515|4120|2646
17|517|19638528|4173|2669
26|517|19394068|4435|2878
20|517|19520999|4786|3294
21|517|19634758|4535|3176
15|517|19331388|4567|3093
7|517|19419521|4744|3305
27|517|19282874|4619|3107
3|517|19502408|4418|2939
28|517|19624838|4550|3148
14|517|19202166|4528|3042
29|517|19342780|4483|3029
8|517|19308528|4460|3017
10|517|19357653|4631|3130
18|517|19617340|3900|2469
6|517|19717281|3825|2413
12|517|19699166|3818|2404
3|518|24588167|5757|3981
1|518|24813833|5745|4084
14|518|24599676|5714|4025
19|518|24942811|5546|3789
24|518|24886416|4911|3179
7|518|24630843|5834|4254
8|518|24548549|5491|3733
0|518|24920192|5912|4244
10|518|24539042|6020|4239
9|518|24966299|5307|3580
11|518|24872009|5571|3901
16|518|24865448|5163|3505
21|518|24694269|5521|3894
20|518|24712637|5827|3993
4|518|24863324|5685|3949
18|518|24544854|5079|3369
15|518|24679919|5855|4185
6|518|24786260|4586|2842
17|518|24749995|4951|3469
26|518|24737927|5755|4094
2|518|24951245|6100|4298
28|518|24632496|5642|3966
27|518|24668094|5447|3811
29|518|24610792|5652|3957
30|518|24822852|5858|4042
22|518|24811185|6243|4327
12|518|24541132|4700|3070
31|518|24946685|5715|3995
13|518|24980114|4643|2987
5|518|24797159|5406|3743
23|518|24806790|5131|3449
25|518|24822956|5732|3912
0|519|21466804|4949|3824
22|519|21204609|5265|3930
27|519|21286813|4545|3165
1|519|21578027|4731|3420
8|519|21490015|4742|3405
11|519|21435955|4757|3385
4|519|21379431|4562|3265
16|519|21431078|4586|3245
20|519|21401181|4988|3667
15|519|21349298|4641|3429
2|519|21254656|5025|3740
14|519|21600084|4854|3503
28|519|21279374|5091|3891
25|519|21096183|4438|3109
30|519|21232943|5217|3915
13|519|21155881|3769|2585
5|519|21139711|4695|3378
26|519|21314949|5050|3657
18|519|21376257|4335|2990
19|519|21586509|4519|3129
31|519|21189214|4654|3414
29|519|21258165|4640|3378
7|519|21502023|5126|3932
10|519|21517349|4636|3258
21|519|21451609|4859|3645
12|519|21228656|3794|2573
24|519|21593062|3911|2670
3|519|21682272|4583|3291
9|519|21559413|4189|2885
6|519|21425582|3420|2317
17|519|21455863|4030|2699
23|519|21268853|4035|2714
7|520|21420831|4936|3791
9|520|21326238|3851|2624
29|520|21485646|4348|3212
30|520|21608667|4981|3655
23|520|21267199|3941|2659
1|520|21722234|4419|3120
11|520|21693978|4609|3406
13|520|21651222|3538|2309
6|520|21240142|3598|2451
2|520|21619095|4907|3816
10|520|21415292|4403|3153
20|520|21658653|4215|2926
3|520|21344806|4075|2998
18|520|21512416|3757|2581
26|520|21529565|4539|3214
0|520|21790587|4765|3540
22|520|21793008|5127|3923
5|520|21548638|4659|3393
31|520|21486842|4785|3555
21|520|21430966|4162|2937
15|520|21670266|4764|3426
25|520|21610412|4023|2933
27|520|21779602|4520|3287
17|520|21261486|3952|2691
19|520|21519153|4697|3470
8|520|21706926|4099|2947
28|520|21642001|4899|3610
4|520|21671785|4496|3285
12|520|21446345|3715|2583
16|520|21660839|4313|3048
14|520|21611240|4588|3358
24|520|21492950|3541|2409
0|521|18528896|4425|3277
11|521|18712308|4059|2872
7|521|18813712|4848|3715
18|521|18634222|3760|2565
13|521|18762326|3590|2408
6|521|18759211|3580|2431
17|521|18503597|3698|2466
9|521|18876856|3609|2437
15|521|18477663|4623|3299
20|521|18654984|4359|3208
3|521|18611146|4185|2964
19|521|18415563|4070|2850
25|521|18472411|3986|2841
21|521|18513434|4221|2937
10|521|18686368|4516|3334
27|521|18465141|4317|3107
16|521|18341598|4332|3089
22|521|18571625|4438|3215
28|521|18404970|4434|3135
23|521|18786265|3524|2469
2|521|18660163|4525|3242
31|521|18547407|4237|3024
30|521|18803414|4645|3324
29|521|18816878|4502|3227
24|521|18322611|3674|2620
14|521|18343013|3916|2673
26|521|18644154|4350|3143
4|521|18339726|4158|2882
8|521|18366027|4451|3198
1|521|18717930|4186|2981
5|521|18498227|4183|2908
12|521|18643893|3355|2271
0|522|17819400|3901|2786
5|522|17346356|3517|2594
4|522|17404249|3737|2672
11|522|17850484|3980|2921
15|522|17748085|3882|2836
12|522|17384747|3112|2100
7|522|17808572|3780|2670
9|522|17819837|3293|2173
20|522|17716197|3945|2795
16|522|17612669|3718|2639
8|522|17399560|3727|2635
10|522|17633040|3655|2604
14|522|17453826|3764|2626
3|522|17683164|4032|2827
6|522|17790332|3321|2241
22|522|17605408|4328|3280
29|522|17507094|3788|2538
1|522|17372978|3604|2536
13|522|17808610|3153|2183
17|522|17783770|3309|2252
27|522|17650186|3455|2458
19|522|17718417|4058|3076
30|522|17533500|4056|2861
26|522|17461143|3999|2846
28|522|17605150|3720|2613
23|522|17589665|3246|2297
25|522|17714780|3884|2924
18|522|17840105|3324|2246
2|522|17537604|4179|3103
31|522|17566242|3709|2664
21|522|17654016|3747|2709
24|522|17564777|3190|2115
3|523|15526300|3732|2790
4|523|15722152|3933|2952
15|523|15701658|3789|2900
24|523|15267870|3105|2123
29|523|15526736|3535|2574
2|523|15271703|3662|2715
10|523|15578893|3524|2644
8|523|15594687|3560|2580
1|523|15457535|3514|2648
14|523|15576791|3628|2682
0|523|15764314|3676|2842
19|523|15421615|3581|2601
17|523|15457310|3091|2215
20|523|15657137|3600|2691
18|523|15322592|2967|2119
25|523|15348510|3502|2639
27|523|15459396|3459|2639
26|523|15410647|3500|2483
13|523|15720971|2759|1892
5|523|15724692|3450|2724
28|523|15404181|4047|3191
30|523|15434642|3613|2811
23|523|15388979|3188|2321
31|523|15322475|3637|2614
11|523|15715394|3269|2314
21|523|15338338|2972|2065
9|523|15763127|3093|2180
16|523|15750690|3371|2557
12|523|15831837|2856|1927
7|523|15817076|3291|2374
6|523|15748146|2871|1977
22|523|15545875|3764|2778
4|524|17338292|4113|2925
11|524|16983830|3704|2595
9|524|16955734|3327|2305
20|524|17196379|4421|3316
31|524|17045650|4073|2922
16|524|16930135|3645|2638
1|524|17239364|3703|2723
8|524|17257564|3783|2666
2|524|17274967|4394|3275
21|524|16971617|3642|2613
17|524|17321517|3426|2336
7|524|16901929|3827|2831
12|524|16922199|3175|2218
18|524|17156333|3679|2550
15|524|17341553|3976|2906
3|524|17360530|4062|3023
22|524|16885572|4285|3188
10|524|17290234|4317|3299
6|524|16902028|3409|2228
23|524|17039793|3612|2430
19|524|17220990|4040|2981
24|524|17339269|3541|2475
25|524|17155722|3687|2646
30|524|17061898|4050|2998
26|524|17126711|4184|2972
28|524|17081970|3950|2832
0|524|17202059|3950|2849
29|524|17352956|4176|3126
5|524|17062611|3595|2616
27|524|17166025|3925|2955
13|524|17137847|3283|2218
14|524|17229460|4092|2970
5|525|19477079|4178|3058
10|525|19673495|4135|2987
22|525|19712894|4613|3338
9|525|19956900|3618|2356
13|525|19513737|3560|2297
30|525|19639072|4652|3380
1|525|19841652|4284|3159
29|525|19604120|4539|3351
3|525|19697413|4295|3194
16|525|19872450|4611|3329
0|525|19513312|4417|3117
14|525|19449572|4286|3104
15|525|19730453|4262|3035
20|525|19916670|4557|3202
21|525|19819046|4340|3134
19|525|19641193|4353|3159
28|525|19567429|4243|2994
11|525|19932742|4361|3235
23|525|19672205|3854|2584
26|525|19586807|4322|2967
18|525|19771224|3629|2404
12|525|19793812|3275|2308
27|525|19506837|3965|2762
24|525|19634009|3671|2502
25|525|19636270|3855|2687
7|525|19764289|4608|3280
17|525|19848284|3530|2509
4|525|19949655|4553|3375
31|525|19958011|4147|2973
2|525|19808340|4670|3542
8|525|19825944|4011|2807
6|525|19822765|3112|2111
0|526|17901234|4061|2897
9|526|18033040|3298|2291
14|526|17926873|4220|3297
28|526|17879230|4107|2926
11|526|17804771|4031|2926
10|526|18059270|4272|3046
3|526|17930774|3970|2897
1|526|17999774|3893|2806
2|526|17613773|4257|3272
22|526|18052619|4062|2976
15|526|17902984|4140|3164
12|526|17761733|2946|2040
7|526|17692726|4078|2930
20|526|17894956|4050|2969
21|526|17880454|4059|2872
23|526|17816439|3279|2277
24|526|17731156|3419|2240
16|526|17964782|4102|3061
13|526|18036135|2998|2081
25|526|17716395|4057|2879
19|526|17876355|3985|2838
18|526|17793390|3370|2233
26|526|17815816|4180|3217
27|526|17767640|3878|2808
4|526|17615439|3942|2836
17|526|17696183|3251|2254
31|526|17665286|3957|2735
30|526|18063063|4129|3110
29|526|18040195|3878|2771
5|526|18069039|3658|2655
8|526|17693009|3783|2615
6|526|17833015|3255|2152
8|527|23258453|4669|3247
4|527|23393609|5300|3761
31|527|23392984|4811|3310
13|527|23567035|4095|2747
3|527|23688423|5078|3559
11|527|23724147|5056|3583
10|527|23709521|5030|3610
2|527|23659117|4833|3450
6|527|23275607|3902|2447
1|527|23666620|4970|3517
16|527|23525875|4860|3353
20|527|23589318|5202|3715
14|527|23761061|4842|3377
15|527|23644997|5135|3642
17|527|23389645|3987|2542
12|527|23631681|4364|2887
25|527|23504813|4750|3263
21|527|23589091|5163|3615
29|527|23351793|4845|3356
0|527|23830688|5290|3818
19|527|23502483|4990|3450
22|527|23681483|5395|3804
23|527|23586686|4284|2801
7|527|23586643|4870|3383
18|527|23484382|4283|2821
24|527|23577227|4171|2848
28|527|23783674|5228|3732
27|527|23462461|5171|3676
30|527|23389834|5196|3695
26|527|23481339|4903|3370
9|527|23827941|4266|2819
5|527|23307318|5159|3572
2|528|21284537|3912|2513
6|528|21295667|3943|2557
11|528|21358270|4779|3350
24|528|21015151|4296|2954
30|528|20980183|5314|3913
0|528|21086500|4619|3180
10|528|21336951|4696|3274
12|528|21169475|5048|3690
15|528|21218222|5061|3594
23|528|21053175|3966|2733
13|528|21391918|3878|2519
1|528|21251742|4585|3208
18|528|21020262|4013|2751
17|528|21202428|4185|2809
5|528|20901566|4700|3263
16|528|21273870|4921|3558
22|528|21073533|4800|3422
20|528|21261933|5091|3790
3|528|21380422|4857|3548
7|528|21002254|5066|3713
21|528|21147102|4717|3237
19|528|21097797|4497|3075
14|528|21253127|4763|3412
28|528|21002135|4939|3489
25|528|21175377|4584|3195
8|528|21481156|4966|3635
31|528|21449433|5010|3648
4|528|21431956|4893|3563
27|528|21000694|4794|3562
26|528|20968869|4717|3369
29|528|21153619|4837|3400
9|528|20997859|3944|2640
8|529|19010448|3785|2603
4|529|18990233|4042|2872
25|529|19062993|3965|2709
22|529|19204520|4675|3330
30|529|19469810|4668|3291
15|529|19322436|4288|3053
7|529|19131990|4591|3250
6|529|19563502|3545|2288
20|529|19170752|4477|3192
14|529|19086544|3927|2780
10|529|19364872|4367|3193
27|529|19004695|4150|2814
5|529|19191239|4044|2771
13|529|19309223|3753|2438
1|529|19296115|3816|2528
0|529|19376497|4239|2890
23|529|19555036|3703|2363
11|529|19472669|4158|2833
26|529|19003588|3990|2767
19|529|19133525|4241|3120
12|529|19378082|3962|2791
28|529|19107704|4328|3152
29|529|18984976|4142|2806
17|529|19287631|3384|2321
18|529|19632098|3596|2350
2|529|19464273|3990|2723
3|529|19275720|3954|2759
9|529|19190832|3502|2313
31|529|19054131|4262|2966
21|529|19372560|3944|2666
24|529|19689531|3721|2497
16|529|19193538|4558|3244
1|530|20759304|4908|3613
10|530|20855488|4364|3097
3|530|20606233|4589|3248
18|530|20662682|3633|2424
28|530|20730254|4649|3316
26|530|20788813|4533|3153
6|530|20894779|3751|2423
12|530|20691367|4011|2866
5|530|20803782|4383|3019
19|530|20717149|4465|3000
7|530|20929757|4880|3514
29|530|20819959|3871|2526
0|530|20747281|4244|2954
13|530|20822407|3772|2435
14|530|20895889|4622|3304
8|530|21061599|4784|3427
9|530|20606296|3614|2377
27|530|21110152|3448|2333
21|530|20580702|4247|2891
17|530|20679765|3942|2695
4|530|20988927|4303|2943
22|530|21006721|4725|3420
16|530|20552452|4441|3097
25|530|21039291|4272|2909
24|530|20569213|3616|2403
23|530|20800258|3726|2489
31|530|20623775|4357|3091
11|530|20723494|4429|3155
2|530|20602780|3859|2577
30|530|21046694|4895|3540
15|530|20958205|4947|3545
20|530|20918132|4788|3483
4|531|20461373|4393|3088
3|531|20769761|4571|3350
21|531|20529366|4768|3528
24|531|20436739|3865|2767
5|531|20673432|4389|3121
7|531|20644727|4701|3351
9|531|20534876|3892|2740
11|531|20357299|4566|3252
15|531|20315414|4635|3247
2|531|20325031|3669|2445
10|531|20807378|4645|3340
14|531|20589125|4489|3260
25|531|20437712|4342|2989
12|531|20709530|4470|3195
22|531|20470731|4843|3593
8|531|20572034|4584|3300
1|531|20817058|4575|3410
17|531|20519091|3847|2468
29|531|20662718|3672|2491
16|531|20469873|4740|3438
0|531|20608761|4857|3653
18|531|20773377|4123|2867
19|531|20697355|4738|3363
20|531|20319927|5145|3877
26|531|20760873|4871|3639
23|531|20430524|3769|2607
30|531|20361752|4504|3244
27|531|20567246|3718|2450
6|531|20704698|3896|2683
31|531|20424435|4734|3408
28|531|20791902|4879|3572
13|531|20684036|3843|2562
4|532|20210481|4354|3136
1|532|19943534|4323|3049
19|532|19880062|4397|3217
0|532|19870566|4153|3005
24|532|20219667|3729|2623
13|532|19768536|3397|2243
5|532|20160303|4240|3005
11|532|20105245|4267|3037
27|532|19888298|3653|2355
8|532|19984720|4280|3099
21|532|20204176|4375|3077
20|532|19847963|4561|3211
12|532|20025245|4203|2927
2|532|20086797|3586|2429
14|532|20061510|4414|3265
22|532|20017341|4574|3322
15|532|20118231|4475|3316
31|532|19759400|4549|3354
25|532|20064752|4448|3233
6|532|19780022|3770|2605
18|532|19903861|3732|2614
9|532|20159655|3847|2598
28|532|19751067|4535|3296
26|532|19859498|4439|3219
29|532|20315993|3376|2188
10|532|20058872|4486|3200
17|532|19983857|3524|2402
23|532|19850606|3926|2649
7|532|20138396|4621|3552
16|532|19903720|4383|3150
3|532|20218980|4168|2895
30|532|19831874|4411|3171
0|533|17881380|3704|2678
5|533|17828377|4151|2912
10|533|17533835|4001|2787
21|533|17809551|3802|2721
23|533|17529192|3339|2183
31|533|17720718|3906|2760
6|533|17613230|3208|2137
3|533|17415626|3652|2527
7|533|17474652|4122|2946
16|533|17456833|3807|2635
12|533|17749523|4111|2948
11|533|17834677|3752|2595
14|533|17728371|4153|2958
4|533|17949268|3852|2747
15|533|17692410|3921|2889
13|533|17886415|3020|1985
9|533|17612228|3290|2242
22|533|17710164|3807|2592
20|533|17790434|3999|2823
1|533|17902215|4113|2936
26|533|17593756|3762|2716
25|533|17675231|3846|2680
18|533|17646000|3363|2261
24|533|17924381|3269|2181
28|533|17619383|4120|3029
30|533|17468003|4029|2930
8|533|17783788|3806|2629
19|533|17970128|4111|2968
29|533|17604612|3109|2110
2|533|17724956|3396|2271
27|533|17912473|3091|2079
17|533|17655277|3352|2181
5|534|20142206|4258|2995
4|534|19960277|4285|3114
12|534|20023417|4134|2881
19|534|19768183|4586|3387
8|534|19739639|4330|3105
10|534|20136712|4398|3113
1|534|19854029|3815|2693
13|534|20038775|3476|2234
29|534|19834407|3612|2278
6|534|20085289|3618|2398
16|534|20046256|4197|3076
3|534|20044420|4286|3095
15|534|19963812|4367|3194
7|534|20064289|4709|3483
9|534|19935269|3732|2502
20|534|19911834|4231|2943
17|534|19687063|3727|2444
21|534|20151702|3883|2639
22|534|19935239|4614|3363
18|534|19841261|3729|2503
24|534|19831748|3605|2357
23|534|20137317|3925|2676
25|534|19875707|4065|2853
2|534|19724712|3544|2380
28|534|19825690|4676|3421
0|534|20166368|4054|2949
30|534|19809651|4372|3049
26|534|19903527|4049|2810
31|534|20152699|4793|3467
27|534|19753600|3509|2312
11|534|20002476|4195|2989
14|534|19987989|4540|3323
4|535|16925697|3590|2521
21|535|16673862|3788|2689
15|535|16758957|4353|3335
7|535|16725344|4034|2912
14|535|16441762|3846|2839
5|535|16947403|3512|2447
16|535|16774372|3603|2575
11|535|16467454|3727|2701
8|535|16875744|3956|2927
22|535|16667744|4108|2968
2|535|16579998|3443|2362
12|535|16922624|4035|2939
10|535|16859528|4012|2884
3|535|16787631|3966|2819
1|535|16832859|4145|3077
19|535|16908343|4028|3005
0|535|16564452|3640|2631
6|535|16824856|3296|2294
18|535|16662279|3235|2324
20|535|16729224|4365|3212
9|535|16745518|3413|2324
28|535|16583057|4226|3145
25|535|16627208|3691|2571
24|535|16665771|3269|2206
23|535|16655191|3291|2231
26|535|16554775|4082|2961
31|535|16538169|4022|2757
30|535|16572748|4078|3086
17|535|16740451|3307|2196
29|535|16872057|3221|2250
27|535|16530468|3038|2206
13|535|16930463|3123|2056
3|536|17001371|3829|2692
4|536|17236532|3965|2990
16|536|17134001|3677|2585
1|536|17021976|3785|2702
31|536|16854025|3930|2809
14|536|17209303|3552|2557
28|536|16962718|3990|2915
11|536|17120229|3937|2779
12|536|17062257|3880|2801
2|536|17077746|3408|2320
0|536|16958059|3585|2517
15|536|17213117|4113|2915
21|536|17247841|3745|2682
5|536|17143857|3721|2746
6|536|17164524|3085|2065
13|536|16744132|2862|1916
20|536|16954093|4127|2988
22|536|17108620|4185|3063
25|536|16915077|3765|2748
26|536|16868823|4152|2952
27|536|16786963|3117|2196
17|536|16813469|3352|2214
23|536|16888201|3299|2196
18|536|16979731|3274|2323
9|536|16960188|3375|2341
7|536|17172882|3970|3002
24|536|16900601|3353|2329
29|536|17174012|3290|2150
10|536|17037506|4189|3024
8|536|17101350|3955|2800
19|536|17013634|4070|2955
30|536|16845679|4186|3036
0|537|23582356|4089|2822
5|537|23552006|3827|2613
7|537|23379449|4529|3276
1|537|23749234|4271|3006
11|537|23675152|3901|2616
26|537|23527240|4191|2972
14|537|23714843|3828|2691
4|537|23767041|3979|2890
25|537|23501588|3764|2600
3|537|23787268|4148|2967
21|537|23606379|4050|2813
19|537|23333406|4117|2873
16|537|23777436|4313|3011
13|537|23566293|3405|2249
9|537|23426374|3522|2476
2|537|23663962|3642|2483
12|537|23673116|3592|2486
15|537|23626877|4041|2998
20|537|23561329|4491|3103
8|537|23306799|4293|2931
17|537|23476751|3700|2466
24|537|23410478|3595|2390
23|537|23473193|3449|2359
22|537|23565482|4515|3349
18|537|23466383|3501|2388
10|537|23336142|4500|3312
29|537|23409184|3786|2768
30|537|23355608|4493|3167
6|537|23619976|3313|2134
28|537|23765303|3979|2840
31|537|23790494|4246|3044
27|537|23531496|4348|3215
7|538|19165361|4486|3269
10|538|18808872|4322|3091
20|538|18932090|4652|3428
26|538|19173114|4449|3116
21|538|19097527|4294|3057
12|538|18940865|4206|2931
14|538|19121324|4467|3113
3|538|19067077|4312|3046
4|538|19104314|4239|3064
11|538|19160065|4283|2948
1|538|19182295|4182|2947
22|538|18846326|4640|3431
6|538|18767055|3464|2354
5|538|19200073|4397|3062
16|538|19028764|4019|2894
13|538|19010401|3755|2487
9|538|18984996|3738|2633
17|538|18892343|3686|2568
25|538|19100526|4198|3005
2|538|18978823|3564|2507
19|538|19056201|4400|3206
0|538|19231342|4179|2912
27|538|18740944|4071|2842
23|538|18884962|3710|2435
24|538|18899144|3767|2530
15|538|18924784|4453|3208
28|538|18779110|3390|2250
30|538|18813508|4719|3472
31|538|18770047|3573|2365
29|538|18841402|4249|3205
8|538|18896476|3965|2711
18|538|18875058|3592|2321
5|539|28407926|4772|3289
4|539|28493891|4744|3370
22|539|28469464|5325|3801
12|539|28583574|5091|3511
16|539|28409351|5009|3584
30|539|28268516|4931|3474
18|539|28214650|4056|2717
3|539|28509417|4593|3226
19|539|28319366|4567|3225
17|539|28370733|4219|2870
14|539|28538308|4387|2991
0|539|28282282|4706|3303
2|539|28330479|4451|3029
10|539|28631160|4945|3587
15|539|28261623|4671|3385
13|539|28411203|4298|2798
27|539|28308087|4949|3476
20|539|28610927|5028|3571
23|539|28292866|4193|2854
24|539|28281000|4012|2560
8|539|28189507|4097|2680
25|539|28383049|4692|3270
26|539|28632294|4960|3604
7|539|28614540|4833|3310
31|539|28242512|4209|2853
6|539|28500459|3979|2631
9|539|28432691|3907|2627
28|539|28279866|4953|3533
29|539|28236232|4834|3468
21|539|28564372|4861|3514
1|539|28478193|5060|3677
11|539|28734244|4316|2946
3|540|24390263|4921|3730
1|540|23992019|5025|3703
28|540|24076561|4969|3640
23|540|24255594|3860|2643
9|540|24134066|3759|2455
4|540|24500337|5168|3888
0|540|24325084|4887|3555
12|540|24473273|4643|3412
14|540|24353774|4365|3014
15|540|24275928|4297|2964
2|540|24314610|4047|2806
7|540|24130829|4944|3762
5|540|24511437|4887|3520
26|540|24150774|4743|3418
25|540|24171463|4501|3241
13|540|24276067|3946|2813
27|540|24261247|4995|3642
24|540|24215951|4096|2836
18|540|24453391|3767|2600
20|540|24249306|5216|3923
17|540|24392472|4009|2882
29|540|24063332|4506|3169
11|540|23954070|3862|2700
16|540|24500886|5101|3856
31|540|24153421|4577|3294
8|540|24162904|4264|2825
21|540|24065967|4969|3614
19|540|24457916|4542|3263
10|540|24278934|4919|3489
30|540|24960546|4866|3584
22|540|25003266|5464|4117
6|540|24276143|3942|2657
3|541|19749399|4390|3239
7|541|19572616|4464|3257
11|541|19393855|3618|2392
13|541|19529413|3574|2445
29|541|19445633|4604|3562
21|541|19302936|4081|2872
0|541|19634335|4218|3006
1|541|19753915|4115|2797
22|541|19255016|4186|2983
19|541|19292049|4099|2858
24|541|19605605|3678|2460
25|541|19538592|3853|2747
20|541|19444686|4554|3346
28|541|19751760|4682|3383
18|541|19460901|3605|2508
14|541|19646067|4100|2949
4|541|19660405|4637|3336
2|541|19620596|3740|2646
15|541|19638609|4167|3131
16|541|19383211|4196|3046
9|541|19729009|3566|2529
5|541|19595341|4335|3016
8|541|19307130|4159|2982
31|541|19365514|4721|3509
17|541|19451588|3603|2350
27|541|19532667|4086|2845
26|541|19591417|4460|3340
30|541|19307601|4361|3248
10|541|19262982|4332|3142
12|541|19645630|4314|3198
6|541|19403169|3279|2165
23|541|19990956|3548|2314
0|542|17899935|3949|2802
5|542|17659308|4037|2661
3|542|18014699|3916|2786
11|542|17994203|4332|3353
18|542|17812430|3900|2625
28|542|17856766|4012|2778
9|542|17676885|3657|2534
7|542|17988053|4329|3152
8|542|17648285|3820|2660
17|542|17736927|3608|2343
16|542|17722611|3945|2683
19|542|17888880|4263|3032
12|542|17553011|4139|2912
4|542|17747920|4099|2787
6|542|17537742|3315|2186
15|542|17745822|4128|2857
21|542|17953567|3581|2520
14|542|17801103|3914|2773
13|542|17986549|3519|2308
23|542|17534437|3419|2257
1|542|17896779|4044|2860
24|542|17890971|3592|2445
22|542|17916776|4123|3038
25|542|17874508|3961|2592
26|542|17619506|4216|2878
27|542|17640027|4125|2797
30|542|17608788|4020|2813
29|542|18005721|4313|3112
2|542|17735658|3433|2353
31|542|17699484|4262|3054
20|542|17933406|3956|2650
10|542|17559328|3786|2583
0|543|16994418|3862|2923
4|543|16811347|3768|2672
12|543|16835318|3674|2665
28|543|16967862|3825|2845
13|543|16776065|3167|2164
9|543|16920936|3448|2340
11|543|17072452|3514|2577
7|543|16903139|3618|2686
16|543|16870397|3823|2804
3|543|16975906|3834|2897
21|543|16765540|3767|2774
19|543|16853391|4137|2941
18|543|16972434|3888|2945
8|543|16905360|3706|2682
25|543|16658389|3751|2565
2|543|16578554|3101|2136
20|543|16543476|3128|2172
14|543|16762370|3724|2729
30|543|16618856|3977|3003
23|543|16733662|3205|2252
15|543|16807395|3986|2738
27|543|16645037|3631|2615
10|543|16501928|4070|2825
26|543|16656293|4071|3070
22|543|16688153|3200|2185
24|543|16703211|3351|2318
29|543|16622752|3688|2646
31|543|16592809|3764|2583
5|543|17003068|3777|2739
17|543|16944039|3275|2224
1|543|16684434|3716|2727
6|543|16910640|3188|2071
5|544|15788646|3443|2367
3|544|16113128|3433|2466
25|544|16058212|3288|2225
7|544|16176095|3589|2521
24|544|15919125|2793|1839
21|544|16103770|3505|2489
23|544|16064457|2995|2085
1|544|15786298|3596|2551
27|544|15951801|3614|2634
31|544|15857818|3667|2681
14|544|16153462|3158|2164
26|544|15933957|3495|2494
9|544|16208250|3917|2950
4|544|16460027|3413|2345
28|544|16431258|3563|2603
6|544|15805187|2744|1900
30|544|16015028|3834|2876
8|544|16097833|3400|2607
29|544|15892900|3368|2422
16|544|16174583|3573|2657
17|544|15799698|2903|1963
18|544|16072958|3669|2748
10|544|15914561|3796|2704
22|544|16044378|2951|2079
20|544|16203541|3023|2069
12|544|16228053|3234|2320
13|544|16225300|2706|1770
15|544|16171885|3352|2416
19|544|16359435|3418|2312
0|544|17210859|3903|2939
11|544|17125702|3035|2108
2|544|17039906|3082|2123
4|545|19771698|4239|2913
8|545|19719907|4128|2834
10|545|19650358|4212|2952
28|545|19805791|4542|3287
31|545|19896030|4494|3236
11|545|19029922|3937|2666
9|545|19798625|4577|3298
2|545|18978339|3739|2407
7|545|19951830|4131|2832
0|545|19040269|4370|3093
15|545|19569539|4395|3129
6|545|19761520|3853|2605
16|545|19699536|4194|2927
12|545|19612566|4200|3003
18|545|19672927|4452|3063
3|545|19976523|4519|3159
23|545|19912942|3758|2521
19|545|19570338|4522|3236
14|545|19858593|4386|3093
22|545|19645432|3920|2678
21|545|19933959|4516|3202
26|545|19851957|4580|3129
24|545|19956808|3970|2618
20|545|19642776|3755|2564
30|545|19773871|4298|3005
27|545|19902682|4342|3042
1|545|19862493|4230|2778
25|545|20020129|4449|3204
5|545|20017785|4093|2761
17|545|19721503|3904|2612
29|545|19766534|4284|3008
13|545|19672677|3632|2341
0|546|18880003|4109|2940
9|546|18940630|4604|3345
20|546|18692132|3594|2398
27|546|18674605|3973|2759
26|546|18768735|4210|3033
5|546|18599035|4047|2733
7|546|18919850|4147|2975
3|546|18813079|4133|2896
11|546|18982989|4093|2835
16|546|18860318|4205|2894
15|546|18893388|4176|2896
8|546|19048692|4199|2978
1|546|18638130|4198|2900
14|546|18774920|3782|2674
13|546|18747241|3451|2254
10|546|19028819|4375|3139
22|546|18768647|3463|2345
4|546|19076440|4393|3168
2|546|18932093|3472|2328
24|546|18717339|3522|2441
18|546|18854816|4188|3012
23|546|18823115|3584|2401
25|546|18642739|3875|2660
28|546|19044987|4025|2730
6|546|18868486|3489|2362
29|546|18586835|4053|2736
30|546|18703275|3908|2798
19|546|18828232|4323|3061
31|546|19045315|4290|3087
12|546|18837353|4160|2987
17|546|18706955|3435|2249
21|546|18742326|3956|2690
3|547|16468653|3658|2609
0|547|16610835|3807|2794
11|547|16480660|3630|2604
8|547|16438728|3648|2674
18|547|16299922|3841|2759
2|547|16298706|3248|2195
6|547|16275175|3176|2074
12|547|16125902|3281|2308
1|547|16415714|3929|2803
9|547|16567729|3858|2926
15|547|16450340|3897|2736
14|547|16403468|3477|2500
16|547|16474347|3759|2794
19|547|16181993|3901|2664
4|547|16308917|3979|2957
21|547|16117643|3707|2553
17|547|16135632|2972|2041
22|547|16367755|3149|2134
5|547|16504934|3844|2762
25|547|16275991|3753|2575
24|547|16324232|3279|2172
28|547|16263387|3681|2612
7|547|16540536|3666|2783
26|547|16577081|3946|2938
29|547|16226452|3769|2667
20|547|16615886|3111|2089
23|547|16305414|3231|2206
31|547|16189017|3824|2699
30|547|16220619|4011|2866
27|547|16599111|3742|2642
10|547|16352849|3760|2687
13|547|16484096|3184|2105
3|548|17313848|3889|2798
10|548|16833582|3841|2735
26|548|16980038|3659|2621
22|548|17077470|3335|2294
17|548|17122132|3172|2076
11|548|17297395|3946|2724
14|548|17149263|3694|2623
9|548|17183443|4050|2814
0|548|17299542|3724|2761
15|548|17169903|3862|2685
7|548|16969620|3879|2733
1|548|17205944|3888|2648
12|548|17237672|3688|2656
2|548|17268376|3369|2258
18|548|17284188|3544|2495
13|548|16835371|3032|1981
20|548|16946239|3352|2267
19|548|17137538|4371|3009
30|548|16898505|3888|2757
8|548|17279241|3759|2633
21|548|17117308|3759|2608
5|548|17015402|3783|2567
16|548|17182449|3882|2683
24|548|17040281|3390|2273
28|548|17024860|4059|2805
25|548|17057976|3786|2616
31|548|16940148|4098|2857
4|548|17082488|3742|2615
6|548|17313900|3330|2229
27|548|16944556|3872|2800
29|548|17033889|3583|2360
23|548|17221965|3153|2081
3|549|17885666|3687|2521
9|549|17763602|4203|3006
30|549|17608222|4030|2738
12|549|17722024|3695|2562
2|549|17657255|3564|2323
4|549|17437485|3973|2842
16|549|17524652|3736|2637
8|549|17559986|3784|2617
7|549|17723119|4233|2888
10|549|17884470|3938|2742
14|549|17796172|3986|2812
25|549|17482589|3455|2380
13|549|17645930|3413|2232
21|549|17568651|3894|2699
20|549|17629584|3435|2224
6|549|17431241|3341|2160
17|549|17840724|3241|2288
29|549|17400848|3766|2568
19|549|17623700|4376|3021
18|549|17667490|4152|3013
24|549|17523287|3350|2129
27|549|17425335|3723|2542
15|549|17761198|4236|3032
23|549|17390656|3467|2313
26|549|17892148|4039|2822
0|549|17742070|3798|2629
5|549|17559272|3776|2614
1|549|17694715|3951|2777
31|549|17496047|4118|3011
11|549|17846987|4029|2973
28|549|17531695|4004|2854
22|549|17999837|3484|2280
0|550|16931025|3890|2905
10|550|17198806|3658|2550
14|550|17211793|4124|2902
13|550|17187785|3258|2261
2|550|17350090|3337|2198
5|550|17000167|3745|2515
1|550|16921727|4057|2961
9|550|17311294|4340|3198
25|550|17180351|3632|2504
16|550|17269642|3890|2878
21|550|17152663|3888|2662
26|550|16994138|4033|2883
31|550|17081118|3949|2848
15|550|17023554|3872|2762
27|550|17041218|4004|2840
18|550|17072058|4434|3235
7|550|17247697|3513|2478
20|550|17157126|3509|2338
23|550|17267797|3275|2178
28|550|16908694|3868|2846
11|550|16879470|3799|2684
4|550|17317636|4338|3170
17|550|17135039|3475|2284
30|550|17368994|4024|2873
19|550|17051889|4201|3038
8|550|17240810|3835|2798
6|550|17191374|3039|2025
22|550|16944542|3400|2220
29|550|17180451|3484|2335
3|550|17341818|3957|2820
24|550|17286344|3380|2250
12|550|17341768|3995|2794
5|551|20397323|4237|2898
7|551|20227311|4635|3334
27|551|20293318|4648|3147
22|551|20083495|3882|2576
1|551|20397217|4400|2926
9|551|20382891|4872|3347
8|551|20069533|4440|2943
11|551|20166182|4121|2743
16|551|20352559|4477|3090
18|551|20252304|4506|3126
17|551|20133970|3902|2492
2|551|20435971|3913|2546
19|551|20107235|4804|3317
15|551|20305067|4613|3180
12|551|19989061|4154|2855
10|551|20486820|4814|3435
6|551|20068864|3498|2316
20|551|20233019|3631|2302
4|551|20155000|4293|3077
13|551|20457470|3780|2469
25|551|20394532|4354|2967
3|551|19997367|4344|2883
23|551|20230333|3938|2542
24|551|20016981|3762|2526
21|551|20369027|4064|2632
28|551|20214408|4485|3112
30|551|20159175|4711|3326
0|551|20486854|4817|3418
31|551|20361232|4863|3513
26|551|20372683|4785|3338
14|551|20512234|4235|2944
29|551|20085547|4552|3224
0|552|17209544|3899|2719
8|552|17579873|3749|2616
5|552|17685987|3970|2763
2|552|17518244|3496|2318
12|552|17505830|3884|2692
29|552|17229021|3929|2854
10|552|17457592|3744|2643
30|552|17262379|3846|2705
20|552|17520314|3319|2178
14|552|17204874|4127|2876
1|552|17640564|3895|2644
31|552|17235141|4121|2941
3|552|17347754|4302|3055
7|552|17698721|4138|3036
4|552|17415801|4052|2877
23|552|17339633|3173|2148
21|552|17306609|3902|2681
24|552|17324944|3347|2190
28|552|17279086|4055|2859
9|552|17630113|4290|3072
26|552|17232572|4135|3066
18|552|17559206|4087|3040
27|552|17696047|4101|2948
15|552|17509368|4063|2905
22|552|17672804|3493|2398
19|552|17516782|4341|3189
25|552|17389573|3888|2755
11|552|17566340|3540|2382
6|552|17432894|3415|2281
13|552|17431150|3305|2250
17|552|17628836|3229|2202
16|552|17552555|4135|2939
1|553|18173733|4028|2973
9|553|18039132|4547|3576
18|553|18028832|4399|3270
23|553|18134082|3387|2429
5|553|18324623|4209|3068
28|553|18106372|4354|3476
2|553|18290420|3500|2688
29|553|18341820|4261|3265
10|553|18261652|4264|3278
3|553|18144825|4149|3075
6|553|18010127|3212|2268
13|553|17890860|3437|2378
8|553|18355863|4242|3224
15|553|17987879|4453|3376
17|553|17879267|3459|2538
21|553|18105338|4210|3158
16|553|17873452|3856|2982
0|553|18336881|4087|2954
11|553|17941188|4298|3318
24|553|18101357|3289|2449
12|553|18327367|4243|3336
25|553|17959228|4105|3168
22|553|17989880|3500|2585
20|553|18274489|3547|2573
4|553|18112503|4146|3046
26|553|18072458|4515|3563
27|553|18052973|3680|2707
31|553|18248689|4201|3138
30|553|18304531|4707|3831
14|553|18211061|4167|3247
7|553|18139277|4269|3395
19|553|17951128|3859|2757
4|554|20018613|4614|3338
10|554|20298523|4643|3533
20|554|20079960|3614|2461
9|554|20427972|4244|3040
31|554|20062535|4175|3014
15|554|20207155|4037|2784
2|554|20424136|3614|2393
12|554|20095702|4009|2702
14|554|19956620|4157|2905
21|554|20177685|4234|2878
13|554|20248153|3538|2399
16|554|20168694|4415|3126
8|554|20234858|4188|2993
7|554|19958379|4065|2866
5|554|20325471|4104|2900
18|554|20373860|4608|3440
19|554|19950747|4399|3225
23|554|20370737|3591|2411
22|554|20091927|3614|2496
27|554|20035299|4404|3132
24|554|20146851|3836|2665
28|554|20357559|4533|3405
26|554|20045361|4338|3016
3|554|20261594|4482|3304
6|554|20307966|3415|2275
29|554|20352896|4150|3028
0|554|20142698|4458|3261
30|554|20047981|4586|3352
1|554|20380062|4670|3392
11|554|20130423|4188|3007
25|554|20261914|3973|2650
17|554|20408210|3314|2173
0|555|17633051|3457|2375
2|555|17987542|3382|2288
25|555|17621539|3757|2589
30|555|17678810|4134|2857
7|555|17860236|4256|2957
3|555|17704642|4109|2978
9|555|18036793|4350|3049
11|555|17604369|3848|2638
8|555|17890626|4033|2880
5|555|17832576|4177|3023
14|555|17973010|4092|3022
16|555|17920474|3901|2979
15|555|18022894|4058|2865
6|555|17703549|3424|2311
18|555|17853528|4189|3019
12|555|17996725|4280|3002
20|555|18075363|3978|2939
21|555|17962409|4057|2846
10|555|18098651|4266|3083
22|555|17820409|4218|3007
17|555|17604066|3500|2285
23|555|17839688|3323|2189
26|555|17762202|4131|2867
1|555|17610217|3773|2540
28|555|17777350|3833|2615
19|555|17853895|3801|2573
27|555|17816862|4207|2924
24|555|17786704|3435|2228
29|555|17719861|3894|2552
31|555|18075048|3999|2831
4|555|18090843|4189|2979
13|555|18113281|3216|2085
0|556|18346244|4368|3186
2|556|18331541|3791|2494
17|556|18060238|3283|2228
26|556|18036658|4385|3226
5|556|18197426|4329|3235
8|556|18215499|4394|3181
9|556|18248718|4476|3275
10|556|18068195|4376|3138
11|556|18238424|4216|2980
7|556|18287458|3442|2389
3|556|18253868|4226|3007
6|556|18145757|3447|2458
16|556|18185397|4096|3000
14|556|18204544|3994|2764
15|556|18171999|4388|3223
20|556|18119278|4187|2982
18|556|18147671|4077|2813
21|556|18108404|4274|2981
19|556|17983821|4034|2824
13|556|17882992|3583|2359
25|556|18353050|4353|3163
1|556|17973422|3951|2775
24|556|17954028|3334|2221
22|556|18086956|4457|3400
4|556|17863047|4141|2930
27|556|17985676|4203|3022
23|556|18056450|3629|2664
31|556|17938346|4141|3005
29|556|17952798|4398|3195
30|556|18368045|4443|3337
28|556|18029421|4211|3051
12|556|18405440|3317|2209
0|557|21055314|3924|2861
20|557|20829324|4202|3024
23|557|20673886|3389|2323
11|557|20986220|4048|2988
16|557|20927840|4142|2930
7|557|20916801|3313|2201
2|557|21045560|3282|2269
6|557|20893483|3292|2158
5|557|20984571|3765|2640
22|557|20705887|3987|2974
1|557|20736456|3952|2689
17|557|21055270|3185|2160
21|557|20810461|3571|2419
12|557|20579237|3122|2141
13|557|20777691|3246|2126
19|557|20806962|3931|2837
9|557|21002481|4125|3001
25|557|20776167|3700|2514
26|557|21057010|4046|2989
18|557|20838966|4143|2998
27|557|20704773|3706|2525
8|557|20971976|3906|2899
15|557|20880695|3948|2944
3|557|20897963|3934|2823
14|557|20914912|3835|2825
10|557|20955637|3860|2674
24|557|20773471|3312|2194
31|557|20738304|3965|2783
30|557|21132378|3921|2861
28|557|21194720|3932|2801
4|557|21483907|3714|2757
29|557|22073508|4109|2943
0|558|27327295|5068|3767
14|558|26884785|4582|3303
26|558|27016896|5204|3874
28|558|26765649|4046|2777
5|558|27199835|4762|3611
1|558|27143207|4980|3707
9|558|27018358|5255|3958
10|558|26861055|5042|3783
11|558|27290838|5069|3742
8|558|26935319|5361|4035
7|558|27264289|4419|3225
12|558|27083769|4609|3371
16|558|27288343|4863|3570
6|558|27241597|4358|3192
17|558|27151741|4336|3068
4|558|26519587|4714|3543
19|558|27057676|5148|3887
15|558|26931094|4818|3498
20|558|27338287|5254|3977
18|558|26987840|5256|3896
13|558|27086541|4119|2969
25|558|27029768|4544|3256
21|558|27122102|5108|3896
22|558|27225560|5051|3747
30|558|26841086|4084|2898
31|558|26863624|3913|2804
3|558|26885355|5103|3892
24|558|26882978|4119|2964
23|558|27348113|3992|2929
27|558|26999525|4803|3489
2|558|27238961|4447|3245
29|558|26041874|3100|1975
1|559|19261941|4209|2831
10|559|19241510|4290|3015
0|559|19342801|4247|2848
30|559|18995017|4216|2957
5|559|19295664|4069|2725
3|559|18912924|3856|2549
4|559|19097045|4285|3036
9|559|19244104|4316|3126
2|559|18833982|3658|2362
12|559|19171140|4538|3282
7|559|19179138|4299|2930
16|559|19169327|4374|3084
13|559|19036893|3548|2249
14|559|19341109|4298|3099
15|559|19093102|4205|3017
11|559|19215866|4053|2781
18|559|19068250|4540|3306
17|559|19147551|3589|2302
22|559|18997493|4217|2982
20|559|19087282|4247|2890
6|559|19168527|3568|2281
19|559|19128144|4232|3004
28|559|19346306|4232|2990
23|559|18925575|3666|2386
27|559|18912803|4039|2699
25|559|19048591|3989|2645
26|559|19363659|3956|2694
8|559|19197640|4282|2964
21|559|19040855|3898|2541
31|559|18992589|4032|2654
29|559|18957194|3572|2372
24|559|19058561|3462|2227
3|560|18530891|3971|2832
2|560|18509024|3498|2438
19|560|18315503|3944|3012
20|560|18355388|4251|3063
31|560|18200939|4224|3202
24|560|18187954|3479|2295
17|560|18439986|3543|2389
5|560|18565880|4275|3079
18|560|18386237|4410|3122
15|560|18424452|4476|3366
8|560|18201312|4183|3169
1|560|18668664|4346|3175
14|560|18449282|4128|3031
25|560|18239026|3990|2871
16|560|18488313|4478|3241
11|560|18419579|4217|2992
28|560|18295987|3931|2771
23|560|18277614|3637|2547
22|560|18369286|4304|3201
26|560|18226551|4246|3060
21|560|18197845|4068|2770
27|560|18268957|4007|2733
4|560|18535752|3784|2701
30|560|18637889|4149|2970
12|560|18540612|4092|3121
29|560|18183661|3820|2638
0|560|18609128|4106|2911
13|560|18499648|3342|2332
10|560|18638899|4246|3042
9|560|18527888|4547|3407
7|560|18486067|4100|2896
6|560|18647356|3521|2334
5|561|19023098|3951|2797
3|561|19133087|4050|2960
17|561|19078487|3581|2554
30|561|18817717|4016|3086
24|561|19128368|3326|2426
23|561|18945051|3584|2538
8|561|18988891|4111|3232
9|561|18668357|4104|2960
11|561|18914332|4281|3479
0|561|18701318|3928|2896
2|561|19119811|3541|2452
12|561|18762078|3586|2575
15|561|19023521|4211|3291
16|561|18944570|3966|2806
13|561|18719071|3297|2344
20|561|19123919|4482|3325
18|561|19045747|4383|3266
21|561|18843202|4252|3077
14|561|18987026|4022|2976
4|561|18770126|3933|2955
19|561|19145953|4061|3039
22|561|18898712|4282|3209
27|561|18842553|3846|2891
28|561|18939442|4288|3217
25|561|18993752|4122|2998
31|561|19132881|4324|3370
1|561|18967845|4157|3020
26|561|18901404|4196|3206
7|561|18646602|4321|3155
29|561|18811168|4190|3222
10|561|18682828|4014|3085
6|561|18833387|3468|2336
5|562|19160841|4152|2925
2|562|19003653|3525|2442
15|562|19009395|3786|2661
20|562|18969405|3926|2831
30|562|19163371|4446|3270
29|562|18758649|3797|2742
4|562|18866577|4144|2932
9|562|19079107|4443|3360
22|562|18836297|4051|2783
19|562|18854396|3989|2935
10|562|18702817|3833|2777
6|562|18687064|3155|2140
18|562|18933046|4107|2975
14|562|18891449|3648|2450
21|562|18921554|4125|2911
7|562|18738255|4194|3036
1|562|18768028|4177|3069
17|562|19155640|3626|2509
13|562|18976715|3471|2317
11|562|19042229|4124|2880
28|562|18826126|4501|3373
12|562|19035660|4218|3163
27|562|18844022|4007|2771
23|562|19135617|3368|2434
3|562|19148369|4197|3145
16|562|19011465|3979|2960
25|562|18819684|4210|3125
26|562|18778523|4266|3085
8|562|19067947|4155|2886
0|562|19042145|4273|3087
31|562|18817736|4136|3084
24|562|19232874|3454|2350
5|563|16478243|3472|2406
11|563|16158959|3712|2753
13|563|16183985|2886|1989
27|563|16151460|3388|2388
12|563|16126710|3494|2457
3|563|16062890|3300|2229
4|563|16387652|3534|2614
7|563|16234157|3481|2424
14|563|16274798|3407|2326
22|563|16366952|3542|2510
8|563|16025288|3622|2551
10|563|16335304|3033|2139
1|563|16204955|3342|2412
18|563|16291201|3696|2634
19|563|16354989|3282|2302
25|563|16061897|3494|2294
20|563|16455374|3932|2929
24|563|15981565|3197|2224
15|563|16478838|3743|2685
9|563|16392666|4119|3238
31|563|16001136|3325|2456
23|563|16122984|3289|2274
28|563|16174980|3468|2416
26|563|16060184|3624|2558
29|563|16444657|3506|2431
21|563|16268401|3442|2385
6|563|16344301|3064|2133
30|563|16481005|3745|2848
0|563|15995643|3555|2647
2|563|16513393|3052|2068
16|563|16116535|2968|1974
17|563|16398961|2921|1951
5|564|18326324|4104|2845
9|564|18011747|4044|2824
12|564|18284955|3460|2375
19|564|18120617|3862|2772
27|564|18337065|3998|2770
1|564|18133698|3021|2008
6|564|17917069|3380|2284
13|564|18305457|3024|2018
8|564|18166547|4157|2949
22|564|18186869|4224|3031
3|564|18255057|4332|3216
14|564|18205254|3799|2792
10|564|18156533|3855|2794
16|564|17867073|3840|2683
25|564|18101279|3857|2704
20|564|18096244|4260|3042
11|564|18318398|4150|2947
7|564|18227269|4566|3375
0|564|17902754|3933|2804
21|564|17937610|3997|2830
15|564|18058096|3928|2845
24|564|18086664|3957|2896
18|564|18137681|4462|3223
23|564|18010773|4328|3218
17|564|17830817|3294|2244
28|564|18020366|4319|3271
26|564|18010581|3943|3031
31|564|18060167|4136|3068
29|564|18003964|3448|2423
4|564|18238777|4475|3321
30|564|17973706|4062|2946
2|564|17986964|3273|2217
8|565|19880938|4328|2955
9|565|19986719|4809|3472
21|565|19732275|4155|2941
31|565|19640066|4362|3063
13|565|19996183|3839|2505
6|565|19919348|3696|2468
1|565|19933680|3502|2395
2|565|19504356|3766|2554
17|565|19624295|3579|2416
5|565|20012880|4521|3241
10|565|19817474|4465|3160
0|565|19708419|4558|3349
3|565|19850757|4388|3046
7|565|19744934|4610|3210
16|565|19818991|4281|3051
25|565|19806002|4311|2931
14|565|19850210|4466|3267
29|565|19585340|4092|2814
20|565|19792082|4667|3524
19|565|19986888|4355|3091
22|565|19903297|4792|3444
18|565|19681731|4740|3559
23|565|19668139|4592|3244
26|565|19624392|4223|2882
24|565|19700888|4306|3101
11|565|19734663|4408|3030
15|565|19720682|4538|3277
27|565|19990881|4457|3196
30|565|19568525|4507|3115
28|565|19652894|4505|3247
4|565|19536950|4154|2881
12|565|19973773|3725|2384
0|566|18821400|4310|3025
2|566|18903076|3794|2594
16|566|18831560|4151|2949
19|566|18776110|3864|2655
10|566|18849069|4245|3031
14|566|18761082|4401|3086
3|566|18826342|4431|3116
11|566|18625104|3819|2520
8|566|19042319|4281|3004
4|566|18541939|4417|3077
12|566|18528136|3191|2135
7|566|18820396|4400|3133
1|566|18899387|3487|2304
18|566|18704088|4238|2983
15|566|18625898|4187|2966
25|566|18801002|4032|2825
21|566|19004085|4000|2788
20|566|18770910|4145|2876
9|566|18996479|4159|2969
23|566|18714898|4417|3210
22|566|18742592|4609|3243
26|566|18706726|4485|3356
28|566|18611548|4096|2928
30|566|18630247|4647|3266
27|566|18651293|4278|2976
29|566|18811813|4332|3143
31|566|19018652|4459|3345
5|566|18865300|4114|2681
24|566|18722232|4040|2815
6|566|19105519|3417|2266
13|566|19120218|3514|2289
17|566|19200671|3641|2363
4|567|19374801|4071|2823
9|567|19214761|4133|2847
31|567|19127968|3695|2488
5|567|19067186|3901|2710
7|567|19345293|4339|3085
10|567|19470714|4444|3230
8|567|19409765|4071|2907
1|567|19309165|3305|2103
11|567|19418154|4292|3028
15|567|19290919|4168|3048
6|567|19045820|3260|2088
14|567|19469513|4108|3070
13|567|19032296|3220|2119
20|567|19239744|4219|2970
2|567|19531346|3575|2340
18|567|19315211|4188|2844
3|567|19428104|4018|2821
21|567|19264551|4051|2793
17|567|19030295|3549|2277
16|567|19528814|4003|2777
25|567|19287045|3926|2635
19|567|19518758|3935|2748
27|567|19149418|3967|2734
23|567|19232214|4205|3006
22|567|19205896|4160|2771
24|567|19075625|3981|2728
29|567|19137028|3824|2672
26|567|19194887|4392|3166
28|567|19200254|4316|3056
30|567|19184138|4052|2878
0|567|19556905|4600|3296
12|567|19754647|3327|2037
3|568|18224283|4244|3161
4|568|18528994|4416|3219
7|568|18436603|4518|3303
11|568|18415784|3995|2795
19|568|18206133|4057|3011
31|568|18542218|4350|3270
5|568|18477298|4333|3224
9|568|18518442|4540|3463
13|568|18317332|3322|2281
0|568|18006794|4056|2996
14|568|18344379|4014|3025
15|568|18385106|4782|3683
10|568|18457330|4288|3015
8|568|18449726|4065|3030
22|568|18151823|4449|3302
20|568|18327520|4412|3407
21|568|18270737|3966|2919
18|568|18301372|4258|3047
2|568|18276599|3378|2273
16|568|18235477|4152|2919
23|568|18169388|4119|2950
24|568|18145517|3840|2610
17|568|18258564|3634|2440
26|568|18124431|4280|3117
28|568|18111588|3884|2734
6|568|18352451|3577|2420
27|568|18208110|4189|3027
30|568|18103249|4122|3052
25|568|18242232|4120|2917
1|568|18403566|3147|2211
29|568|18166854|4157|2951
12|568|18234352|3283|2230
4|569|17074404|3669|2754
1|569|16627318|3136|2129
6|569|16731507|2830|2120
15|569|16969974|3765|2747
13|569|17026656|3006|2297
8|569|16900607|3631|2903
28|569|16796166|3966|3084
5|569|17005610|3745|2790
3|569|17121651|3753|2764
17|569|16768228|3032|2217
12|569|16615443|2838|1968
7|569|17091835|3734|2848
14|569|16966310|3750|2789
10|569|16937563|3829|2932
21|569|16882606|3628|2643
2|569|16807706|3175|2311
19|569|17088281|3758|2784
24|569|16810591|3650|2570
29|569|16654210|3513|2487
20|569|16912503|3889|3043
16|569|16850463|3459|2644
18|569|16880210|3166|2286
22|569|16927854|4008|3100
25|569|16696570|3499|2531
0|569|16953331|3608|2695
27|569|16732435|3707|2801
31|569|17089674|3422|2405
26|569|16788135|3780|2807
9|569|16982457|3874|2913
30|569|16722395|3334|2402
11|569|17064737|3525|2575
23|569|16895887|3285|2320
3|570|17036271|3846|2651
8|570|17109342|3904|2573
7|570|17012076|3768|2800
16|570|16898748|3589|2384
25|570|16861968|3591|2290
22|570|16893658|4082|2754
30|570|16816478|4122|2858
29|570|16997015|3749|2471
0|570|16917976|3376|2211
21|570|16992531|3855|2441
26|570|16795316|4018|2832
17|570|17078080|4095|2747
13|570|17307438|3191|2076
11|570|16759528|3809|2595
6|570|17190850|3105|1972
9|570|16742502|3896|2602
19|570|16989320|3833|2548
5|570|17057922|3951|2706
14|570|17053954|4058|2677
18|570|16911802|3187|2122
28|570|17151918|4005|2659
20|570|16945734|4120|2815
27|570|16856490|3772|2574
24|570|16988165|3580|2546
10|570|16991480|3846|2579
15|570|17149597|3791|2409
1|570|17584999|3408|2051
12|570|17154755|3046|1986
2|570|16943971|4086|2629
4|570|17181276|3769|2581
31|570|18765854|3528|2346
23|570|19236522|3514|2117
4|571|23270868|5394|3830
17|571|23598142|5182|3564
27|571|23434648|4779|3289
8|571|23749342|5046|3621
3|571|23774309|5175|3679
11|571|23565985|5218|3650
9|571|23536763|5198|3547
14|571|23487400|4905|3407
1|571|23493410|4294|2800
0|571|23630444|5339|3790
19|571|23521627|5514|4020
13|571|23588636|4387|2936
15|571|23365097|5228|3735
22|571|23708237|5751|4140
6|571|23545558|4288|2794
20|571|23436609|5576|3932
12|571|23327570|4140|2659
16|571|23746548|4819|3330
18|571|23472101|4120|2684
23|571|21241890|4156|2790
21|571|23653452|5594|3883
24|571|23412075|4961|3428
28|571|23467239|5039|3437
29|571|23699368|4933|3428
26|571|23646804|5262|3725
25|571|23752939|5020|3426
31|571|21809400|4948|3513
30|571|23717476|5142|3549
5|571|23482753|4588|2967
10|571|23371892|5399|3883
7|571|25694245|4464|2996
2|571|25661593|5809|4149
5|572|19059062|4090|2824
3|572|19509230|4271|2971
10|572|19077901|4655|3325
29|572|19212048|4382|3027
28|572|19237471|4564|3249
19|572|19446209|4308|3044
31|572|19184302|4493|3202
1|572|19518377|3591|2329
17|572|19580906|4675|3313
14|572|19463256|4239|3001
4|572|19594212|4504|3188
13|572|19404403|3486|2331
21|572|19246520|4239|2917
15|572|19387247|4475|3092
2|572|17270307|4267|2944
20|572|19345493|4802|3371
18|572|19285315|3742|2497
6|572|19350943|3636|2456
22|572|19391696|4290|3092
12|572|19335450|3752|2465
26|572|19195654|4435|3172
23|572|19286167|3780|2447
24|572|19247450|4398|3165
7|572|17642766|4029|2764
27|572|19596843|4334|2938
16|572|19322766|4347|3081
30|572|19151933|4603|3160
0|572|19416110|4454|3224
9|572|19488600|4622|3317
11|572|19512557|4246|2912
8|572|19554990|4497|3185
25|572|19228446|4355|2855
1|573|18894700|4069|2837
2|573|18796789|4495|3218
16|573|18618581|4124|2788
29|573|19036412|4555|3408
10|573|18991743|3833|2560
4|573|18868892|4559|3228
7|573|18636314|4074|2862
14|573|18887883|4265|2942
8|573|18514732|4199|2934
0|573|18567636|4150|2841
3|573|19026688|4499|3188
26|573|18707037|4259|2995
11|573|18532639|4104|2769
15|573|18834313|4248|2955
22|573|18744869|4404|3054
21|573|18854831|4211|2935
17|573|18933522|4333|3040
28|573|18995494|4218|2997
30|573|18600233|4299|2947
20|573|18814182|4343|3107
19|573|18987695|4415|3217
9|573|18563645|4410|3143
25|573|18519788|4131|2773
23|573|18694064|3530|2489
12|573|18702048|3653|2391
31|573|18988692|4442|3175
13|573|18885080|3621|2387
27|573|18650237|4257|2968
18|573|18821104|3690|2420
5|573|19033649|4191|2889
24|573|18722397|4395|3055
6|573|18832695|3438|2229
1|574|17984643|4236|3019
2|574|17944235|4358|3222
18|574|17520435|3409|2332
17|574|17735474|4014|2846
27|574|17559766|3989|2753
8|574|17837015|4017|2791
3|574|17808706|4122|2928
4|574|17884597|4034|2742
13|574|17674495|3375|2224
9|574|17639571|4109|2884
20|574|17679986|4172|2964
10|574|17929360|4300|2936
12|574|17600118|4030|2857
0|574|17799711|3962|2794
16|574|17960264|3736|2519
21|574|17748783|4096|2934
15|574|17783099|4135|2897
24|574|17502955|3818|2526
23|574|17873636|3375|2179
14|574|17880679|4146|2965
26|574|17822239|4028|2857
6|574|17779562|3386|2182
30|574|17712744|4210|2893
25|574|17648355|3923|2694
28|574|17730904|4420|3077
29|574|17966796|3782|2467
31|574|17607250|4096|2807
7|574|17859574|4086|2895
22|574|17794609|4106|2963
5|574|17499797|4038|2791
19|574|17675308|3924|2713
11|574|17769933|4036|2792
1|575|16321110|3754|2575
2|575|16302170|3677|2548
16|575|16119755|3526|2302
29|575|15958990|3469|2289
31|575|15960077|3398|2210
19|575|15904207|3745|2634
0|575|16119373|3298|2206
10|575|16151732|3532|2374
3|575|16235223|3661|2517
7|575|15892865|3866|2761
4|575|16204647|3507|2388
14|575|16029613|3370|2327
12|575|16145907|3561|2449
15|575|16082656|3712|2664
21|575|16102662|3664|2535
9|575|16194710|3644|2436
6|575|15975942|3446|2208
13|575|16212307|3590|2395
22|575|15902902|3363|2225
25|575|15980846|3519|2380
20|575|16195911|3886|2796
26|575|16039269|3611|2492
28|575|15976533|3807|2544
24|575|16095751|3725|2634
30|575|16013577|3869|2637
27|575|16308940|3942|2691
17|575|16336561|3763|2632
8|575|16243131|3596|2471
5|575|15853314|3513|2250
11|575|15827514|3713|2631
23|575|16110931|3250|2119
18|575|16556888|3214|2032
2|576|19948907|4483|3014
5|576|19565776|4331|2835
21|576|19793651|4090|2588
11|576|19541042|4068|2641
3|576|19855135|4261|2881
26|576|19756232|4104|2610
17|576|19592388|4017|2652
8|576|19577679|4145|2719
4|576|19835614|4276|2789
1|576|20008235|4348|2871
6|576|19747968|4337|2923
12|576|19809380|4011|2591
9|576|19772399|4150|2749
0|576|19875556|4316|2931
10|576|19894501|4087|2693
28|576|19671643|4192|2757
15|576|19805634|4246|2809
13|576|19748978|4383|2868
22|576|19728623|3907|2614
27|576|19625328|4444|2932
25|576|19722802|3979|2577
20|576|19707050|4428|3015
19|576|19923971|4033|2617
16|576|19979655|4075|2611
24|576|19668202|4189|2690
7|576|19829548|4382|2934
30|576|19658662|4330|2829
31|576|19965226|4279|2901
18|576|19558852|3615|2208
29|576|19995644|4120|2663
14|576|19818616|4114|2694
23|576|19641635|3640|2194
6|577|14451428|3210|2214
14|577|14156409|3388|2273
16|577|14278093|3251|2160
23|577|14159267|2914|1890
27|577|14383595|3418|2376
3|577|14576067|3499|2384
2|577|14651911|3563|2692
9|577|14442391|3451|2309
15|577|14386134|3782|2646
31|577|14336856|3307|2185
0|577|14419284|3611|2540
4|577|14503868|3486|2386
13|577|14377678|3552|2660
5|577|14642586|3516|2415
10|577|14403397|3329|2252
17|577|14555380|3653|2490
19|577|14304026|3379|2357
8|577|14543723|3347|2286
7|577|14231367|3412|2474
21|577|14636677|3382|2468
26|577|14585420|3530|2329
29|577|14202817|3356|2279
24|577|14285156|3541|2500
11|577|14631293|3387|2416
22|577|14387584|3245|2334
28|577|14435800|3586|2397
25|577|14356686|3368|2315
30|577|14259582|3485|2310
12|577|14449907|3542|2808
1|577|14558399|3199|2316
18|577|14298391|3071|1978
20|577|14305358|3613|2591
1|578|19048335|3897|2601
9|578|19451366|4499|3360
20|578|19064503|4073|2864
24|578|19226733|4162|2836
14|578|19608158|3638|2447
28|578|19193816|3920|2684
18|578|19131304|3345|2201
6|578|19573248|4086|2770
10|578|19447916|3339|2260
8|578|19289108|3916|2646
5|578|19353709|3918|2675
17|578|19327749|4312|3086
22|578|19179467|3913|2660
11|578|19196774|3709|2482
7|578|19283027|4373|3230
21|578|19269575|4074|2807
2|578|19469039|4327|3072
15|578|19474250|4287|3033
16|578|19586917|3793|2678
19|578|19328398|3876|2667
26|578|19260893|4448|3297
31|578|19471674|4091|2799
0|578|19403425|4046|2740
23|578|19571088|3629|2293
27|578|19561836|3711|2483
25|578|19168140|3232|2153
4|578|19390318|3810|2625
30|578|19162727|4238|2896
29|578|19269695|3946|2734
3|578|19493206|3962|2858
13|578|19375034|4306|2977
12|578|19098277|3889|2579
1|579|19639071|4482|3168
11|579|19420092|4206|3026
0|579|19286917|4263|2957
19|579|19359066|4430|3139
21|579|19444770|4808|3498
3|579|19173815|4659|3335
5|579|19570254|4413|3107
6|579|19540539|4580|3304
9|579|19608560|5013|3702
20|579|19624509|4930|3618
8|579|19518697|4422|3219
13|579|19195592|4176|3046
7|579|19401666|4340|3155
23|579|19304088|3714|2601
15|579|19404037|4635|3351
18|579|19595887|3944|2674
12|579|19193272|4364|3165
16|579|19392564|4190|2972
25|579|19532477|3705|2447
24|579|19649699|4802|3738
30|579|19251890|4488|3215
26|579|19366024|4795|3397
17|579|19527570|4632|3507
22|579|19487465|4072|2767
4|579|19216075|4242|3029
31|579|19367869|4732|3492
14|579|19662859|3478|2305
29|579|19271090|4450|3221
2|579|19358326|4963|3653
28|579|19665387|4869|3573
10|579|19698717|3613|2511
27|579|19296120|3958|2731
1|580|22192127|4775|3381
18|580|21954840|4062|2568
31|580|21822196|4428|3092
0|580|22158904|4512|3216
5|580|22103709|4872|3394
10|580|21791171|3822|2497
15|580|21968164|4510|3100
4|580|21800795|4308|2914
9|580|22070657|5000|3605
7|580|22008205|4812|3366
8|580|22023744|4668|3218
3|580|22130077|4975|3492
21|580|22145955|4724|3356
24|580|21893341|4696|3378
11|580|22204018|4609|3218
23|580|22000454|3980|2638
17|580|21856215|4852|3412
25|580|21920065|4113|2684
12|580|21962262|4562|3168
13|580|22043144|4517|3069
29|580|21779127|4320|2853
22|580|21851108|4418|3160
2|580|21726696|4882|3391
19|580|22186016|4734|3310
14|580|21812013|4529|3208
20|580|22095243|4838|3435
26|580|21898543|4891|3539
30|580|21917588|4511|3235
28|580|21770049|4818|3357
27|580|21732363|4019|2683
6|580|22087175|5025|3521
16|580|22025924|4013|2558
1|581|20297301|4504|3226
2|581|19908686|4941|3613
8|581|20121134|4660|3302
20|581|19918897|4606|3327
18|581|20342420|3878|2683
28|581|19885997|4661|3321
9|581|20176687|5032|3539
5|581|20245353|4615|3222
6|581|19794661|4562|3217
12|581|20001626|4224|2973
10|581|20390215|3862|2572
4|581|20202059|4512|3212
24|581|20092791|4566|3162
17|581|20039828|4888|3468
7|581|20173609|4767|3418
16|581|20008360|3872|2487
30|581|19871862|5018|3610
14|581|19926481|4619|3201
22|581|19975099|3901|2635
19|581|19944484|4289|3043
27|581|19834192|3982|2675
29|581|19998396|4644|3113
26|581|19903487|4574|3260
31|581|20311134|4781|3415
0|581|20236943|4546|3220
21|581|20142520|4525|3067
13|581|19981223|4520|3236
25|581|20068385|4553|3167
3|581|20108914|4608|3241
23|581|20195827|3931|2581
11|581|20071385|4457|3212
15|581|20225577|4812|3460
0|582|18766389|3963|2806
31|582|18804959|4278|3071
6|582|19061699|4313|3254
1|582|19213495|4245|2927
26|582|18849557|4064|2959
4|582|19048242|4062|2917
15|582|18679330|4007|2873
7|582|18956919|4113|2989
8|582|19147522|4173|2982
2|582|19178598|4754|3580
14|582|18913690|4042|2889
3|582|18733380|4113|3043
19|582|18882754|4113|2920
25|582|18758694|3906|2714
13|582|18774134|3994|2761
12|582|19046931|4087|2890
24|582|19002031|4570|3510
29|582|19115472|4112|2715
22|582|18912143|3485|2368
17|582|18965569|4352|3106
30|582|18955189|4364|3221
9|582|19088938|4255|3055
10|582|19051016|3329|2256
21|582|18805601|4376|3134
18|582|19169898|3600|2509
11|582|18692809|3945|2817
23|582|18749055|3620|2403
16|582|18981115|3469|2341
5|582|19074912|4330|3181
20|582|19199084|4421|3389
27|582|18915710|3704|2516
28|582|19131948|4264|3151
1|583|19526252|3958|2819
0|583|19565827|4036|3002
13|583|19350457|4050|2948
19|583|19401719|3998|3015
25|583|19391270|4179|3105
18|583|19214044|3168|2202
8|583|19456254|4079|3151
2|583|19408680|4482|3421
9|583|19229324|4282|3195
12|583|19326520|3925|2877
11|583|19166519|4060|3012
14|583|19427625|4024|3028
17|583|19274306|4280|3200
3|583|19367823|3991|2934
6|583|19579627|4169|3015
20|583|19101043|4394|3188
15|583|19517223|4027|3105
21|583|19227600|3651|2755
24|583|19341697|4327|3397
23|583|19172891|3523|2385
4|583|19510579|3982|2935
22|583|19306149|3302|2315
27|583|19105186|3516|2431
5|583|19088525|3687|2684
30|583|19296549|3940|3090
16|583|19171325|3314|2253
7|583|19469240|4178|3281
26|583|19600678|4371|3528
28|583|19110626|3912|2770
29|583|19358294|3934|2916
31|583|19646553|3988|2935
10|583|19399604|3216|2160
3|584|21341511|4626|3088
8|584|21487335|5094|3695
14|584|21415261|4698|3150
27|584|21258093|3852|2574
4|584|21243213|4595|3047
6|584|21346607|4656|3287
7|584|21147388|4803|3394
18|584|21506656|3970|2612
0|584|21543226|4674|3260
13|584|21552473|4821|3201
9|584|21461805|4937|3289
12|584|21445590|4526|2997
17|584|21387975|5047|3661
2|584|21480076|5245|3996
23|584|21268085|3974|2619
5|584|21186963|4660|3243
24|584|21303313|4650|3018
25|584|21541833|4606|3190
16|584|21174732|3504|2332
21|584|21322710|4543|3004
19|584|21562119|4632|3064
15|584|21333336|4490|2930
26|584|21159893|5019|3612
22|584|21248639|3995|2541
28|584|21148342|4536|3238
20|584|21360370|5028|3609
1|584|21624720|5309|3853
29|584|21141929|4095|2693
11|584|21413503|4690|3135
30|584|21237201|4755|3179
31|584|21150066|4606|3103
10|584|21299499|3662|2312
1|585|26568305|5287|3519
9|585|26871392|5226|3473
20|585|26630951|5688|3917
5|585|26774451|5164|3490
12|585|26908057|5262|3714
0|585|26914703|5680|3914
28|585|26724633|5342|3656
14|585|27023181|5495|3725
3|585|27066601|5565|3871
6|585|26975413|5321|3541
4|585|26994482|5147|3415
2|585|26816356|5932|4130
26|585|26706832|5575|3900
16|585|26782547|4371|2742
22|585|26687479|4559|2944
11|585|26595815|5652|4071
18|585|26971168|4428|2851
24|585|26822770|5332|3602
15|585|26735841|5289|3536
19|585|26755006|5161|3633
13|585|26946478|5443|3702
21|585|26758067|5287|3497
25|585|26809867|5248|3534
8|585|27041350|5410|3620
23|585|26866731|4589|2955
29|585|26632592|5513|3840
27|585|27053835|4586|2943
31|585|26594477|5356|3665
17|585|26916851|5629|3941
30|585|26619544|5287|3517
7|585|26951283|5762|4134
10|585|26669975|4272|2654
5|586|34527760|6726|4630
21|586|34216558|6715|4771
13|586|34256063|6508|4414
16|586|34388246|5364|3554
20|586|34620295|6908|4758
28|586|34470479|6391|4392
6|586|34509201|6800|4725
9|586|34577185|7146|5172
11|586|34324666|6329|4256
1|586|34583896|6867|4886
8|586|34191454|6639|4580
7|586|34045113|6608|4564
29|586|34145764|6269|4443
22|586|34354012|5328|3510
15|586|34480018|6707|4666
24|586|34304436|6991|4863
10|586|34038180|5281|3467
27|586|34140161|6872|4860
23|586|34176943|5570|3738
19|586|34279840|5560|3858
4|586|34395906|6457|4457
14|586|34491479|6689|4649
12|586|34554020|6421|4381
0|586|34487725|6825|4789
30|586|34110315|6724|4743
3|586|34436897|6662|4725
17|586|34082251|6411|4462
18|586|34301407|5533|3682
26|586|35310003|6896|4757
25|586|35297054|6483|4649
31|586|36490091|6895|4869
2|586|37797970|7125|4953
1|587|29615454|5934|4429
16|587|29726908|4729|3123
10|587|29563575|4571|3040
12|587|29411678|5576|4115
9|587|29658637|6323|4647
4|587|29451794|5508|4157
5|587|29769810|5703|4224
2|587|26360161|5676|4247
8|587|29621534|5370|3772
6|587|29690481|6169|4673
20|587|29723535|6236|4750
30|587|29396256|5760|4160
7|587|29588887|5440|3920
14|587|29451675|5336|3855
13|587|29756865|5658|4058
18|587|29350734|4695|3161
24|587|29560106|6254|4735
25|587|28692644|5266|3980
15|587|29576060|6184|4654
22|587|29585238|4754|3202
29|587|29611965|5459|3986
11|587|29669618|5609|4023
28|587|29717728|5876|4261
0|587|29427916|5936|4448
21|587|29775815|5871|4266
31|587|27409944|5568|4031
23|587|29521668|4620|3234
26|587|28866431|6225|4665
17|587|29342427|5638|4049
19|587|29516522|4901|3385
3|587|29411963|6035|4610
27|587|29672036|6143|4580
2|588|20800117|4691|3493
18|588|20677354|3987|2717
12|588|20908929|4238|3061
27|588|20434464|4837|3592
3|588|20395359|4838|3737
8|588|20798841|4428|3162
7|588|20718050|4487|3249
1|588|20958239|4655|3306
11|588|20569046|4310|2999
0|588|20542890|4294|3098
6|588|20776472|5162|3906
17|588|20453058|3998|2850
5|588|20819945|4090|2841
14|588|20722606|4217|3037
19|588|20448451|3885|2626
15|588|20645236|5095|3773
4|588|20837714|4478|3123
20|588|20780667|5116|3958
28|588|20580635|4507|3290
30|588|20771814|4673|3463
21|588|20557971|4426|3257
16|588|20976864|3708|2561
31|588|20544534|4487|3191
24|588|21030353|5298|4106
13|588|20733293|4173|2991
9|588|20858195|5026|3726
29|588|20640550|4419|3152
23|588|20602306|3688|2477
26|588|20618153|4755|3485
25|588|21010730|4294|2998
22|588|20649764|3674|2576
10|588|21706519|3529|2295
3|589|18287484|4099|3244
12|589|18350282|3874|2858
25|589|17915251|3781|2706
23|589|17958296|3609|2541
18|589|18426145|3473|2452
16|589|18103102|3306|2390
31|589|18099171|4360|3317
14|589|18155751|3949|2961
11|589|18240273|4092|3019
4|589|18094640|4173|3261
19|589|18150712|3378|2451
21|589|18055654|4279|3166
15|589|18139551|4161|3250
2|589|18390022|4846|3898
20|589|18114041|4266|3290
28|589|18099910|4176|3326
6|589|18194370|4101|3122
0|589|18256204|4151|3235
24|589|18036633|4235|3173
8|589|18273995|4292|3277
13|589|18021291|3839|2793
10|589|17634974|3237|2296
30|589|18099532|4056|3159
9|589|18006646|4229|3263
27|589|18360685|4130|2993
17|589|18228062|3384|2393
22|589|17929874|3371|2474
29|589|18000432|3870|2849
7|589|18258798|4504|3461
1|589|18246032|3970|2967
5|589|18166488|4536|3583
26|589|18201599|3142|2101
1|590|17552799|3424|2327
8|590|17750775|3907|2718
12|590|18050560|4029|2757
18|590|18020842|3417|2277
31|590|18022426|3932|2694
7|590|17596737|4077|2955
5|590|17586790|3515|2381
2|590|17863158|4159|2881
15|590|17881794|4175|2939
9|590|17708221|4120|2904
4|590|17937295|3878|2788
17|590|17674564|3480|2231
0|590|17818048|3951|2823
14|590|17971338|3792|2522
10|590|17942647|2984|2058
24|590|17806600|3855|2817
6|590|17805506|4049|2874
11|590|17965291|4198|2971
13|590|17776428|4029|2765
26|590|17590373|3313|2147
25|590|18079114|4018|2903
23|590|18057141|3518|2247
22|590|17677237|3542|2368
30|590|17750754|4003|2921
19|590|17946152|3321|2277
27|590|17722269|3728|2643
29|590|17664053|3893|2644
20|590|17886939|4199|2950
3|590|18067884|4022|2896
28|590|17884600|4081|3073
16|590|18100909|3304|2228
21|590|17909374|3907|2700
8|591|19698727|4149|3119
15|591|19578054|4414|3234
17|591|19552097|3570|2431
23|591|19403304|3663|2521
22|591|19400428|3677|2458
19|591|19375258|3655|2410
1|591|19726692|4186|2992
20|591|19357648|4455|3183
9|591|19557677|4403|3137
3|591|19237021|4234|2970
13|591|19419626|4484|3341
5|591|19591369|4304|2984
12|591|19698955|4171|3007
21|591|19210873|4348|3103
24|591|19478883|4425|3212
25|591|19393484|4245|3097
30|591|19353677|4183|2953
14|591|19511393|4356|3083
11|591|19455243|4217|2998
27|591|19328016|4117|2977
18|591|19690577|3769|2562
29|591|19320167|4429|3263
0|591|19492786|4055|2801
28|591|19273781|4286|3063
10|591|19516654|3548|2334
31|591|19683597|4597|3382
4|591|19528284|4194|2966
26|591|19446115|3432|2211
6|591|19437306|4392|3260
7|591|19612215|4406|3305
16|591|19297071|3491|2300
2|591|19578737|4799|3540
4|592|19273643|4296|3240
5|592|19549231|3874|2775
25|592|19499016|3886|2878
17|592|19719541|3454|2448
28|592|19412573|4325|3255
22|592|19762630|3468|2502
9|592|19621696|4855|3965
1|592|19635388|4076|3026
2|592|19203975|4491|3381
14|592|19454007|4076|3054
13|592|19582002|4068|2966
20|592|19642339|4094|2793
15|592|19714643|4584|3493
7|592|19259875|4214|3234
10|592|19341541|3285|2338
21|592|19530726|4279|3115
6|592|19250734|4345|3307
8|592|19761612|4317|3250
12|592|19561981|3873|2950
30|592|19496424|4892|3811
29|592|19413369|4292|3228
18|592|19432788|3412|2424
11|592|19422798|3922|2934
24|592|19536648|4305|3139
27|592|19457403|4058|3055
31|592|19357542|3971|2929
16|592|19274211|3081|2267
23|592|19729767|3575|2596
3|592|19583099|3887|2806
0|592|19360092|4043|3125
26|592|19389341|3309|2257
19|592|19901442|3433|2276
3|593|17332775|3631|2542
7|593|17595773|4120|3038
15|593|17634304|3802|2697
29|593|17528943|3982|2970
28|593|17813283|4136|3117
30|593|17567207|3945|2879
26|593|17392043|3116|2181
6|593|17548800|3795|2715
11|593|17449318|3832|2819
1|593|17695178|3593|2657
12|593|17525428|3665|2577
8|593|17541601|3853|2792
13|593|17659558|3876|2791
10|593|17596933|3131|2224
17|593|17989292|3431|2231
14|593|17684789|3754|2839
21|593|17584516|3854|2745
19|593|17323717|3327|2348
4|593|17828692|4031|2921
16|593|17411184|2969|2047
25|593|17841815|4094|3038
24|593|17459598|3894|2912
18|593|17494869|3222|2248
22|593|17775610|3110|2156
23|593|17400367|3268|2365
27|593|17451052|4057|3029
31|593|17447082|3912|2935
5|593|17811051|3977|2874
0|593|17317923|3620|2687
2|593|17671232|4164|2934
9|593|17725342|3876|2858
20|593|17652637|4003|2798
3|594|22002994|4707|3218
9|594|21562983|5247|3743
31|594|21650151|5030|3526
5|594|21583055|4757|3203
8|594|21837413|4781|3318
1|594|21860593|4853|3359
7|594|21993274|5284|3779
0|594|21565102|4877|3362
23|594|21790716|3901|2426
6|594|21913703|5002|3552
11|594|21890366|4777|3285
13|594|21835788|4918|3538
20|594|21546534|5093|3581
25|594|21722866|4695|3258
2|594|21549931|5038|3443
21|594|21801441|4845|3323
24|594|21707845|5117|3693
19|594|21782377|3997|2558
10|594|21833348|4036|2554
15|594|21998427|4713|3216
30|594|21965161|5201|3674
14|594|21819630|4813|3318
28|594|21981286|5276|3836
27|594|21654370|4923|3430
16|594|21765830|3942|2622
4|594|21731034|4658|3140
29|594|22012574|4562|3005
17|594|21854202|4049|2620
22|594|21711813|4022|2682
26|594|22003121|3697|2416
18|594|21749401|4162|2713
12|594|21857879|4978|3455
3|595|21868393|5040|3791
7|595|21765911|4803|3586
29|595|21485053|4883|3691
0|595|21735706|4669|3375
10|595|21628982|3904|2834
12|595|21351937|4667|3452
26|595|21497085|3836|2632
8|595|21802162|4796|3559
1|595|21766100|4784|3433
5|595|21818088|4748|3410
4|595|21474408|4846|3596
11|595|21719481|4708|3491
14|595|21548271|4673|3587
18|595|21395987|4044|2845
13|595|21711907|4556|3407
17|595|21468668|3821|2599
28|595|21555066|5378|4181
15|595|21608624|5059|4042
27|595|21550217|4959|3682
2|595|21622662|5408|3992
30|595|21601306|5298|3984
31|595|21894111|5062|3902
19|595|21643548|4149|2989
22|595|21469085|3878|2781
23|595|21797966|3913|2701
9|595|21920487|4988|3822
6|595|21708965|4885|3557
20|595|21730656|4976|3761
24|595|21671472|4696|3455
16|595|21550848|3919|2775
25|595|21728600|4703|3561
21|595|21624086|4815|3520
7|596|19355781|4287|3023
4|596|19232739|4167|2899
31|596|19066321|3922|2699
10|596|19369894|3255|2171
25|596|18962697|3850|2825
14|596|19200456|3948|2777
5|596|19254929|4051|2897
12|596|19308828|3879|2679
6|596|18976715|3981|2789
2|596|19053635|4334|3042
11|596|19225944|3863|2741
0|596|19358613|4346|3059
9|596|18998060|4334|3271
24|596|18952545|4240|2983
3|596|19433152|4127|2916
13|596|19145682|3959|2797
28|596|19150284|4221|2975
18|596|19204841|3578|2333
17|596|19166777|3422|2262
19|596|19053393|3530|2363
27|596|19125679|3911|2779
15|596|19142567|4006|2778
20|596|18988647|4211|3051
8|596|19271977|3968|2709
23|596|19037320|3549|2316
29|596|19409523|4156|3028
22|596|19050655|3397|2262
30|596|19109744|3959|2801
16|596|18969493|3206|2230
1|596|19264570|4153|2767
21|596|18974998|3739|2562
26|596|19622541|3256|2161
4|597|18506038|3904|2741
3|597|18315384|4137|2938
8|597|18184380|3723|2479
14|597|18479485|3823|2619
1|597|18084498|3971|2657
9|597|18357713|4393|3178
0|597|18351085|3962|2934
5|597|18456982|4166|3021
21|597|18072989|3716|2461
7|597|18566513|4230|3100
18|597|18286236|3386|2281
27|597|18245832|3870|2642
31|597|18544772|3789|2618
30|597|18126863|4129|2908
28|597|18308349|3920|2614
24|597|18356492|4356|3120
11|597|18406094|4317|3244
13|597|18330991|4012|2821
15|597|18233904|4251|3101
12|597|18459599|4018|2906
17|597|18285477|3401|2294
6|597|18396630|3859|2594
20|597|18212579|4245|3084
29|597|18175326|4076|2894
25|597|18509581|4003|2821
19|597|18275333|3431|2339
22|597|18156545|3477|2314
16|597|18129725|3245|2179
2|597|18431825|4327|2996
10|597|18532206|3596|2340
23|597|18215141|3509|2230
26|597|18141418|3346|2106
1|598|20746360|4481|3196
6|598|20453957|4227|2924
15|598|20538225|4421|3203
3|598|20810626|4598|3310
4|598|20822987|4380|3149
0|598|20713099|4453|3099
8|598|20795748|4415|3131
9|598|20732782|4730|3536
2|598|20335363|4874|3384
12|598|20504177|4531|3188
26|598|20472990|3581|2345
13|598|20539704|4252|3089
10|598|20339991|3795|2507
11|598|20556780|4284|3038
18|598|20660771|3764|2586
20|598|20465374|4506|3264
21|598|20696275|4558|3296
14|598|20802418|4633|3382
24|598|20586948|4867|3626
25|598|20439855|4081|2783
19|598|20424183|3813|2507
5|598|20692072|4373|3056
17|598|20506905|3735|2582
22|598|20410205|3742|2574
23|598|20349018|3638|2526
27|598|20662524|4473|3179
30|598|20635733|4688|3368
31|598|20656609|4343|3143
29|598|20488055|4286|3067
28|598|20645622|4877|3553
7|598|20653473|4279|3093
16|598|20722753|3425|2174
1|599|19222701|4364|3219
0|599|19113660|4406|3330
10|599|19036645|3488|2427
29|599|18786116|4275|3187
7|599|18696402|4344|3124
5|599|18838428|4095|3049
6|599|19205353|4304|3166
3|599|19150635|4245|3150
9|599|19086577|4448|3321
12|599|19059546|4284|3120
4|599|19127685|4519|3373
15|599|19198913|4480|3428
14|599|18939021|4090|2985
20|599|18975317|4449|3381
13|599|19047435|4090|2983
21|599|18963179|4314|3247
24|599|18929631|4256|3102
25|599|18914140|4178|3003
28|599|18744082|4271|3133
27|599|18809286|4462|3306
30|599|18792568|4593|3488
16|599|18717142|3555|2338
8|599|19098254|4250|3089
19|599|18899445|3761|2532
31|599|18786329|3856|2794
22|599|18850380|3596|2508
23|599|18837966|3598|2545
26|599|19095562|3437|2415
11|599|19042723|4245|3074
18|599|19026347|3799|2696
2|599|19068256|4912|3508
17|599|18940460|3532|2369
1|600|21023133|4539|3308
9|600|20891611|4967|3838
22|600|20638435|3788|2737
25|600|20784729|4231|3156
31|600|20698077|4661|3470
12|600|20870193|4463|3458
6|600|20911649|4765|3625
5|600|20937539|4510|3372
7|600|20942145|4479|3303
2|600|20511939|4472|3238
11|600|20558448|4045|3115
13|600|20800365|4371|3176
3|600|20899249|4618|3612
14|600|20840095|4680|3638
21|600|20794201|4428|3362
19|600|20660288|3792|2811
17|600|20530850|3311|2443
20|600|20831383|4814|3744
16|600|20704969|3424|2478
15|600|20867240|4471|3316
18|600|20565798|3639|2548
24|600|20794476|4918|3825
23|600|20631093|3749|2827
0|600|21002453|4764|3674
26|600|20615327|3558|2558
27|600|20756461|4263|3113
28|600|20770399|4945|3771
4|600|20853573|4701|3542
29|600|21018864|4198|3296
30|600|20750163|4953|4023
8|600|20659876|4529|3465
10|600|21136134|3712|2608
1|601|20311034|4342|3114
2|601|20156272|4962|3732
24|601|19990684|4843|3576
30|601|19861298|4314|3199
5|601|20189855|4242|2981
18|601|20019071|3791|2757
3|601|20101700|4432|3293
20|601|20036476|4335|3260
7|601|20186717|4720|3578
8|601|19818997|4082|2997
6|601|20220827|4609|3443
12|601|20237789|4439|3318
13|601|20139724|4309|3233
11|601|20161845|4421|3205
10|601|19806699|3405|2282
16|601|20037522|3507|2334
14|601|20121465|4307|3130
21|601|20106287|4261|3142
0|601|19923537|4102|2983
29|601|19877105|4393|3329
23|601|19985929|3645|2538
19|601|20098192|3749|2628
22|601|20332412|3819|2620
25|601|20307448|4221|3154
31|601|20290305|4639|3324
28|601|19918425|4446|3415
27|601|19944837|4200|2992
26|601|19961684|3653|2512
4|601|19860607|4739|3620
15|601|20055585|4361|3228
9|601|20300984|5094|3841
17|601|20108722|3623|2473
1|602|30417973|4547|3233
7|602|30296306|4628|3317
5|602|30368642|4433|3204
17|602|29970614|3752|2547
22|602|30141292|4154|2815
31|602|30117531|4436|3141
8|602|30272497|4671|3325
11|602|30209414|4495|3159
6|602|30259017|4819|3682
9|602|29933435|4769|3414
12|602|30250813|4462|3231
13|602|30237562|4296|3011
29|602|30339124|4914|3866
15|602|29963053|4623|3446
14|602|30178677|4331|3104
16|602|30202028|3584|2436
10|602|30246582|3808|2570
0|602|30123183|4468|3156
20|602|30391355|4980|3761
18|602|30438757|3887|2717
19|602|30149662|3830|2633
24|602|30475412|4749|3453
25|602|30455564|4080|2847
30|602|30479911|4789|3520
28|602|30106955|4753|3382
21|602|30239608|4321|3032
23|602|30193382|3865|2643
4|602|29957889|4534|3308
26|602|30097618|3594|2363
27|602|30132891|4434|3108
3|602|30317890|4619|3403
2|602|30399648|5065|3855
0|603|30688784|5411|4061
12|603|30851506|5373|3938
20|603|30714274|5814|4410
25|603|30664866|4128|2869
9|603|30864640|5736|4281
11|603|30908884|5614|4186
5|603|31007902|5247|3763
14|603|30785892|5265|3848
3|603|30450840|5474|4253
10|603|30753394|4505|3206
23|603|30724072|4137|2886
4|603|30549959|5297|4026
21|603|30593961|5075|3718
19|603|30681569|4823|3400
6|603|30880156|5355|3959
18|603|30702393|4448|3040
16|603|30784886|4600|3299
17|603|30996886|4686|3404
27|603|30533393|4366|3249
28|603|30637181|5457|4059
8|603|30930862|5561|4063
31|603|30991985|5599|4265
22|603|31003939|4768|3399
26|603|30914007|4000|2697
7|603|31028192|5946|4800
13|603|31056318|5297|4100
15|603|31030875|5397|4006
30|603|30692474|5627|4138
29|603|31294088|3614|2436
2|603|31512199|5847|4533
1|603|32284095|5853|4480
24|603|32170192|5762|4517
1|604|20694190|4532|3399
11|604|21877072|4476|3329
5|604|21870514|3912|2757
14|604|21845728|4173|2876
9|604|21879888|5167|3983
7|604|21518372|5125|3977
0|604|21949447|4614|3391
6|604|21704710|4510|3331
4|604|21740391|4667|3483
15|604|21513008|4610|3426
19|604|21738334|3739|2706
13|604|21532526|4068|2968
20|604|21944376|4953|3718
2|604|20888863|5108|3974
8|604|21625591|4461|3407
21|604|21769037|4417|3234
12|604|21966547|4468|3210
17|604|21668928|3848|2577
23|604|22084186|3644|2436
10|604|21808896|3576|2399
3|604|21798485|4469|3238
16|604|21696967|3578|2401
25|604|21934031|4173|2995
22|604|21588160|3822|2567
28|604|21650825|4742|3535
18|604|21706883|3541|2497
30|604|21520888|4219|3112
26|604|21584639|3426|2294
29|604|21530094|3891|2729
31|604|21644752|5029|3921
27|604|21698423|4235|3067
24|604|20453027|4243|3127
5|605|18754112|4175|3088
8|605|18532204|3982|2680
11|605|18781795|4292|3110
21|605|18537794|4150|2861
28|605|18399384|4509|3294
4|605|18629164|4080|2937
6|605|18647142|4267|2975
2|605|18555759|4491|3428
9|605|18713230|4232|3018
0|605|18655932|4487|3220
1|605|18779118|4361|3121
15|605|18635526|4289|3091
14|605|18761394|4093|2904
12|605|18526317|4139|2932
3|605|18428056|4526|3264
20|605|18592590|4511|3160
13|605|18614337|4092|2915
25|605|18432953|3940|2674
24|605|18277833|4393|3135
10|605|18486751|3580|2393
23|605|18518302|3608|2417
19|605|18640029|3611|2481
30|605|18368015|4429|3185
18|605|18384084|3542|2311
31|605|18321874|4382|3185
7|605|18691149|4151|2949
27|605|18298112|4257|2989
17|605|18567382|3576|2317
26|605|18396888|3509|2306
29|605|18381139|3977|2835
22|605|18585331|3443|2241
16|605|18947015|3363|2216
0|606|19903078|4436|3189
11|606|20077866|4275|3124
12|606|19873165|4129|2985
13|606|19838691|4305|3062
3|606|19898378|4458|3146
6|606|19993113|4280|3114
4|606|19996500|4306|3170
15|606|19991379|4221|2968
14|606|19889869|4207|3118
17|606|19643531|3852|2592
16|606|19569522|3551|2479
10|606|19775911|3486|2402
20|606|19847929|4478|3171
2|606|19949646|4683|3331
21|606|20070008|4264|3199
7|606|19691131|4438|3157
18|606|19726643|3767|2591
24|606|19804191|4513|3272
19|606|19759720|3921|2749
9|606|19938977|4281|3072
23|606|19788346|3762|2557
5|606|20133414|4414|3273
30|606|19760871|4676|3324
28|606|20073171|4695|3428
25|606|19847723|3895|2771
31|606|19735899|4646|3607
22|606|19632016|3721|2571
27|606|19712966|4162|2961
8|606|20079643|4499|3354
29|606|19674915|3932|2827
1|606|19923847|4204|3021
26|606|19730588|3379|2288
2|607|31038696|5675|4151
3|607|31188204|5120|3626
20|607|31107928|6109|4682
6|607|31173822|5932|4410
9|607|30939022|5919|4337
21|607|31133311|6185|4828
7|607|31014230|6314|4781
12|607|31232743|5832|4336
14|607|31146807|5740|4374
19|607|30982908|4817|3369
15|607|31169767|5751|4173
18|607|31023948|4654|3207
10|607|31111125|4772|3366
17|607|31141330|4455|3061
13|607|31245662|5770|4274
16|607|31132271|4753|3376
0|607|31246397|5886|4424
8|607|30889663|5555|4122
5|607|30906410|5875|4316
24|607|31082417|5829|4271
25|607|30977212|5333|3977
31|607|30967612|5704|4192
22|607|30955509|4869|3428
23|607|31065208|4475|3005
27|607|30943834|5477|4150
4|607|31391795|6056|4646
26|607|30967224|4122|2797
30|607|32075995|6182|4659
11|607|32562295|6165|4641
28|607|32211235|6068|4626
1|607|32461650|6115|4652
29|607|32766918|5856|4576
0|608|22834105|4490|3066
19|608|22991196|4070|2714
17|608|22952257|4005|2712
11|608|21836998|4372|3132
23|608|22803219|3956|2592
2|608|23154647|5206|4003
16|608|22880926|3866|2602
15|608|22974941|4678|3310
26|608|22803557|3830|2562
5|608|22802641|4489|3069
12|608|23023845|4584|3268
21|608|23074604|5216|3830
1|608|21475697|4705|3360
4|608|22713864|5216|3846
18|608|22962535|3894|2658
24|608|22817896|5216|3789
9|608|23081820|5059|3620
30|608|21993306|5407|3987
27|608|22734682|4592|3362
13|608|22922723|4684|3415
25|608|22808687|4285|2964
20|608|23145941|5143|3898
7|608|23076098|5409|3986
6|608|23123776|4893|3587
28|608|21863752|5008|3606
29|608|21207899|4732|3492
14|608|23037229|4470|3107
22|608|22787141|4212|2923
3|608|23118977|4833|3475
31|608|22819192|5474|4074
10|608|22928003|3913|2606
8|608|22844266|4776|3337
5|609|23193930|5066|3619
2|609|23269761|5183|3893
19|609|23358544|4347|3070
23|609|23325365|4271|2917
18|609|23157750|4187|2994
9|609|23088998|4741|3455
11|609|23302753|4947|3650
1|609|23146764|4953|3576
7|609|22984028|4921|3547
16|609|23394010|3752|2465
12|609|23204076|4684|3318
15|609|23252903|4801|3446
24|609|23121437|4948|3453
14|609|22939552|4658|3469
13|609|23052389|4575|3360
8|609|22843871|4803|3464
21|609|23200435|5050|3744
25|609|23042003|4467|3209
29|609|22965250|4925|3648
17|609|23354206|3990|2733
0|609|23346803|4645|3225
30|609|23119866|4467|3103
22|609|22936775|4265|2925
28|609|22989493|5061|3623
31|609|22907912|5010|3717
20|609|23042565|4926|3624
3|609|22864502|4697|3261
4|609|23131041|4696|3321
27|609|23118088|4682|3367
26|609|23324597|3723|2578
10|609|22954082|3621|2345
6|609|22973721|4831|3414
8|610|20781609|4305|3034
2|610|21023356|4878|3613
19|610|21044636|3782|2528
23|610|21042035|3896|2596
26|610|20587216|3525|2328
21|610|20840993|4231|2893
10|610|20614318|3343|2229
0|610|20703789|4343|3102
12|610|20884297|4620|3300
11|610|20976489|4582|3392
5|610|21076189|3873|2617
16|610|20928000|4573|3410
20|610|20652487|4416|3226
25|610|20789339|3800|2584
14|610|20852532|4082|2871
24|610|20870862|4638|3209
15|610|20881335|4371|3238
30|610|20726319|4400|3193
13|610|20843834|4265|3036
3|610|20597633|4557|3280
22|610|20716023|3646|2597
31|610|20692425|4555|3233
7|610|20914474|4669|3346
29|610|20796085|4218|2996
27|610|20616968|4224|2992
18|610|21052483|3954|2671
17|610|20785377|3601|2378
6|610|20498759|4411|3161
28|610|20725472|4223|3024
4|610|20588885|4482|3241
9|610|21059856|3710|2523
1|610|20951784|4415|3250
5|611|20125526|4149|2806
1|611|19788481|4438|3097
8|611|20312810|4337|3059
3|611|19974618|4021|2812
12|611|20211882|4329|3105
31|611|19994612|3976|2800
25|611|20151939|3918|2823
19|611|20354215|3745|2429
23|611|20376367|3521|2375
29|611|19962189|3855|2513
4|611|19829007|4186|3033
21|611|20265673|4270|3071
28|611|19897916|4110|2896
7|611|19938058|4125|2952
2|611|20335845|4559|3372
24|611|20104801|4551|3036
13|611|20061872|3765|2637
15|611|20096335|4379|3059
16|611|20182158|3852|2565
20|611|20188999|4400|3179
6|611|19869608|4182|2832
14|611|20146352|4015|2848
27|611|19994794|4077|2770
0|611|20180909|4036|2705
9|611|19900041|3491|2214
18|611|19986846|3392|2217
30|611|20119513|4369|3016
17|611|19986469|3543|2321
22|611|20079615|3583|2333
11|611|20180010|4389|3186
10|611|20327416|3436|2125
26|611|20417684|3389|2240
1|612|20337777|4483|3224
2|612|20124580|4679|3381
15|612|20106590|4844|3628
17|612|19954430|3746|2478
28|612|20208056|4813|3430
29|612|20289361|4133|2949
9|612|19983250|3746|2488
6|612|20050200|4461|3279
3|612|20335369|4517|3180
12|612|20326183|4094|2808
8|612|20370089|4536|3246
10|612|19889894|3457|2353
0|612|19984412|4416|3168
20|612|20083082|4446|3169
14|612|20054115|4372|3261
19|612|20282025|3845|2623
24|612|20149561|4703|3309
13|612|20136885|4483|3166
18|612|19994107|3883|2558
5|612|20403393|4610|3318
4|612|20197231|4572|3354
16|612|20100276|4293|2995
30|612|19988550|4561|3230
21|612|20229447|4365|3046
11|612|19898007|4140|2843
26|612|19908050|3479|2267
27|612|20071880|3898|2696
25|612|20340997|4082|2837
31|612|20351000|4704|3563
7|612|20156402|4522|3205
23|612|20342280|3736|2602
22|612|20078073|3948|2634
5|613|19110364|4090|2701
12|613|19298631|4088|2780
18|613|19163274|3756|2377
25|613|19043442|4093|2823
3|613|19314969|4469|3180
17|613|19514823|3630|2280
11|613|19048534|4058|2708
6|613|19351649|4274|2953
20|613|19236074|4499|3301
8|613|19288396|4272|2995
9|613|19372154|3585|2339
19|613|19205241|3632|2293
4|613|19122885|4275|2899
13|613|19178141|4219|2892
28|613|19421622|4322|3009
14|613|19234687|3874|2572
29|613|19411604|3892|2561
27|613|19027827|4354|3025
0|613|19267336|4310|2986
30|613|19100106|4484|3150
24|613|19202487|4582|3268
15|613|19467526|4383|3076
21|613|19088917|4009|2774
16|613|19121790|3981|2556
10|613|19296078|3370|2213
7|613|18952321|4198|2848
23|613|18985292|3535|2273
31|613|19017974|4246|2841
26|613|19078243|3521|2339
22|613|19003995|3609|2331
1|613|19477730|4268|2918
2|613|19453860|4523|3130
4|614|23238831|5146|3629
18|614|23441022|4483|3089
28|614|23273682|5467|3886
1|614|22949237|4603|3204
10|614|23165234|4248|2688
14|614|23212787|4984|3544
11|614|23376925|5063|3448
19|614|23418330|4327|2842
9|614|23295643|4346|2841
7|614|23059105|5222|3660
3|614|23412967|5056|3509
2|614|22958045|5876|4238
24|614|23147320|4829|3405
13|614|23255079|5070|3629
0|614|23146180|5123|3612
21|614|23123968|4785|3309
22|614|23001340|4481|2950
8|614|23336066|5251|3747
25|614|23450872|4994|3586
15|614|23154276|4969|3347
12|614|23497471|5267|3811
26|614|23044314|3588|2375
27|614|23234258|4349|3006
20|614|23378897|5419|3897
30|614|23199635|5440|3918
5|614|23471112|5092|3417
29|614|23252628|5111|3495
31|614|23073380|5337|3851
17|614|23881426|4160|2587
16|614|23087663|5142|3522
23|614|23218801|4071|2611
6|614|23332583|5365|3904
4|615|21841817|4620|3231
16|615|21372646|4865|3375
7|615|21678344|4504|3210
3|615|21663991|4588|3214
8|615|21551671|4256|2937
23|615|21446388|3717|2400
6|615|21322184|4317|2971
0|615|21608104|4526|3262
12|615|21503168|4456|3095
2|615|21653832|5036|3687
13|615|21631652|4203|2842
5|615|21425127|4485|3065
15|615|21532671|4310|3036
24|615|21658398|4888|3472
20|615|21463933|4984|3514
28|615|21824069|4630|3219
1|615|21770364|4748|3398
21|615|21614159|4263|2931
14|615|21772670|4178|2799
29|615|21419892|4383|3043
25|615|21566471|3976|2752
27|615|21491321|3949|2722
30|615|21460643|5027|3497
9|615|21736978|3930|2636
31|615|21421105|4565|3161
18|615|21878255|4031|2753
19|615|21771871|3814|2519
10|615|21818365|3852|2673
22|615|21628642|4186|2847
26|615|21586841|3443|2170
17|615|21481856|3919|2520
11|615|21731485|4632|3077
3|616|20567504|4409|3002
11|616|20145538|4203|2697
21|616|20390864|4347|2986
15|616|20476615|4369|3070
7|616|20602680|4592|3177
1|616|20387596|4553|3162
12|616|20515999|4032|2741
4|616|20668500|4568|3204
0|616|20532782|4538|3334
8|616|20587078|4548|3176
2|616|20478313|4883|3540
24|616|20453600|4461|3063
10|616|20230573|3768|2466
9|616|20294791|3818|2542
19|616|20246969|3726|2539
6|616|20533565|4370|3128
14|616|20380036|4258|2952
13|616|20514925|4339|2958
25|616|20359654|3990|2660
5|616|20454356|4374|3088
27|616|20343651|4199|2898
31|616|20291175|4778|3392
28|616|20444771|4531|3303
17|616|20186908|3795|2396
30|616|20328267|4635|3292
20|616|20454063|4543|3141
18|616|20283131|3724|2524
22|616|20237937|3859|2600
16|616|20670458|4507|3206
29|616|20388261|4326|2952
23|616|20611976|3862|2604
26|616|20238126|3411|2141
6|617|18937919|4099|2847
25|617|18920082|3588|2391
12|617|19119668|4061|2928
13|617|18967642|4212|3004
29|617|18794795|3975|2861
7|617|19125604|4641|3402
3|617|19208149|4191|2970
8|617|19052638|3939|2767
18|617|18908113|3412|2312
15|617|19162143|3992|2882
19|617|19127107|3497|2328
24|617|19024734|4619|3260
11|617|19174975|4048|2889
20|617|18817948|4813|3527
16|617|18783340|4013|2732
21|617|19212522|4070|2922
28|617|18888060|4107|2872
5|617|18885156|4154|2955
27|617|18920400|4051|2795
31|617|18907678|4439|3126
9|617|19029310|3545|2368
0|617|19058912|4293|3126
14|617|18991138|4089|3002
10|617|19371699|3440|2160
1|617|19108661|4172|2949
26|617|18775492|3139|2116
23|617|18850884|3803|2543
4|617|19083974|4089|2948
22|617|18932105|3503|2303
2|617|19039622|4558|3295
30|617|18871911|4425|3269
17|617|19281434|3450|2289
1|618|18344676|3858|2842
4|618|18292336|3878|2862
18|618|18639264|3473|2457
31|618|18501621|3947|2832
2|618|18261506|4167|2992
0|618|18399644|3974|2996
10|618|18492863|3238|2194
8|618|18645586|3948|2896
14|618|18400121|3974|2902
7|618|18700319|4299|3274
17|618|18426671|3347|2311
16|618|18539019|4092|2887
9|618|18439999|3315|2379
22|618|18306040|3415|2351
28|618|18512928|4306|3276
3|618|18643991|3829|2694
21|618|18533376|4011|2867
24|618|18601309|4272|3055
23|618|18355003|3331|2237
25|618|18760136|3917|2717
12|618|18750861|3743|2734
20|618|18572664|4266|3121
26|618|18377796|3152|2161
29|618|18744019|4079|3011
27|618|18499804|4143|3033
15|618|18646323|4221|3072
19|618|18629927|3645|2687
30|618|18311593|3916|2889
5|618|18461306|4134|2951
13|618|18776979|4369|3322
6|618|18752338|4192|3036
11|618|18568125|4114|2956
1|619|18260106|4042|2923
5|619|17779845|4013|2887
6|619|17760473|3954|2850
17|619|18102087|3997|2941
28|619|18069023|4285|3134
8|619|18126401|4132|3042
3|619|17989003|4016|2989
9|619|18056879|3414|2348
11|619|17752415|4060|2905
23|619|18107197|3516|2314
7|619|18109859|4171|3162
13|619|17783979|4044|2985
12|619|17932936|3788|2660
14|619|18130104|3900|2790
16|619|18083649|4119|2820
21|619|18012010|4047|2837
20|619|17925968|4577|3307
15|619|17865801|4340|3238
25|619|17966538|3669|2553
19|619|17849407|3243|2386
0|619|18144031|3964|2894
18|619|18254932|3455|2481
27|619|17891094|3990|2744
29|619|17907645|3716|2562
24|619|18006532|3595|2567
30|619|17847096|4028|3014
22|619|18068940|3353|2414
2|619|18167225|4425|3284
31|619|18248128|4288|3251
10|619|18212907|3318|2299
4|619|18233748|4349|3286
26|619|18155292|3132|2107
1|620|18580672|4196|2975
7|620|18403715|4289|3072
25|620|18302240|3835|2564
3|620|18473130|4289|3073
9|620|18513671|3533|2310
0|620|18236706|4247|2933
10|620|18104641|3961|2685
5|620|18595374|4188|2953
21|620|18341550|4009|2758
20|620|18468335|3759|2469
13|620|18409622|4194|2883
6|620|18582391|4013|2673
16|620|18369881|4335|2871
15|620|18325504|4313|3071
17|620|18564263|4505|3274
4|620|18070970|4268|3004
11|620|18466416|4232|2781
23|620|18451188|3655|2390
24|620|18210519|3575|2339
26|620|18370848|3499|2195
29|620|18235110|4234|2955
28|620|18562552|4410|3158
8|620|18547606|4279|2937
30|620|18202800|4509|3212
14|620|18395315|4295|2970
12|620|18413221|4005|2676
27|620|18262094|3918|2689
31|620|18171026|4150|2883
2|620|18135807|4320|3147
19|620|18397031|3423|2402
18|620|18246050|3562|2366
22|620|18178091|3435|2338
3|621|18694423|3858|2718
0|621|18675913|4012|2830
4|621|18531110|4095|2869
12|621|18381093|3793|2623
27|621|18373413|3385|2321
15|621|18549318|4345|3175
13|621|18593314|3937|2743
5|621|18646492|4080|2840
11|621|18512411|3888|2717
2|621|18298387|4343|3193
21|621|18636288|4076|2812
9|621|18700123|3484|2282
14|621|18394386|3705|2620
10|621|18672707|3828|2724
20|621|18626964|3496|2189
1|621|18769741|4073|2869
17|621|18557550|3860|2801
6|621|18599356|4134|2939
19|621|18321984|3559|2318
7|621|18745523|4105|2915
24|621|18502837|3401|2300
31|621|18361442|4095|2747
28|621|18459396|4221|3025
30|621|18427103|4161|2948
25|621|18769546|3676|2519
29|621|18479225|3692|2487
8|621|18407790|4085|2816
26|621|18495942|3122|2019
22|621|18316070|3393|2357
16|621|18613453|3727|2551
18|621|18394870|3347|2224
23|621|18630317|3376|2223
5|622|22510186|5093|3809
11|622|22507730|4707|3406
0|622|22634390|4906|3554
24|622|22336937|4107|2939
18|622|22173175|4165|2845
1|622|22382846|4681|3311
17|622|22381532|4944|3610
4|622|22628281|4940|3612
8|622|22209443|4728|3346
7|622|22329392|5123|3832
2|622|22485341|5499|4083
13|622|22561432|4746|3513
14|622|22458565|4730|3490
10|622|22447973|4916|3694
21|622|22502105|4663|3356
16|622|22149726|4692|3473
20|622|22438733|4324|2980
15|622|22591644|5126|3776
12|622|22642569|4888|3568
25|622|22267174|4160|2841
19|622|22366808|4235|3012
29|622|22253596|4516|3116
30|622|22290239|5295|3964
31|622|22322155|4834|3432
6|622|22350051|4988|3748
28|622|22312282|5220|3936
9|622|22500963|4022|2810
27|622|22641650|5021|3681
26|622|22241419|3805|2535
23|622|22158169|4039|2790
22|622|22231961|4025|2696
3|622|22642932|4632|3360
1|623|19887995|3858|2849
0|623|19954900|4257|3346
15|623|19724693|4151|2994
30|623|19659941|4339|3220
31|623|19652557|4097|3011
8|623|19855440|4170|3117
5|623|20005031|4207|3145
11|623|19999120|4147|3054
22|623|19610293|3362|2367
18|623|20068301|3582|2532
20|623|19868006|3457|2385
21|623|19776473|4005|2971
16|623|19759266|4241|3071
19|623|19841862|3340|2459
6|623|19612574|3944|2895
25|623|19703784|3399|2288
13|623|19827941|4279|3190
23|623|19756003|3545|2353
17|623|19933025|3978|2935
10|623|19808630|4223|3243
3|623|19460759|3688|2750
2|623|19802975|4008|2810
14|623|19846515|4167|3294
28|623|19635491|4178|3190
29|623|19699090|4102|2891
26|623|19598115|3013|2113
7|623|19827275|4241|3125
9|623|19552766|3269|2326
24|623|20083137|3545|2480
4|623|19859567|3958|2860
12|623|19715024|3755|2580
27|623|19566787|3743|2731
2|624|21594539|4520|3258
12|624|21487416|4169|2828
23|624|21703210|3814|2468
29|624|21622928|4407|3095
3|624|21634856|4304|3138
0|624|21928009|4465|3183
4|624|21493118|4486|3240
7|624|21551710|4703|3479
5|624|21849590|4778|3389
10|624|21662853|4484|3224
11|624|21816056|4329|3025
18|624|21986039|3569|2292
8|624|21870715|4509|3160
6|624|21747542|4300|3073
19|624|21765274|3940|2625
17|624|21686746|4714|3517
13|624|21719161|4445|3064
14|624|21628422|4177|3073
20|624|21818224|3661|2510
16|624|21785902|4125|2851
30|624|21922898|4873|3565
22|624|21836489|3613|2401
26|624|21600223|3570|2383
28|624|21630818|4681|3331
1|624|21955562|4481|3155
21|624|21814940|4364|3167
27|624|21513081|4572|3266
31|624|21922509|4798|3484
15|624|21901174|4413|3227
25|624|21764195|4084|2821
9|624|21540616|3783|2521
24|624|21956856|3688|2292
4|625|17832885|4234|2973
16|625|17646691|3717|2556
22|625|17639745|3293|2113
28|625|17621325|4014|2795
2|625|17951543|4027|2789
8|625|17744598|3718|2473
23|625|18024173|3258|2081
26|625|17710029|2941|1975
21|625|17545616|3694|2476
14|625|17675091|3509|2298
20|625|17818012|3314|2116
19|625|17723548|3181|2115
11|625|17793078|3731|2647
9|625|17667988|3380|2115
6|625|17717037|4006|2779
10|625|17816541|3884|2641
17|625|17725365|3902|2713
15|625|17520171|3859|2656
13|625|17709354|3847|2588
18|625|17791660|3298|2131
31|625|17538720|3849|2683
29|625|17923742|4033|2752
24|625|17482050|3254|2037
7|625|17815730|3833|2629
27|625|17570494|3781|2589
0|625|17845745|3863|2587
30|625|17680776|4169|2874
3|625|17862972|3920|2637
5|625|17813859|3959|2658
25|625|17607161|3529|2256
1|625|17563180|3761|2556
12|625|17946255|3589|2480
5|626|17371097|4171|2801
7|626|17468263|3816|2558
8|626|17758716|3948|2723
0|626|17456863|4023|2810
29|626|17554011|4097|2857
24|626|17562317|3344|2242
16|626|17919691|4262|3005
3|626|17423127|4323|2970
12|626|17367285|3836|2594
4|626|17865943|4215|2957
9|626|17786654|3513|2254
10|626|17622049|4087|2849
20|626|17699381|3418|2284
11|626|17668888|3822|2681
17|626|17612498|4064|2846
19|626|17686474|3293|2201
21|626|17735608|4145|2979
22|626|17838097|3269|2273
23|626|17777016|3572|2533
28|626|17829910|4092|3021
30|626|17471946|4251|3081
6|626|17605076|3881|2532
14|626|17740619|3737|2566
18|626|17889830|3507|2285
13|626|17606084|3972|2717
26|626|17780343|3330|2213
25|626|17431508|3802|2562
27|626|17516791|3813|2720
15|626|17580411|3783|2659
2|626|17778811|4424|3161
1|626|17350853|3942|2576
31|626|17572915|4043|2821
6|627|23311719|4708|3585
2|627|23206653|5176|3864
23|627|23408762|4250|3075
28|627|23407435|5023|3826
11|627|23450197|5118|3780
7|627|23659836|4953|3660
4|627|23512110|4903|3679
14|627|23320986|4647|3389
10|627|23489021|4917|3626
8|627|23657059|5256|4074
5|627|23684645|5053|3645
12|627|23538807|4735|3428
3|627|23524778|5098|3718
27|627|23249252|3997|2723
13|627|23300873|4709|3323
25|627|23271790|4610|3173
15|627|23238832|5241|3944
24|627|23593719|3969|2785
21|627|23430992|4448|3138
18|627|23331378|4061|2840
19|627|23446309|4013|2721
9|627|23513098|4518|3246
22|627|23416261|4077|2818
16|627|23583894|4689|3416
30|627|23375592|4905|3547
1|627|23177166|4718|3323
31|627|23220923|5410|4151
29|627|23649169|4999|3775
0|627|23616796|4854|3533
17|627|23504204|5486|4112
20|627|23540158|3959|2645
26|627|23433678|3759|2477
1|628|18026425|3752|2885
2|628|18450474|4068|3047
17|628|18005877|3662|2651
9|628|18154775|3627|2319
5|628|18274302|4018|2988
0|628|17989660|3593|2731
8|628|18298540|3806|2871
7|628|18384989|3552|2688
21|628|18294653|3956|2765
22|628|18237386|4071|2812
10|628|18321475|4008|2968
13|628|18238857|3951|2942
12|628|18285765|3971|3175
26|628|18155008|3019|2204
3|628|18246729|3950|2796
15|628|18218851|4276|3334
14|628|18362675|3917|2979
25|628|18485962|3828|2621
11|628|18400794|4056|3094
30|628|18213739|4370|3400
4|628|18340164|4023|3156
27|628|18391828|3903|2947
29|628|18181998|3148|2266
23|628|18614117|4077|3116
31|628|18198914|4064|2995
28|628|18607953|4366|3429
20|628|18143131|2919|2138
24|628|18359884|3401|2432
16|628|18100665|3726|2676
19|628|18353341|3052|2092
18|628|18404457|3218|2299
6|628|18478662|4090|3060
3|629|20587783|4752|3644
2|629|20825136|5017|3890
23|629|20497282|5110|3961
24|629|20446367|3751|2635
28|629|20489687|4635|3445
14|629|20567317|4250|3132
11|629|20541473|4320|3213
7|629|20715251|4921|3724
0|629|20759285|4904|3725
13|629|20665207|4555|3425
1|629|20839576|4869|3782
4|629|20508483|4612|3482
10|629|20689611|4732|3648
15|629|20606033|4786|3680
20|629|20433708|3926|2736
12|629|20661061|4300|3241
29|629|20501283|4642|3567
22|629|20712526|4920|3758
9|629|20811190|3809|2637
16|629|20414523|4331|3101
18|629|20385175|3873|2711
21|629|20729839|4833|3677
27|629|20524949|4646|3429
19|629|20413405|3877|2800
5|629|20759514|4576|3299
6|629|20332062|4632|3480
17|629|20849279|4349|3045
25|629|20615014|4220|2925
8|629|20732543|4092|2958
31|629|20517216|4516|3395
30|629|20598129|4639|3373
26|629|20861090|3587|2398
2|630|20702207|4934|3594
4|630|20561175|4662|3328
21|630|20406741|4166|2757
5|630|20318034|4397|3029
9|630|20437769|3831|2549
0|630|20606448|4833|3511
7|630|20631299|4762|3239
11|630|20651474|4430|3090
1|630|20582748|4393|3042
14|630|20669937|4358|2978
3|630|20748067|4610|3252
10|630|20549852|4581|3366
16|630|20441991|4566|3194
22|630|20478272|4586|3036
12|630|20513363|4313|2979
20|630|20534047|3945|2656
17|630|20311790|4303|2907
13|630|20615243|4532|3178
8|630|20271926|4173|2999
15|630|20553159|4694|3231
30|630|20248449|4162|2797
25|630|20308069|4009|2754
23|630|20761345|4918|3614
19|630|20385541|3885|2630
6|630|20298364|4442|3174
28|630|20742743|5035|3591
29|630|20527054|4540|3180
31|630|20293170|4608|3234
24|630|20776393|3669|2404
27|630|20434991|4558|3239
18|630|20534599|3676|2370
26|630|20646105|3658|2332
1|631|20405395|4201|2991
7|631|20457590|4618|3298
11|631|20463302|4603|3325
21|631|20577161|4437|3288
9|631|20564026|3622|2509
0|631|20485574|4455|3302
16|631|20370241|4372|3096
4|631|20567371|4810|3438
2|631|20593116|5070|3954
8|631|20244168|3974|2654
10|631|20378040|4149|2911
13|631|20296737|4319|3077
14|631|20431711|4396|3242
12|631|20355112|4341|3068
22|631|20372794|4461|3285
23|631|20223228|4510|3310
24|631|20126310|3692|2364
18|631|20084169|3645|2419
17|631|20327716|4536|3212
25|631|20244911|4157|2948
15|631|20271672|4620|3446
19|631|20208998|3826|2583
20|631|20350349|3752|2631
5|631|20507629|4466|3233
6|631|20149393|4286|2970
27|631|20129621|4081|2963
31|631|20168926|4724|3608
29|631|20185535|4661|3393
30|631|20286636|4723|3559
28|631|20206953|4594|3273
26|631|20109569|3395|2309
3|631|20386871|4121|2829
5|632|19767900|4368|3010
10|632|19988323|4578|3437
22|632|19950261|4675|3411
25|632|19888471|4200|2981
1|632|20157239|4683|3452
9|632|20191366|3852|2557
8|632|20006732|4558|3377
2|632|20005039|4837|3495
11|632|20140422|4502|3276
24|632|20068105|3875|2461
7|632|20152457|4690|3382
12|632|19950735|4368|3144
16|632|20072859|4628|3381
21|632|20129123|4474|3086
15|632|19854493|4697|3499
6|632|19800055|4245|2894
23|632|19936901|4780|3430
13|632|20004585|4509|3332
20|632|19839980|3512|2414
4|632|20023133|4812|3482
26|632|20048886|3402|2261
0|632|20055613|4836|3518
31|632|19797004|4450|3192
28|632|19751293|4278|2980
17|632|19919613|4276|2981
19|632|19872552|3655|2517
29|632|19793850|4454|3164
30|632|19794662|4379|3232
27|632|19845614|4466|3061
3|632|19660811|4836|3519
14|632|19960737|4575|3314
18|632|19924353|3650|2522
1|633|26709302|5067|3621
6|633|26530957|4522|3258
23|633|26538197|5216|3829
4|633|26455439|5053|3537
3|633|26293543|5508|4184
0|633|26423684|5301|3881
2|633|26675492|5622|4276
5|633|26834696|5621|4155
12|633|26603078|5696|4267
10|633|26806112|5342|3978
7|633|26606438|5389|3918
17|633|26398360|5155|3720
11|633|26672903|5423|4174
13|633|26509442|5231|3879
19|633|26381788|4609|3225
15|633|26567844|5638|4274
16|633|26602596|5175|3815
14|633|26305772|5257|3751
22|633|26813793|5674|4182
24|633|26974045|4456|2883
20|633|26508034|4493|3270
18|633|26295311|4432|3024
27|633|26345005|5412|3936
21|633|26595831|5068|3664
28|633|26432404|5540|4025
8|633|26689265|5226|3852
29|633|26385376|5663|4202
25|633|26801744|4752|3388
30|633|26372339|5196|3882
31|633|26454727|5366|3870
26|633|26510794|4453|3053
9|633|26739508|4210|2793
5|634|21810076|4852|3520
11|634|21743112|4416|3219
14|634|21674827|4083|2830
21|634|21583624|4810|3475
0|634|21849137|4720|3426
7|634|21767153|4756|3435
6|634|21937835|4533|3268
2|634|21843163|5023|3721
10|634|21792617|4836|3611
1|634|21957215|4799|3535
3|634|21879691|4739|3523
8|634|21518865|4430|3233
12|634|21824461|4576|3245
13|634|21743910|4581|3299
9|634|21445282|3742|2517
17|634|21779635|4319|3114
22|634|21667642|4943|3809
15|634|21717576|4889|3648
19|634|21734759|3813|2626
23|634|21950191|4566|3360
16|634|21700959|4005|2764
18|634|21627028|3823|2596
24|634|21663870|3941|2717
25|634|21524329|4465|3183
27|634|21616276|4559|3249
30|634|21510663|4846|3502
31|634|21492506|4822|3647
4|634|21876139|4763|3473
28|634|21589513|3837|2615
29|634|21560870|4594|3352
26|634|21495681|3635|2450
20|634|21774914|3775|2511
1|635|19045152|4181|3019
5|635|19222252|4017|2840
2|635|19093179|4632|3391
24|635|18898435|3409|2299
17|635|19010155|4292|3186
31|635|18863771|4061|2990
8|635|19032514|4094|2979
4|635|18793825|3879|2729
9|635|19102899|3663|2319
6|635|19125489|4296|3118
13|635|19017202|4092|2906
10|635|19096294|4446|3292
11|635|19223565|4030|2971
15|635|18962451|4220|3161
16|635|18920873|3464|2371
14|635|19217641|4361|3247
18|635|18906131|3448|2348
22|635|18981858|4271|3216
23|635|18940648|4414|3191
21|635|19199081|4409|2943
19|635|18959552|3470|2323
30|635|18852614|4408|3280
20|635|18738502|3280|2207
0|635|19152597|4223|3099
25|635|18898642|4043|2841
3|635|19050403|3961|2810
28|635|18807372|3264|2138
26|635|18771918|3345|2335
27|635|18885224|4266|3297
29|635|18795100|4446|3377
7|635|19137597|4037|2786
12|635|19027088|4148|2931
1|636|19669126|4084|2876
0|636|19295590|4501|3234
8|636|19602120|4108|2940
12|636|19208418|4612|3404
2|636|19645243|5005|3695
30|636|19401308|4888|3749
28|636|19331092|3473|2430
10|636|19515155|4400|3254
11|636|19502042|4353|3368
3|636|19277541|4035|2918
13|636|19537361|4382|3359
9|636|19570048|3787|2541
15|636|19499823|4455|3179
17|636|19653515|4077|2994
14|636|19471195|4273|3172
4|636|19599624|4329|3237
5|636|19672750|4321|3170
22|636|19444865|4202|3068
21|636|19414748|4284|3083
18|636|19459325|3417|2371
19|636|19400179|3456|2400
24|636|19683669|3841|2720
23|636|19434664|4728|3527
20|636|19372348|3726|2601
25|636|19348220|4500|3380
27|636|19291563|4227|3238
6|636|19543514|4400|3206
29|636|19279373|4106|3048
31|636|19674034|4730|3641
26|636|19310727|3371|2315
7|636|19211477|4519|3377
16|636|19637389|3321|2234
7|637|18222771|4074|3046
1|637|18725275|4302|3383
5|637|18474927|3906|2954
21|637|18442174|4075|3110
0|637|18686396|4263|3146
4|637|18463821|4535|3676
6|637|18296435|4127|3055
3|637|18575334|4257|3265
12|637|18675449|3861|2845
13|637|18564709|4044|3069
15|637|18540846|4121|3150
17|637|18518080|3737|2847
22|637|18451915|4636|3707
8|637|18671205|3809|2816
23|637|18376811|4355|3249
14|637|18509446|4100|3028
9|637|18562452|3231|2289
10|637|18629919|4201|3121
11|637|18584186|3916|2903
25|637|18351417|4059|3001
20|637|18373507|3133|2323
2|637|18639666|4180|3096
29|637|18323205|4284|3322
30|637|18677719|4318|3301
31|637|18314423|3900|2959
26|637|18300298|3355|2400
27|637|18360452|3976|3034
24|637|18427565|3250|2383
19|637|18447145|3420|2438
28|637|18708432|2922|2097
18|637|18492642|3567|2598
16|637|18576855|3102|2174
1|638|18316277|3957|3010
0|638|18264753|3928|2928
13|638|18191452|4272|3269
9|638|18050012|3236|2273
5|638|18315310|4026|3038
26|638|17955133|3175|2133
2|638|17955393|4129|3058
6|638|18242450|3975|2870
12|638|18207064|4233|3279
11|638|18018083|3851|2816
10|638|18037360|4192|3259
14|638|18072568|3873|2794
8|638|18094164|3839|2794
4|638|18250718|4083|3099
21|638|18313751|3985|3049
15|638|18174406|4195|3243
18|638|17816002|3389|2391
19|638|17850583|3309|2496
28|638|18090085|3123|2089
16|638|17804960|3172|2205
22|638|18146300|4033|3096
23|638|18109347|4037|2951
7|638|18342664|4323|3412
27|638|17897260|3783|2710
29|638|17975373|3896|2774
30|638|17959277|4235|3128
31|638|17944501|3994|3134
17|638|18174539|4056|3094
24|638|17891329|3411|2344
25|638|18037643|3808|2801
3|638|18207498|3900|2928
20|638|17998870|3081|2154
1|639|21914367|4922|3468
11|639|21767882|5048|3687
4|639|21708070|4706|3339
29|639|21584573|5185|3829
2|639|21829986|5297|3946
0|639|21915321|5196|3771
14|639|21745116|5086|3693
6|639|21799590|5085|3692
3|639|21457704|4962|3488
8|639|21722218|5268|3801
17|639|21513011|5080|3637
7|639|21587001|4783|3365
12|639|21798607|4599|3170
13|639|21899927|4644|3178
21|639|21714441|5196|3731
10|639|21776998|4683|3320
9|639|21895347|4252|2852
15|639|21694575|5374|3913
26|639|22145810|4190|2708
18|639|21696070|4089|2701
30|639|21564090|5212|3892
19|639|21689158|4308|2909
20|639|21471082|3889|2549
27|639|21602618|5078|3673
5|639|21839462|4857|3429
22|639|21650514|5127|3651
24|639|21530986|4195|2727
31|639|21567453|5177|3923
16|639|21672373|4066|2690
25|639|21529202|4478|3003
28|639|21754804|3942|2561
23|639|21607246|5337|3868
0|640|24322073|5048|3663
15|640|24158965|4978|3509
9|640|24202222|4230|2848
16|640|24019838|3918|2649
18|640|24181075|4171|2777
6|640|24293065|5132|3727
1|640|24447649|5268|3795
2|640|24352441|5309|3928
11|640|24443860|5246|3856
8|640|24275542|4807|3474
10|640|24185672|4910|3569
13|640|24222295|5062|3664
23|640|23928871|5331|3870
4|640|24389508|4934|3489
14|640|24342920|4990|3520
22|640|24046653|5266|3801
21|640|24220417|5112|3587
12|640|24256076|4794|3334
20|640|24106289|4112|2720
17|640|24288942|5018|3541
30|640|24148535|5270|3870
29|640|24431754|4995|3475
19|640|24134618|4247|2823
27|640|24105818|4756|3492
24|640|24050031|4278|2881
3|640|24268597|5149|3604
31|640|24035478|4964|3420
25|640|24001572|4733|3260
7|640|24223402|5458|4060
5|640|24027948|4996|3505
26|640|24223652|4196|2719
28|640|24133385|3650|2309
4|641|19275996|4135|3045
11|641|19384383|4054|2720
12|641|19239666|3613|2429
7|641|18999802|3934|2815
15|641|19536424|4697|3543
28|641|19028677|3221|2000
19|641|19214413|3462|2216
0|641|19494511|4049|2735
26|641|19085061|3410|2137
2|641|19412942|4234|2985
21|641|19264147|4040|2639
14|641|19307851|4099|2767
5|641|18993464|4073|2763
9|641|19506973|3508|2348
20|641|19233886|3533|2221
1|641|19455163|4183|2972
24|641|19121456|3536|2226
13|641|19371054|4067|2831
18|641|19508409|3516|2334
16|641|19517115|3246|2166
22|641|19315661|4080|2984
8|641|19367017|3995|2687
30|641|19225440|4201|3028
23|641|19373333|3957|2644
27|641|19176239|4080|2723
29|641|19217843|4061|2834
25|641|19096430|3812|2638
31|641|19121258|4103|2961
6|641|19438503|4065|2920
17|641|19275773|4241|2986
3|641|19072511|4171|2996
10|641|19362742|3987|2796
7|642|23463010|5006|3532
1|642|23283596|4815|3477
9|642|23337111|4093|2798
24|642|23306312|4082|2715
2|642|23392867|5019|3614
11|642|23513343|4381|3004
8|642|23173995|4608|3298
10|642|23019771|4719|3342
4|642|23518126|5018|3616
3|642|23040482|4644|3239
17|642|23060497|4661|3305
22|642|23205455|5267|3881
12|642|23499967|4396|2987
5|642|23337926|4642|3252
14|642|23378934|4810|3426
15|642|23464018|4912|3520
30|642|23177157|4865|3470
25|642|23114113|4285|2834
19|642|23453707|3783|2540
23|642|23166870|4816|3343
0|642|23408766|4761|3298
29|642|23136359|4656|3365
18|642|23249781|3976|2673
16|642|23235774|3687|2429
31|642|23106975|4827|3468
13|642|23277398|4606|3305
26|642|23440070|3958|2556
21|642|23415281|4867|3454
28|642|23484233|3676|2355
27|642|23168683|4589|3144
6|642|23057946|4628|3197
20|642|23372369|3759|2467
2|643|21877731|5008|3417
12|643|21751191|4243|2810
22|643|21784425|5065|3480
27|643|21453718|4647|3099
1|643|21949847|4571|3059
7|643|21964101|5303|3744
8|643|21855070|4337|2840
4|643|21802924|4641|3182
0|643|21599591|4605|3066
3|643|21791623|4830|3258
13|643|21512670|4716|3169
11|643|21883357|4344|3060
23|643|21631501|4733|3135
14|643|21725153|4547|3148
21|643|21481131|4312|2857
9|643|21947061|4170|2677
6|643|21387968|4367|2909
15|643|21713965|4917|3524
17|643|21795363|4905|3429
30|643|21703525|5100|3657
25|643|21679004|4150|2703
5|643|21716069|4584|2975
20|643|21418216|4062|2584
29|643|21615184|4625|3106
31|643|21559222|4911|3351
24|643|21949676|4010|2576
16|643|21580602|3861|2475
19|643|21675056|4131|2666
18|643|21597564|3977|2552
10|643|21832015|4832|3382
28|643|21478725|3814|2338
26|643|21558481|3953|2459
5|644|17609013|3878|2692
4|644|17850096|3964|2810
25|644|17657790|3764|2558
12|644|17985932|3958|2844
6|644|17744536|4096|2919
16|644|17600084|3244|2159
2|644|17985177|4217|3191
15|644|17700356|3783|2661
9|644|17732768|3490|2358
11|644|17803362|3165|2156
28|644|17623774|3007|2078
22|644|17966566|4087|2975
1|644|17929583|4024|2884
30|644|17677133|3969|2927
27|644|17949408|4039|2918
21|644|17765041|3894|2712
0|644|17830907|4010|2922
14|644|17785220|3713|2722
20|644|17631015|3157|2209
13|644|17837839|3933|2805
31|644|17602903|3693|2628
17|644|17706096|3834|2734
18|644|17538959|3436|2301
10|644|17491691|4043|2845
26|644|17494038|3384|2122
8|644|17918783|3829|2856
19|644|17556408|3423|2331
23|644|17778788|4244|3171
29|644|17645433|4047|3013
7|644|17888443|4011|2828
24|644|17679975|3502|2278
3|644|17837684|4166|3290
0|645|24063560|4640|3651
11|645|24211741|3458|2638
3|645|23829487|4052|3252
9|645|24255979|4074|3069
29|645|23933562|4667|3641
5|645|24383085|4175|3137
10|645|23997946|4474|3630
8|645|23963148|4142|3251
7|645|23998038|4792|3834
15|645|24393278|5083|4108
6|645|24330052|4574|3553
2|645|24262130|5042|4095
12|645|24350533|4490|3619
21|645|24148446|4171|3311
14|645|24120604|4168|3230
18|645|24029482|3868|2893
17|645|24051346|4700|3775
25|645|24375479|4900|3902
20|645|24109470|3102|2440
26|645|24004132|3629|2766
19|645|23959442|3799|2826
23|645|23948498|4478|3720
22|645|24227950|3570|2656
16|645|24322876|3786|2920
30|645|24203999|4782|3800
27|645|24189271|4040|2879
1|645|24181970|4768|4015
31|645|24094064|5117|4070
28|645|24264473|3674|2759
13|645|24072600|4818|3905
4|645|24367063|4714|3819
24|645|23994322|3216|2309
0|646|16498675|3888|2873
6|646|16336275|3129|2251
16|646|16145107|2760|2017
2|646|16314449|3765|2774
12|646|16297226|3229|2336
4|646|16002736|3631|2771
3|646|16465137|3806|2789
14|646|16266735|3255|2335
1|646|16076021|3540|2721
20|646|16322027|2738|1951
15|646|16364030|3772|2807
7|646|16369711|3957|2972
10|646|16415483|3399|2423
11|646|16518515|3659|2711
22|646|16148649|3259|2472
19|646|16182954|3035|2315
28|646|16057466|3215|2191
30|646|16132093|3417|2525
17|646|16264693|3902|3047
27|646|16118322|3739|2733
9|646|16493838|3301|2242
23|646|16182114|3680|2791
31|646|16099476|3671|2709
25|646|16265419|3258|2370
8|646|16384339|3358|2497
26|646|16228696|2765|2017
29|646|16493931|3917|2924
18|646|16343251|3170|2194
5|646|16549221|3805|2735
13|646|16024076|3443|2448
21|646|16516286|2989|2212
24|646|16234290|2603|1810
3|647|17144731|4222|3159
8|647|16860696|3779|2744
17|647|16970318|3745|2890
0|647|17236671|4062|3200
11|647|17038745|3416|2577
14|647|17219607|3444|2632
12|647|17188845|3722|2702
26|647|16941955|3037|2096
13|647|16766716|3527|2637
10|647|17065013|3843|2882
2|647|17203088|3857|2761
21|647|16762164|3677|2817
22|647|17038716|3709|2804
15|647|17108161|3724|2722
4|647|17157687|3703|2761
9|647|16937899|3049|2201
23|647|16924387|3754|2821
28|647|17011429|4152|3079
20|647|17404957|2952|2089
25|647|16898834|3503|2568
31|647|16917423|3697|2788
29|647|16843361|3724|2761
30|647|16999113|4026|3205
27|647|16972998|3449|2479
18|647|16834523|3028|2186
6|647|17273955|3199|2140
19|647|17064157|3186|2263
5|647|16776587|3723|2644
7|647|17079885|3858|2928
16|647|17372130|2973|2095
24|647|17007015|3047|2052
1|647|17105538|3868|2915
5|648|15176466|3155|2365
2|648|15457110|3751|2875
3|648|15655842|3572|2545
15|648|15455769|3831|3053
25|648|15374653|3238|2422
6|648|15288782|2747|2118
0|648|15581744|3419|2621
1|648|15122182|3556|2597
8|648|15638510|3197|2416
7|648|15176546|3455|2610
12|648|15549386|3301|2418
9|648|15383297|3154|2242
13|648|15523029|3260|2381
10|648|15511167|3700|2914
23|648|15401538|3741|2983
11|648|15564859|3572|2763
21|648|15494175|3526|2756
27|648|15314319|3681|2926
28|648|15404479|3528|2701
20|648|15633833|2733|1863
19|648|15263529|2740|2103
29|648|15349822|3481|2599
18|648|15308235|2973|2264
26|648|15578268|2964|2207
31|648|15366730|3433|2644
22|648|15499259|3390|2492
4|648|15402549|3436|2549
30|648|15348559|3467|2777
24|648|15193732|2725|2007
17|648|15702972|3202|2387
16|648|15318750|2706|1843
14|648|15556731|3264|2494
3|649|18826159|4365|3321
13|649|18688524|3926|2778
17|649|18431713|4163|3164
23|649|18692091|4411|3365
5|649|18875639|3973|2785
8|649|18737840|3957|2822
26|649|18610653|3352|2295
6|649|18805922|3394|2339
10|649|18665251|4533|3368
11|649|18632995|4183|3126
12|649|18713926|4025|2985
9|649|18708259|3465|2466
14|649|18394754|3836|2699
0|649|18770103|4317|3215
15|649|18849997|4230|3092
1|649|18781036|4068|2986
18|649|18556617|3615|2561
2|649|18844577|4563|3401
20|649|18605907|3308|2211
19|649|18591093|3684|2550
22|649|18514508|3955|2840
21|649|18650068|3593|2497
25|649|18857104|4030|2885
28|649|18626845|4233|3114
27|649|18645998|4119|3018
24|649|18476953|3615|2460
31|649|18549106|4262|3094
4|649|18452861|4442|3378
29|649|18599303|4194|3003
30|649|18503223|4294|3067
7|649|18728208|4441|3264
16|649|18781383|3411|2282
5|650|21559666|4431|3120
4|650|21207624|4163|3073
25|650|21323772|3984|2822
17|650|21656845|4651|3479
28|650|21349655|4496|3472
6|650|21618939|3894|2632
7|650|21149521|4686|3451
18|650|21393580|3645|2583
12|650|21501216|4325|3315
8|650|21579746|4431|3279
11|650|21520334|4299|3198
26|650|21574156|3562|2397
10|650|21541584|4489|3296
9|650|21487270|3996|2751
14|650|21479638|4219|3088
19|650|21371737|3884|2772
21|650|21343159|4455|3145
24|650|21274026|3671|2644
3|650|21641834|4464|3245
20|650|21388727|3705|2574
15|650|21447370|4897|3841
23|650|21629294|4709|3474
13|650|21681270|4379|3284
30|650|21218357|4590|3484
1|650|21441788|4668|3659
0|650|21424880|4568|3478
27|650|21313346|4537|3226
22|650|21378006|4745|3444
29|650|21247289|4644|3417
2|650|21365051|4622|3572
16|650|21147421|3627|2466
31|650|21315989|4832|3755
13|651|21237222|4382|2960
17|651|21599387|4450|2963
0|651|21189749|4649|3206
15|651|21271961|4661|3226
31|651|21192181|4973|3506
12|651|21485019|4443|3117
5|651|21642468|4542|3195
22|651|21166270|4790|3379
27|651|21189960|4525|3156
30|651|21242364|4917|3539
6|651|21544510|4079|2613
10|651|21437118|4540|3172
19|651|21389476|4001|2573
8|651|21485841|4724|3286
11|651|21473054|4415|2997
23|651|21287932|4695|3204
16|651|21134461|3584|2292
20|651|21316194|3818|2476
4|651|21603659|4473|3148
3|651|21337383|4578|3167
28|651|21592592|4731|3317
25|651|21632547|4523|3106
24|651|21353877|3768|2481
26|651|21456997|3807|2489
21|651|21377771|4480|3107
7|651|21555187|5122|3698
14|651|21430863|4667|3379
29|651|21187751|4560|3222
1|651|21258353|4910|3414
18|651|21583231|4016|2598
2|651|21125058|5116|3717
9|651|21532958|3745|2465
4|652|19039661|4360|2959
14|652|18922388|3949|2661
19|652|19194019|3717|2491
1|652|18882855|4066|2875
7|652|18931163|4435|3029
8|652|19148541|4056|2787
0|652|19335881|4349|3067
18|652|18992435|3684|2458
22|652|19246688|4310|2984
12|652|19286677|4165|2790
11|652|19144712|4059|2758
5|652|19250048|4119|2827
9|652|18844434|3548|2276
21|652|18966221|4139|2952
2|652|18864794|4560|3392
20|652|19097544|3586|2407
6|652|19215787|3671|2409
23|652|19139125|4669|3461
13|652|19400217|4492|3133
17|652|19376207|4196|2978
30|652|19236015|4369|3105
15|652|19331080|4366|3152
25|652|19030925|4146|2944
27|652|19257036|3927|2697
24|652|19011712|3589|2385
31|652|19331997|4350|3154
3|652|19044972|4255|2968
16|652|19140478|3345|2258
29|652|18948547|4165|2827
28|652|19081437|4308|3108
26|652|19088783|3519|2296
10|652|19183983|4198|3048
4|653|18297675|3948|2834
13|653|18011091|3793|2562
9|653|18118057|3266|2151
30|653|18019657|3992|2782
28|653|17878185|4166|3038
8|653|18202919|4136|2843
11|653|18131827|4005|2842
10|653|17798329|3855|2822
12|653|18160677|4100|2797
14|653|18302888|4008|2732
2|653|18053366|4276|3183
20|653|18230512|3096|1983
1|653|18227741|3933|2737
3|653|17899960|3677|2509
22|653|18193097|4071|2912
15|653|17983803|3811|2748
25|653|17969789|3791|2756
23|653|18051780|3910|2642
21|653|18117218|3850|2620
19|653|18289763|3322|2280
24|653|17942642|3196|2175
16|653|17892375|3134|2114
18|653|18223257|3241|2218
26|653|17847463|3363|2228
27|653|17974552|4006|2887
31|653|17944931|3595|2557
7|653|18219100|3963|2805
29|653|17891362|3806|2708
5|653|18113441|4022|2815
0|653|18279261|4013|2957
6|653|18144833|3091|2060
17|653|18008685|3862|2612
2|654|18414058|4673|3524
9|654|18574543|3751|2550
10|654|18505271|4353|3152
17|654|18140472|4148|3044
23|654|18388204|4676|3389
0|654|18130949|4073|2914
15|654|18373114|4495|3289
20|654|18541838|3555|2341
4|654|18620978|4697|3460
5|654|18138349|4111|2681
8|654|18533277|4106|2853
14|654|18468048|4413|3301
12|654|18484068|4166|2820
1|654|18402534|4371|3124
11|654|18540780|4421|3256
13|654|18635648|4174|2983
21|654|18349003|4068|2760
16|654|18304422|3406|2255
3|654|18388560|4212|3030
22|654|18426960|4261|3064
28|654|18589817|4286|3119
30|654|18616243|4747|3389
24|654|18330255|3621|2340
27|654|18266695|4477|3205
25|654|18406683|4152|3056
19|654|18347547|3682|2494
29|654|18236983|4241|2995
6|654|18121595|3596|2369
31|654|18282865|4554|3368
18|654|18357521|3512|2338
7|654|18190755|4256|3166
26|654|18472226|3524|2306
4|655|19609136|4655|3324
19|655|19352357|3973|2708
31|655|19328988|4530|3321
13|655|19504550|4127|2918
2|655|19748555|5291|3986
1|655|19537567|4326|3017
20|655|19760763|3611|2386
22|655|19443095|4574|3317
15|655|19650178|4715|3529
7|655|19248690|4940|3744
12|655|19562680|4251|3066
5|655|19616349|4532|3294
9|655|19745354|3836|2643
10|655|19737322|4512|3210
21|655|19510695|4462|3240
11|655|19543451|4396|3179
6|655|19318354|3722|2489
8|655|19576994|4526|3321
28|655|19445827|4181|3003
14|655|19599254|4319|3123
18|655|19282521|3804|2528
17|655|19722482|4552|3413
29|655|19348413|4331|3085
30|655|19437200|4980|3683
16|655|19510561|3607|2436
25|655|19392840|4172|2912
27|655|19411918|4458|3197
23|655|19732182|4993|3734
24|655|19444320|3748|2418
0|655|19654542|4580|3359
26|655|19282899|3665|2429
3|655|19457767|4324|3126
3|656|19753322|4713|3305
13|656|20282277|4580|3137
17|656|19966227|4545|3091
26|656|19824136|3994|2696
2|656|20252600|5092|3610
4|656|20343019|4877|3369
1|656|20242851|4648|3206
7|656|20174571|4808|3283
10|656|20108745|4553|3120
11|656|20075972|4646|3127
15|656|20207267|4870|3370
0|656|19789599|4548|3138
14|656|19999780|4486|3202
23|656|19865148|4969|3477
12|656|20184355|4799|3370
21|656|20107370|4397|2965
9|656|20396686|4026|2570
16|656|19919199|3953|2562
18|656|19990334|4116|2645
19|656|20334536|4052|2729
5|656|20133639|4463|3063
25|656|19907465|4426|3073
27|656|19895644|4720|3283
28|656|20032543|4756|3323
29|656|19970672|4685|3218
30|656|19955053|5136|3744
31|656|20339183|5130|3639
8|656|20011172|4597|3083
6|656|20125194|3849|2420
20|656|20365703|4096|2657
24|656|19978620|3977|2522
22|656|20233290|4918|3541
3|657|20897455|4981|3524
20|657|20421937|4203|2676
29|657|20563153|4600|3080
9|657|20627331|4310|2825
4|657|20823022|4730|3261
8|657|20459755|4793|3232
5|657|20570871|4694|3179
2|657|20844575|4973|3467
12|657|20671599|4675|3196
16|657|20630413|4068|2735
10|657|20789249|4929|3479
11|657|20770440|4798|3238
0|657|20705535|4803|3270
14|657|20718335|4779|3340
19|657|20607634|4181|2711
7|657|20809526|5111|3748
15|657|20757562|4938|3416
18|657|20628364|4193|2696
25|657|20583592|4609|3165
28|657|20554409|4823|3339
26|657|20881977|3971|2558
1|657|20835548|4776|3236
13|657|20934258|4785|3304
21|657|20685056|4533|3145
23|657|20717888|5064|3503
17|657|20916657|4886|3366
31|657|20519871|5020|3524
30|657|20542128|5002|3602
22|657|20427863|5023|3716
6|657|20421283|4053|2628
27|657|20603911|4878|3510
24|657|20475360|4101|2633
3|658|20029111|4378|3153
10|658|19866742|4332|2919
11|658|19878242|4307|3029
22|658|19613482|4478|3169
31|658|19659824|4643|3382
2|658|19909507|4601|3399
6|658|19655962|3533|2204
0|658|19832989|4603|3255
5|658|19930219|4361|3083
15|658|19765784|4607|3229
14|658|19822695|4367|3067
19|658|19803321|3472|2275
1|658|19654249|4347|3050
12|658|19906015|4114|2855
20|658|20022724|3648|2479
17|658|19625942|4169|2928
13|658|19674368|4205|3005
23|658|19644435|4248|2903
18|658|19760594|3810|2564
24|658|19537274|3610|2322
16|658|19901119|3519|2360
27|658|19567102|4291|2979
21|658|19676666|4239|3021
28|658|19749186|4476|3127
4|658|19946538|4078|2785
29|658|20030690|4151|2823
25|658|19770326|3980|2651
7|658|19766864|4426|3067
9|658|19966965|3638|2440
30|658|19654904|4707|3296
26|658|19784674|3567|2231
8|658|19940762|4356|3042
4|659|17485499|4168|2814
8|659|17402584|4304|3226
2|659|17830488|4615|3305
27|659|17600386|3960|2926
22|659|17923104|4431|3320
16|659|17652306|3471|2278
24|659|17681838|3521|2427
12|659|17704484|3876|2624
1|659|17721331|4072|2816
23|659|17637244|4534|3291
14|659|17756547|3908|2712
3|659|17902218|4249|2912
5|659|17792245|4308|2956
15|659|17777270|4225|3131
11|659|17893330|4488|3312
25|659|17508158|3918|2683
17|659|17685846|3951|2835
30|659|17464920|4370|3194
29|659|17529682|4101|2885
21|659|17581952|3943|2710
6|659|17843312|3498|2335
7|659|17450563|3957|2714
26|659|17460634|3277|2204
9|659|17490272|3553|2334
19|659|17770368|3446|2403
28|659|17581915|4394|3091
31|659|17899550|4247|2989
10|659|17889385|4242|3056
13|659|17645595|4267|3164
0|659|17797313|4204|3058
18|659|17712782|3507|2292
20|659|17795729|3341|2176
8|660|19465126|4305|3075
1|660|19355846|3907|2522
10|660|19081197|4319|2985
16|660|19457549|3487|2314
26|660|19187572|3507|2352
3|660|19309751|4403|3151
7|660|19152254|4474|3254
12|660|19385201|3974|2773
4|660|19510501|4498|3243
21|660|19196398|4074|2781
11|660|19277804|3837|2554
19|660|19264319|3424|2252
15|660|19297365|3974|2738
9|660|19135478|3785|2465
17|660|19251104|4129|2949
6|660|19182451|3511|2382
23|660|19368867|4611|3247
25|660|19270676|4089|2911
29|660|19226777|3867|2649
27|660|19460357|4394|3278
22|660|19451007|4338|3055
30|660|19246804|4046|2722
2|660|19447987|4850|3603
14|660|19362978|4138|2874
28|660|19121280|4522|3359
24|660|19442175|3569|2398
0|660|19025616|4398|3203
18|660|19077583|3724|2411
31|660|19142979|4176|2898
5|660|19287686|4081|2778
13|660|19056428|3881|2681
20|660|19607145|3319|2114
5|661|20837287|4757|3300
9|661|21108747|3973|2646
19|661|21175435|3894|2585
0|661|20894060|4339|3091
3|661|21212712|4595|3244
2|661|20947824|4926|3676
11|661|21150605|4619|3211
6|661|21069283|3706|2472
10|661|21268911|4483|3133
12|661|21200942|4587|3099
13|661|20841750|4548|3269
8|661|21326423|5007|3612
1|661|21270807|4547|3289
14|661|20959955|4409|3074
7|661|21228352|5013|3710
17|661|21106361|4460|3076
15|661|21142953|4507|3150
20|661|20714294|3823|2503
16|661|21281856|3969|2610
21|661|21193352|4679|3306
18|661|20905881|3658|2528
22|661|21020809|4702|3384
23|661|21085112|4572|3247
27|661|21039534|4363|3111
25|661|21070418|4300|2915
24|661|20952235|3810|2535
29|661|21058786|4727|3284
30|661|21019133|4859|3482
28|661|20977030|4881|3604
4|661|21165544|4707|3364
31|661|20907836|4953|3595
26|661|21568355|3656|2369
0|662|20337943|4557|3292
12|662|20259952|4541|3097
22|662|20050645|4693|3427
11|662|20302278|4287|2986
19|662|20466857|3983|2730
8|662|20213764|4518|3232
6|662|20400686|4135|2808
13|662|20234704|4083|2898
21|662|20073265|4445|3190
14|662|20179498|4232|2968
4|662|19868352|4429|3033
9|662|20413576|4028|2796
2|662|20343708|5174|3813
25|662|20003740|4493|3133
1|662|20206528|4595|3256
17|662|20168629|4430|3149
5|662|20457766|4317|2905
15|662|20156600|4866|3551
27|662|20033858|4838|3600
3|662|20331494|4711|3421
28|662|19944797|4765|3331
31|662|19910048|4335|3098
24|662|20005831|3918|2693
18|662|20097352|4109|2750
23|662|20068663|4766|3485
26|662|20269985|3577|2385
29|662|19991509|4794|3449
20|662|20187208|3935|2617
7|662|20150617|4619|3286
10|662|20275080|4653|3336
16|662|20395475|3752|2505
30|662|19971827|4635|3404
3|663|18313504|4087|2934
15|663|18372221|4145|2996
30|663|18184978|4161|3117
29|663|18273232|3745|2704
1|663|18401819|3805|2780
7|663|18187834|4158|3210
18|663|18366543|3262|2252
12|663|18646377|4096|2736
9|663|18585050|3460|2272
5|663|18378202|3932|2797
8|663|18573820|3939|2832
13|663|18552261|4134|3140
4|663|18465487|4228|3187
6|663|18571894|3324|2275
22|663|18634306|4124|3089
17|663|18414940|4031|2996
21|663|18545871|4075|3023
14|663|18519064|3937|2887
23|663|18282431|4199|3213
16|663|18188480|3291|2181
24|663|18312623|3330|2201
28|663|18343667|4160|3154
20|663|18243766|3478|2382
25|663|18465941|3676|2606
31|663|18340933|4010|3016
2|663|18434171|3787|2670
27|663|18389302|3828|2826
19|663|18635909|3409|2489
10|663|18167393|3940|2877
26|663|18302683|3129|2198
11|663|18599032|3814|2756
0|663|18670447|3978|2919
2|664|17812368|3952|2807
25|664|17879522|3611|2504
14|664|17995045|3961|2617
30|664|18256887|4376|3271
12|664|18114213|4015|2693
16|664|18023739|3153|2083
3|664|18234460|3909|2749
7|664|18151646|4058|2807
9|664|18251219|3489|2299
24|664|18061787|3391|2199
17|664|18009328|3834|2632
27|664|17831265|3808|2616
5|664|18077548|3987|2673
31|664|17868882|3880|2648
10|664|17802288|3933|2807
23|664|17975966|4180|2889
6|664|18060939|3206|2124
20|664|17912702|3417|2262
15|664|18246233|3973|2718
8|664|18065395|3906|2573
28|664|17936589|4004|2854
29|664|18226786|4079|2811
26|664|17810976|3225|2018
18|664|18194446|3506|2407
13|664|18121036|3851|2513
0|664|17719371|3673|2564
19|664|17882958|3422|2220
4|664|18144126|3720|2591
11|664|17736546|3878|2578
22|664|18154510|3783|2539
1|664|18166021|4146|2880
21|664|17985979|3805|2557
2|665|17545800|4236|3071
17|665|17410115|3800|2585
23|665|17358941|3771|2572
25|665|17591353|3782|2676
26|665|17270086|3144|2018
5|665|17445670|4008|2674
1|665|17077142|3797|2589
8|665|17270875|3934|2722
11|665|17127423|3676|2675
16|665|17606853|3116|2051
6|665|17325153|3023|2123
14|665|17545533|3831|2732
30|665|17537177|3984|2782
15|665|17305463|3763|2662
18|665|17219954|3671|2460
21|665|17087482|3769|2578
13|665|17203396|3961|2717
29|665|17265215|3675|2509
28|665|17282960|3784|2530
31|665|17393129|3751|2528
22|665|17398132|3185|2028
20|665|17333527|3234|2123
0|665|17161402|3832|2600
27|665|17429912|3805|2580
24|665|17467488|3791|2591
3|665|17451069|3728|2537
7|665|17438755|3973|2848
12|665|17484430|3673|2489
19|665|17250769|3089|1982
4|665|17253626|3261|2133
10|665|17334471|3846|2667
9|665|17450490|3392|2164
1|666|15969008|3485|2525
4|666|15615469|3017|2048
3|666|15713122|3445|2421
28|666|15827738|3626|2566
17|666|16094397|3737|2680
16|666|15993086|3128|2139
21|666|15915330|3554|2599
23|666|16127351|3347|2234
0|666|15728494|3433|2508
27|666|15840382|3122|2249
14|666|16042150|3023|2072
10|666|15629041|3625|2616
5|666|15999232|3469|2517
19|666|15673985|3135|2131
24|666|15745996|3474|2337
11|666|15998062|3595|2582
7|666|15665091|3696|2823
26|666|16258387|2842|1889
22|666|15823028|2893|1921
9|666|15595713|3259|2155
31|666|15843287|3743|2815
30|666|15956970|4033|3282
25|666|16098839|3473|2405
29|666|15879099|3517|2568
13|666|15894945|3816|2844
12|666|15735900|3434|2677
2|666|16090207|3725|2727
8|666|15986764|3526|2500
20|666|15850675|3124|2239
15|666|15913874|3629|2555
6|666|15960123|2933|2028
18|666|15921594|3880|2982
0|667|17725347|4300|3354
13|667|17503254|4053|3009
17|667|17830696|4232|3203
21|667|17816679|4326|3194
29|667|17571522|4228|3307
27|667|17804409|4205|3264
20|667|17509415|3295|2443
9|667|17683621|3708|2598
11|667|17650323|4003|2993
1|667|17868368|4536|3598
3|667|17808871|4215|3242
5|667|17671684|3887|2862
18|667|17423251|4189|3360
25|667|17574027|3868|2849
28|667|17865890|4182|3123
24|667|17709795|4457|3437
8|667|17433293|3961|2873
2|667|17455224|4276|3263
15|667|17473805|4124|3039
16|667|17859438|3277|2376
6|667|17467533|3397|2579
30|667|17616909|4425|3431
4|667|18193371|3370|2289
31|667|17638028|3787|2804
19|667|17759489|3499|2396
10|667|17711727|4412|3280
14|667|17813485|3286|2380
23|667|17855015|3724|2723
12|667|17482643|4026|3106
26|667|17733159|3290|2249
22|667|17724034|3281|2216
7|667|17626520|3977|2942
5|668|18819066|4408|2994
2|668|18724968|5020|3367
13|668|19022114|4582|3172
28|668|18816615|4608|3168
20|668|18963770|3668|2590
30|668|18740659|5107|3617
27|668|19013349|4553|3081
6|668|18694347|3516|2383
15|668|18722008|4626|3088
3|668|18858021|4538|3264
9|668|18910268|3823|2571
1|668|18877898|4436|3130
12|668|18578536|4446|3183
11|668|18897022|4439|3088
16|668|18716693|3370|2238
17|668|18999811|4766|3253
25|668|18819024|4373|3021
24|668|18785804|4683|3210
14|668|18620777|3573|2427
7|668|18494343|4418|2929
19|668|18651330|3794|2497
23|668|18614546|3669|2358
22|668|18561029|3653|2368
8|668|18738849|4345|2819
31|668|18684518|4318|2995
18|668|18866644|4949|3438
21|668|19025651|4599|3120
0|668|19004849|4646|3411
10|668|18605340|4568|3094
29|668|19026529|4531|3157
4|668|18648247|3815|2500
26|668|18640827|3678|2415
1|669|18972587|4386|3216
11|669|18974158|4033|2778
21|669|18742644|3830|2664
20|669|19132633|3657|2599
12|669|19045335|3852|2762
14|669|18852906|3566|2363
3|669|19019396|4315|3184
4|669|18642534|3504|2344
13|669|19119503|4193|3031
5|669|19141372|4477|3212
17|669|18925907|4178|2942
2|669|19148788|4614|3400
6|669|19075896|3546|2433
16|669|18960066|3369|2274
18|669|18752906|4612|3354
10|669|18712247|4454|3216
22|669|18814596|3469|2378
9|669|19023684|3524|2485
23|669|18834158|3296|2201
7|669|18833378|4050|2816
19|669|18855526|3646|2539
15|669|19074713|4623|3354
31|669|18789903|4033|2933
27|669|19108011|4433|3313
25|669|18929443|4222|3020
28|669|19145624|4433|3108
26|669|18670253|3407|2270
24|669|18922421|4441|3241
8|669|18762478|4295|3001
29|669|18721975|4387|3144
0|669|18696110|4236|3144
30|669|19168411|4785|3625
3|670|15886555|3452|2306
1|670|16003839|3393|2324
5|670|15858256|3525|2442
7|670|15735042|3643|2748
12|670|15975457|2915|1956
28|670|15663600|3665|2560
9|670|15740266|3133|2116
29|670|15624877|3770|2591
10|670|15781838|3558|2521
13|670|15886750|3547|2334
4|670|16020504|3046|2070
21|670|15997984|3565|2545
6|670|15809767|3086|2027
20|670|15976305|3174|2152
22|670|15782997|2976|2019
26|670|15617194|2889|1877
0|670|15527715|3638|2562
27|670|15681348|3325|2286
25|670|15665355|3409|2313
16|670|15838822|2890|1924
15|670|15716360|3623|2637
11|670|16002793|3549|2493
30|670|15554103|3828|2790
18|670|15831493|3940|2919
24|670|15623567|3621|2636
19|670|15750910|3142|2029
14|670|15933018|3352|2393
31|670|15727994|3752|2652
2|670|15836417|4061|2965
23|670|15819517|2940|1909
17|670|15968744|3583|2660
8|670|15576194|3474|2430
0|671|18513813|4485|3042
3|671|18784823|4434|3148
12|671|18732129|3646|2388
15|671|18483809|4517|3014
22|671|18614767|3706|2439
30|671|18485998|4511|3103
13|671|18648713|4131|2818
20|671|18660050|3823|2403
2|671|18328770|4462|3080
1|671|18767889|4538|3041
11|671|18455458|4012|2674
6|671|18607648|3785|2443
23|671|18488339|3916|2470
4|671|18621039|3821|2391
18|671|18437965|4503|2940
21|671|18637752|4329|2961
5|671|18743392|4258|2875
10|671|18694903|4595|3201
17|671|18339900|4023|2605
9|671|18725865|3525|2284
24|671|18438549|4615|3262
19|671|18423384|3792|2467
27|671|18559297|4378|2886
25|671|18543703|4342|2824
31|671|18405257|4463|3028
28|671|18763067|4600|3091
8|671|18296051|4390|2890
29|671|18736522|4374|3017
7|671|18742702|4547|3081
14|671|18373723|4092|2775
26|671|18647113|3775|2434
16|671|18490791|3773|2386
2|672|16344626|3507|2530
0|672|16482191|4012|3010
27|672|16152090|3555|2482
3|672|16445972|3783|2789
26|672|16064733|3010|1967
1|672|16330723|3864|2772
15|672|16418152|3864|2732
16|672|16103661|3213|2092
12|672|16451769|3186|2105
20|672|16528872|3001|2057
7|672|16038948|3905|2867
21|672|16245410|3514|2349
4|672|16280869|2982|2001
10|672|16183806|3644|2562
25|672|16127331|3625|2565
28|672|16098640|3611|2640
6|672|16327478|3033|2038
17|672|16210013|3632|2669
29|672|16070720|3277|2366
18|672|16278226|3845|2763
22|672|16437578|3215|2159
24|672|16181081|3901|2868
30|672|16432378|3835|2785
31|672|16126058|3863|2763
11|672|16309429|3692|2546
19|672|16174732|3262|2226
23|672|16353999|3282|2202
5|672|16211533|3724|2554
8|672|16063801|3414|2423
13|672|16398190|3736|2712
14|672|16309028|2948|2041
9|672|16533566|3165|2106
1|673|19205397|4539|3168
11|673|18928629|4162|2960
21|673|19155690|4428|3161
29|673|19058171|4229|2990
7|673|19148849|4393|3124
16|673|19268330|3343|2100
6|673|19044245|3529|2390
10|673|19106541|4514|3291
3|673|19236063|4534|3324
9|673|18942491|3360|2110
0|673|19304845|4633|3270
18|673|19007876|4362|2974
28|673|19079905|4635|3436
14|673|18836486|3745|2556
12|673|19391128|3672|2368
4|673|19137283|3749|2535
8|673|18841170|4190|2903
19|673|18924408|3742|2551
20|673|19192581|3718|2496
23|673|18907899|3771|2569
25|673|19111122|4240|3128
30|673|18982644|4501|3202
22|673|19015652|3858|2583
17|673|19064313|4270|3032
24|673|19007349|4648|3473
31|673|18985526|4592|3333
5|673|18858835|4296|2892
27|673|19325777|4236|2899
2|673|19308120|4762|3585
26|673|19318233|3776|2484
13|673|18848363|4194|2843
15|673|19232682|4905|3592
2|674|16591141|4149|2970
3|674|16922500|4013|2947
25|674|16772439|3626|2526
19|674|16826296|3219|2186
28|674|16914498|4079|3053
17|674|16698225|3632|2587
12|674|16838241|3555|2505
6|674|17054360|3222|2154
0|674|16901659|3859|2832
11|674|17015730|3339|2405
15|674|16584980|3666|2592
7|674|17004089|3705|2655
4|674|16838905|3283|2155
10|674|16953325|3817|2772
8|674|16791035|3559|2527
18|674|16906641|3706|2597
9|674|16939663|3247|2262
29|674|17034288|3676|2586
20|674|16809275|3177|2157
14|674|16879799|3409|2358
23|674|16798918|3352|2252
27|674|16669161|3549|2537
30|674|16769207|4005|2818
24|674|16722941|3904|2748
5|674|16635735|3753|2538
22|674|16757346|3308|2220
21|674|17059362|3107|2092
16|674|17016364|3071|2147
26|674|16656919|3264|2215
13|674|16583699|3549|2577
31|674|16726754|3951|2870
1|674|17058639|3956|2827
0|675|17564500|3975|2842
7|675|17537142|4102|2876
8|675|17512650|3830|2860
5|675|17313000|3994|2638
27|675|17420942|4010|2812
3|675|17688683|4107|2943
2|675|17692541|4296|3132
14|675|17411864|3786|2571
15|675|17560782|3849|2709
20|675|17559361|3246|2062
21|675|17295161|3411|2207
13|675|17246888|3797|2690
26|675|17429268|3165|2052
28|675|17664325|3982|2891
10|675|17534619|3741|2611
11|675|17553449|3638|2507
18|675|17502583|4079|2932
25|675|17721155|3614|2554
31|675|17259506|4014|2780
24|675|17386674|3860|2782
17|675|17676245|3900|2779
22|675|17348644|3415|2253
29|675|17494330|4008|2765
16|675|17321625|3189|2133
23|675|17455415|3228|2197
4|675|17521209|3356|2212
19|675|17744182|3600|2369
6|675|17699597|3286|2182
12|675|17620787|3834|2524
30|675|17500169|3862|2909
9|675|17625744|3250|2161
1|675|17226548|3998|2982
5|676|16254584|3698|2640
1|676|15800404|3709|2606
11|676|16099353|3880|2875
13|676|16173271|3932|2943
15|676|16233566|4070|2989
24|676|16077777|4091|3155
7|676|16299311|3791|2902
6|676|15876368|3390|2439
3|676|16264283|3649|2772
9|676|15834817|3236|2197
4|676|15903544|3551|2519
25|676|16078380|3332|2447
12|676|15889617|3679|2664
2|676|16220990|4167|3077
10|676|16133046|3568|2589
29|676|15995162|3832|2721
19|676|15927224|3495|2392
18|676|16106894|3813|2618
0|676|16306540|3755|2730
27|676|16308250|3842|2779
17|676|16042171|3880|3054
16|676|15990123|3528|2522
21|676|16205433|3596|2668
22|676|16027057|3195|2257
28|676|16165603|3780|2731
23|676|15976670|3335|2343
20|676|16227042|3277|2211
30|676|15895684|3884|2909
31|676|16088376|3767|2765
14|676|16270734|4012|2935
8|676|16287685|3404|2468
26|676|16337969|2990|2149
1|677|19914943|4776|3620
4|677|19794155|4263|2992
3|677|19839523|4673|3332
16|677|19644796|4709|3356
13|677|19966403|4609|3399
27|677|19710363|4531|3241
18|677|19755301|4151|2817
20|677|19614023|4017|2722
2|677|19754631|4782|3445
15|677|19904865|4584|3337
29|677|19840445|4450|3292
8|677|19449826|4492|3377
19|677|19853729|3662|2443
21|677|19629288|4213|2961
23|677|19737157|3841|2563
11|677|19910286|4328|3056
22|677|19620957|3861|2704
10|677|19775819|3661|2540
28|677|19615245|4772|3574
25|677|19834999|4521|3318
17|677|19693350|4822|3582
24|677|19940189|4990|3878
5|677|19951667|4564|3337
7|677|19838861|4672|3417
26|677|19511835|3826|2587
30|677|19589790|5121|3917
31|677|19574697|5156|3990
0|677|19670929|4725|3429
9|677|19816289|3992|2853
12|677|19776958|4494|3397
6|677|19870470|4418|3245
14|677|19517067|4600|3383
8|678|18374657|3854|2677
13|678|18476701|3972|2790
31|678|18158187|4300|3126
25|678|18302772|3791|2795
14|678|18050796|3956|2780
3|678|18515075|4170|2974
0|678|18116628|3902|2784
6|678|18066590|4157|3056
11|678|18330706|4187|2966
7|678|18185246|4227|3078
9|678|18262017|3560|2343
12|678|18084114|3818|2708
15|678|18422182|4202|2965
17|678|18239886|4060|2758
5|678|18210849|4334|3278
26|678|18412601|3545|2372
16|678|18504843|4053|2925
20|678|18468805|4265|3007
29|678|18433229|3916|2723
28|678|18294482|4293|3039
18|678|18485467|3368|2291
22|678|18335316|3685|2523
1|678|18531448|4074|2957
23|678|18376332|3429|2282
10|678|18317173|3154|2173
24|678|18248583|4348|3044
30|678|18189581|4572|3257
19|678|18415056|3704|2634
27|678|18509695|3941|2802
2|678|18421240|4268|3144
4|678|18520634|4230|3024
21|678|18370762|4183|2887
8|679|17924435|3748|2760
7|679|17765807|3770|2802
9|679|17784181|3295|2270
13|679|17967577|3870|2864
28|679|17690492|3929|2955
1|679|17569270|3768|2583
2|679|17450123|4233|3121
5|679|17678090|3941|2748
6|679|17808587|3977|2984
15|679|17751678|3764|2686
12|679|17769881|3726|2725
4|679|17464884|3287|2269
3|679|17828690|3629|2657
17|679|17741910|3848|2834
19|679|17517969|3887|2804
21|679|17457248|3787|2767
16|679|17700151|3569|2538
14|679|17895838|4007|2851
24|679|17559543|3753|2720
20|679|17694584|3960|2878
25|679|17924669|3739|2736
26|679|17728469|3722|2834
0|679|17819419|3900|2838
31|679|17951679|4147|3000
27|679|17534489|3712|2746
22|679|17655241|3383|2252
29|679|17706803|3959|2743
30|679|17576285|3988|3008
18|679|17680796|3409|2263
23|679|17628044|3119|2240
11|679|17788592|3828|2692
10|679|17692025|3237|2153
3|680|16302705|3548|2521
15|680|16381836|3827|2852
27|680|16152593|3466|2436
10|680|16055481|2906|1947
9|680|16541404|2891|2047
5|680|16405430|3772|2809
11|680|16015889|3273|2395
1|680|16553361|3392|2473
0|680|16157045|3998|3196
7|680|16486025|3922|2828
12|680|16367493|3756|2728
21|680|16282294|3699|2699
14|680|16250809|3764|2582
22|680|16311110|2930|2082
19|680|16299950|3531|2558
17|680|16319485|3533|2532
18|680|16305343|3005|2090
28|680|16471374|3899|2900
23|680|16068106|3070|2099
24|680|16249888|3827|2816
25|680|16220768|3252|2292
2|680|16410856|3927|2948
29|680|16128198|3801|2780
20|680|16249157|4086|3053
31|680|16180767|3875|2895
30|680|16118133|3852|2743
6|680|16384425|3843|2793
13|680|16449091|3469|2460
16|680|16257117|3649|2671
8|680|16543484|3866|3007
4|680|16548381|3053|2138
26|680|16193809|3620|2683
1|681|19378548|4181|2973
17|681|19288876|4108|2904
22|681|19330771|3774|2527
26|681|19066773|3588|2416
3|681|19515520|4598|3385
0|681|19374147|4460|3234
9|681|19441568|3846|2561
5|681|19425800|4139|2861
6|681|19098926|4639|3350
13|681|19083202|4380|3026
11|681|19414239|4419|3054
12|681|19350830|4196|2900
4|681|19033030|3640|2440
2|681|19157750|4721|3405
20|681|19162508|4573|3266
14|681|19337887|4178|2825
15|681|19512052|4353|3075
23|681|19246542|3844|2561
21|681|19360016|4218|2934
24|681|19238154|4825|3501
7|681|19351367|4442|3174
27|681|19499488|4612|3394
19|681|19321155|4439|3139
16|681|19097846|3655|2524
18|681|19293464|3950|2539
25|681|19228041|4082|2809
29|681|19194572|4297|3105
30|681|19152230|4709|3445
28|681|19288874|4479|3136
31|681|19174484|4560|3244
8|681|19036639|4238|2906
10|681|19703493|3684|2383
8|682|19502949|4516|3198
11|682|19857427|4514|3265
1|682|20040275|4361|3225
30|682|19612136|4504|3198
6|682|19878761|4432|3211
27|682|19756865|4676|3370
9|682|19927159|4044|2787
3|682|19935507|4417|3255
0|682|19945724|4661|3416
13|682|19878731|4389|3068
26|682|20143610|3753|2505
14|682|19784611|4464|3242
12|682|19855268|3910|2632
2|682|19788106|4880|3604
21|682|19744362|4256|3018
18|682|19645703|3862|2608
15|682|19776595|4482|3259
24|682|19727263|4565|3301
16|682|19669199|3452|2328
19|682|19691105|3849|2624
23|682|19770876|3975|2721
25|682|19629499|4296|2854
17|682|20049920|4711|3494
31|682|19582379|4499|3289
29|682|19629597|4435|3181
22|682|20032384|3898|2752
20|682|19831247|4967|3803
4|682|19801825|4171|2979
28|682|19614263|4710|3378
10|682|19567336|3761|2548
5|682|19897009|4271|3033
7|682|19701959|4750|3518
4|683|21196853|4442|3049
12|683|21476468|4736|3484
31|683|21307064|4931|3439
2|683|21430461|5123|3683
5|683|21151094|4619|3154
13|683|21497604|4562|3151
1|683|21627191|4696|3238
3|683|21529049|4871|3445
7|683|21150250|4860|3563
6|683|21596108|4579|3207
24|683|21389356|4687|3254
17|683|21308183|4556|3194
15|683|21408969|4735|3387
11|683|21669038|4539|3279
9|683|21577834|4078|2676
25|683|21330018|4476|3225
30|683|21628320|5139|3749
0|683|21500194|4441|3122
16|683|21383500|3871|2541
14|683|21500344|4655|3208
22|683|21263021|4135|2800
20|683|21255367|5018|3702
29|683|21293670|4238|2824
27|683|21607703|4661|3255
21|683|21444410|4535|3122
8|683|21653915|4533|3095
23|683|21364304|4028|2793
28|683|21237142|4939|3577
18|683|21453500|4187|2921
26|683|21541304|4030|2685
10|683|21239302|4020|2595
19|683|21411148|4114|2681
3|684|19394245|4327|2975
13|684|19457939|4324|2952
16|684|19248014|3786|2560
20|684|19235251|5046|3735
9|684|19365419|3908|2601
2|684|19476643|4656|3278
8|684|19114170|4204|2851
1|684|19421495|4521|3249
14|684|19215225|4407|3044
5|684|19455384|4484|3168
18|684|19070921|4098|2709
12|684|19546063|4522|3184
21|684|19151586|4596|3077
6|684|19367254|4899|3555
19|684|19031596|3857|2649
15|684|19357366|4701|3268
4|684|19569645|4681|3311
0|684|19236217|4703|3340
17|684|19376587|4576|3252
25|684|19311062|4317|2977
27|684|19185145|4405|2970
11|684|19353151|4645|3329
31|684|19554148|4887|3446
10|684|19012692|3717|2487
22|684|19249592|3813|2571
23|684|19149200|3693|2387
24|684|19427273|4646|3373
30|684|19325227|4668|3334
7|684|19390385|4713|3463
28|684|19147490|4797|3492
29|684|19238342|4842|3553
26|684|19404088|3523|2288
3|685|20477197|4757|3280
14|685|20364767|4457|3126
19|685|20295660|3936|2571
11|685|20151312|4646|3205
4|685|20231260|4680|3209
12|685|20310818|4493|3104
13|685|20489364|4511|3124
2|685|20423193|5002|3559
16|685|20597489|3801|2534
20|685|20455812|5065|3605
21|685|20306576|4233|2774
1|685|20375638|4327|2902
5|685|20349275|4586|3143
0|685|20209431|4932|3534
10|685|20134215|4567|3218
17|685|20216403|4623|3279
6|685|20297694|4917|3534
7|685|20047893|4719|3429
9|685|20454657|4000|2666
15|685|20273547|4691|3265
24|685|20103508|4055|2644
28|685|20066570|4699|3267
30|685|20097880|4915|3470
8|685|20391515|4499|3044
29|685|20057066|4935|3614
25|685|20229164|4408|3011
22|685|20149240|4075|2629
23|685|20136385|3791|2492
27|685|20219036|4716|3370
31|685|20203542|4529|3038
18|685|20333566|4891|3441
26|685|20590130|3702|2409
3|686|17528882|3869|2777
9|686|17244932|3165|2160
16|686|17440082|3450|2271
27|686|17129051|3698|2667
2|686|17412312|3894|2767
12|686|17443864|3715|2601
0|686|17320644|3722|2643
1|686|17343926|3903|2706
18|686|17049794|3830|2774
14|686|17519515|3959|2812
10|686|17307788|4096|2927
15|686|17231670|3763|2625
21|686|17383638|3589|2589
6|686|17263382|3713|2733
24|686|17224117|3611|2566
11|686|17492697|3978|2921
17|686|17311118|3909|2785
4|686|17484653|4262|3207
20|686|17413315|4036|2962
25|686|17152676|3639|2542
23|686|17125029|3298|2202
13|686|17461581|3854|2733
22|686|17137672|3408|2232
19|686|17527102|3309|2289
31|686|17091905|3953|2709
8|686|17185783|3827|2695
30|686|17218573|3500|2406
28|686|17236681|3677|2659
29|686|17187767|3975|2912
5|686|17328782|4010|2821
7|686|17246972|3917|2817
26|686|17022933|3176|2110
0|687|17377238|4166|3016
4|687|17210541|3611|2407
3|687|17521294|4246|2967
2|687|17444894|4370|3161
18|687|17407309|4298|3090
7|687|16997378|3818|2526
13|687|17156360|3798|2648
8|687|17090269|4109|2885
1|687|17402528|4075|2936
15|687|17333777|4234|3082
5|687|17022367|3910|2723
11|687|17265819|4036|2737
17|687|17260505|3718|2530
22|687|17154282|3430|2251
20|687|17230639|4375|3282
16|687|17505795|3273|2233
12|687|17452723|4150|3045
10|687|17372407|4320|3261
25|687|17221619|3847|2592
21|687|17345479|3864|2658
28|687|17087622|3879|2610
27|687|17494266|3681|2520
19|687|17152368|3358|2254
31|687|17140843|4184|2783
24|687|17318599|3871|2767
29|687|17081425|3996|2774
14|687|17402017|4200|2855
6|687|17285680|4183|3055
30|687|17118793|4235|2946
23|687|17239735|3240|2191
26|687|17106256|3044|1953
9|687|17675080|3551|2272
0|688|17568318|3933|2821
12|688|17338834|3880|2719
22|688|17389892|3346|2195
23|688|17176275|3395|2200
3|688|17550345|4091|2991
16|688|17415592|3230|2107
11|688|17415230|4007|2841
13|688|17495833|3745|2618
8|688|17480495|3754|2715
18|688|17530760|3911|2737
10|688|17323890|3739|2660
19|688|17243877|3328|2169
20|688|17374036|3965|2817
2|688|17517783|3865|2721
1|688|17468899|3864|2729
6|688|17175979|3994|2790
14|688|17192733|4001|2783
25|688|17320874|3760|2658
5|688|17444206|3764|2651
7|688|17493895|3703|2567
27|688|17272340|3557|2503
21|688|17302068|4071|2814
31|688|17241498|3880|2793
17|688|17424705|3785|2552
28|688|17296349|3974|2784
24|688|17239431|3809|2699
29|688|17235016|3946|2787
30|688|17199546|4019|2881
26|688|17164056|3199|2139
4|688|17570028|3790|2627
15|688|17440478|3943|2742
9|688|17323260|3379|2161
4|689|17590102|4017|2740
10|689|17962521|4244|2927
24|689|17749996|3803|2776
29|689|17752384|4172|3004
8|689|17981307|4230|3043
2|689|17906346|4505|3231
3|689|18052880|4068|2783
19|689|18069300|3658|2395
0|689|18092506|4475|3141
26|689|17787436|3542|2339
12|689|18111405|4307|3114
14|689|17867400|4058|2749
15|689|17615217|4174|3035
1|689|17901058|4078|2973
13|689|18027861|4268|2981
17|689|17775718|4273|2986
18|689|18002181|4603|3366
11|689|18053027|4267|3106
20|689|17958385|4495|3257
31|689|17791444|4208|2909
30|689|17707660|4519|3158
6|689|17853849|3980|2714
25|689|17877175|3915|2607
27|689|17836312|4267|2926
9|689|17625070|3460|2273
28|689|17775741|4703|3279
23|689|18115201|3678|2409
5|689|17811596|4206|2950
22|689|18165058|3577|2392
7|689|17812801|4303|3197
21|689|17784977|4187|2828
16|689|18286845|3656|2371
2|690|21366555|4927|3732
6|690|21130724|4424|3049
19|690|21378272|3966|2740
9|690|21104570|3918|2523
29|690|21466963|4499|3120
0|690|21329421|4846|3495
3|690|21366436|4676|3390
10|690|21455274|4290|2918
4|690|21487426|4956|3496
1|690|21256833|4656|3360
15|690|21276996|4629|3239
12|690|21312390|4310|3098
17|690|21224370|4535|3045
13|690|21246617|4553|3306
22|690|21004773|3755|2598
20|690|21181351|4621|3220
14|690|21306433|4069|2724
18|690|21220920|4780|3340
7|690|20955955|5056|3757
8|690|21388800|4608|3307
21|690|20998016|4607|3180
11|690|21176378|4262|2878
26|690|21369136|3849|2697
25|690|21148262|4567|3300
27|690|21133916|4521|3177
24|690|21481962|4654|3196
5|690|21007454|4385|2950
31|690|21205020|4588|3215
28|690|21104440|4934|3580
30|690|21214980|4721|3285
23|690|21122119|4051|2661
16|690|21082821|3459|2337
2|691|19549599|4540|3128
22|691|19337657|3685|2504
28|691|19127354|4315|2965
26|691|19245886|3408|2251
10|691|19443648|4082|2714
8|691|19241232|4274|2895
5|691|19132650|4177|2779
17|691|19365098|4493|3184
19|691|19668888|3765|2450
1|691|19419630|4301|2949
7|691|19264433|4417|3197
13|691|19354179|4067|2721
9|691|19543293|3754|2470
20|691|19324328|4172|2882
12|691|19381317|4154|2805
15|691|19412095|4235|2832
27|691|19177550|4108|2920
21|691|19238070|4174|2753
25|691|19195108|3938|2686
6|691|19542781|4260|2919
11|691|19234172|4159|2834
24|691|19171028|4107|2759
3|691|19488132|4339|2893
23|691|19080149|3597|2439
14|691|19323512|4361|3025
30|691|19113510|4405|3069
18|691|19267526|4389|3064
29|691|19546311|4185|2828
31|691|19163201|4358|2929
4|691|19421619|3854|2649
0|691|19480052|4240|2900
16|691|19405067|3572|2240
3|692|22862991|4817|3353
15|692|23016232|4852|3454
25|692|22993483|4682|3465
12|692|23062366|4723|3276
4|692|22750025|4989|3715
2|692|23257923|5659|4372
11|692|22914944|4934|3514
13|692|23074282|4957|3646
7|692|23108694|5497|4142
10|692|23202383|4744|3546
8|692|23184301|5104|3845
0|692|22753736|5053|3646
5|692|23177807|4874|3630
14|692|22863060|4797|3376
17|692|23164917|4927|3526
18|692|22835933|5183|3967
1|692|23104274|5142|3953
20|692|23057468|4981|3599
21|692|22997353|4726|3398
19|692|23170730|4081|2737
27|692|23025701|4856|3462
24|692|22942880|5111|3696
30|692|22873392|4936|3518
6|692|22924577|4842|3480
26|692|23256222|4024|2763
28|692|23271404|4935|3499
22|692|23296429|4191|2968
29|692|22843875|5057|3692
31|692|22839903|5195|3829
23|692|22930169|4356|2963
9|692|23040027|4149|2715
16|692|22835955|4102|2784
7|693|40019918|6231|4667
4|693|40126744|6372|4878
29|693|39761317|6300|4681
20|693|39937234|6553|5029
5|693|39966193|5910|4362
13|693|40064646|6392|4894
2|693|40084154|6501|5005
10|693|40017583|6472|5012
18|693|40062841|5382|4109
9|693|39667377|5416|3885
8|693|39988064|5996|4454
15|693|40164217|6161|4621
14|693|39960709|6010|4657
1|693|39888583|6191|4637
21|693|39894002|5462|3910
23|693|39714182|5377|3873
22|693|39771652|5275|3801
25|693|40174348|5198|3863
24|693|39857635|6114|4651
28|693|39797310|6144|4629
30|693|39846866|6555|4960
16|693|39691482|4822|3425
6|693|39783663|6074|4453
27|693|39883275|6263|4657
19|693|39903476|4393|3211
3|693|40166936|6161|4681
26|693|39837929|5050|3730
31|693|39787144|5908|4424
12|693|40131984|5891|4328
17|693|40674158|4808|3395
0|693|42247784|6261|4686
11|693|42753638|6325|4695
3|694|23991567|5113|3946
14|694|24242451|5008|3991
23|694|24214953|3854|2795
25|694|24201722|4476|3281
4|694|24413739|5013|4003
11|694|21776382|4240|3082
13|694|24346795|4935|3930
6|694|24067929|4534|3385
10|694|24315345|5180|4064
12|694|23926540|4463|3462
2|694|24340334|5205|4153
0|694|22166722|4205|3235
9|694|24479832|3771|2835
18|694|24323981|3965|3007
22|694|24201730|3710|2695
27|694|24084457|5177|4214
21|694|24463241|4219|3159
29|694|24439894|5203|4056
31|694|23987269|4323|3241
1|694|24217714|5138|4046
5|694|24434717|4464|3296
16|694|24156846|3340|2430
26|694|24072791|3659|2669
20|694|24401611|5373|4285
24|694|24342879|5121|4123
30|694|24311242|5185|4207
8|694|24261777|4405|3211
19|694|24290426|3466|2489
17|694|24044064|3074|2111
7|694|25352292|5329|4394
28|694|25231821|5334|4365
15|694|25558090|5418|4416
1|695|26365808|4923|3475
14|695|26688317|5249|3746
5|695|26347660|5457|3866
23|695|26693424|4549|3071
19|695|26304683|4342|2903
11|695|26603164|5301|3865
4|695|26721343|5635|4112
13|695|26595957|5245|3681
12|695|26552577|5098|3633
7|695|25796649|5820|4224
15|695|25402485|5259|3698
9|695|26513948|4527|3045
18|695|26504151|4994|3595
20|695|26338016|5502|3953
21|695|26456816|5099|3687
16|695|26599952|4127|2685
24|695|26331345|5310|3961
25|695|26673197|5106|3655
27|695|26490519|5615|4140
22|695|26508363|4325|2835
29|695|26459313|5387|3885
3|695|26683035|5447|3883
28|695|25631319|5412|3912
30|695|26331390|5559|3920
17|695|26285331|4291|2810
31|695|26461820|5849|4385
26|695|26396739|4265|2904
0|695|26586458|5520|4134
6|695|26567973|5418|3859
8|695|26264921|5376|3882
10|695|26746901|5682|4113
2|695|26514566|5743|4225
5|696|23260436|4866|3352
4|696|23190447|4706|3193
24|696|23063991|4967|3504
23|696|23303488|4146|2713
0|696|22827121|5007|3538
21|696|23060032|4485|3021
2|696|22760557|5254|3780
13|696|23177068|4928|3413
14|696|23295491|4799|3293
11|696|23204418|4926|3495
10|696|22780382|4835|3376
20|696|23084417|5055|3529
6|696|22818980|5096|3666
9|696|23117236|4057|2650
19|696|23248499|4148|2721
12|696|23176209|4562|3147
17|696|22903365|4481|3139
8|696|22812032|4802|3411
15|696|23146075|5147|3637
18|696|23114066|5053|3641
22|696|22996864|4420|2996
31|696|22905112|5078|3602
1|696|23337291|4873|3334
28|696|22958820|5255|3696
7|696|23139314|5320|3824
30|696|22944011|5287|3708
16|696|23089628|3880|2584
25|696|23058826|4622|3186
27|696|23043367|4847|3387
29|696|23001456|5087|3612
3|696|22934664|4777|3203
26|696|22951648|4043|2587
5|697|20590538|4608|3194
3|697|20080193|4381|3059
10|697|20438832|4638|3330
31|697|20288626|4771|3288
1|697|20211779|4404|2957
7|697|20188838|4599|3226
8|697|20299176|4376|2954
11|697|20429467|4280|2958
6|697|20388119|4737|3307
0|697|20494975|4627|3137
13|697|20467207|4556|3280
12|697|20347365|4381|3015
14|697|20458835|4254|2876
9|697|20390479|3947|2565
18|697|20301780|4387|2951
4|697|20564917|4658|3270
15|697|20322848|4266|2886
25|697|20177289|4329|2860
20|697|20446916|4833|3388
30|697|20226348|4722|3156
17|697|20373767|4180|2691
16|697|20210723|3554|2331
28|697|20263471|4665|3347
27|697|20178275|4284|2966
24|697|20606695|4287|2947
29|697|20156932|4624|3369
2|697|20466198|4770|3315
22|697|20318811|3862|2581
23|697|20592167|3832|2600
21|697|20567044|4422|3014
19|697|20429604|3791|2416
26|697|20312232|3642|2322
2|698|22587844|4745|3605
8|698|22938031|4655|3515
15|698|22792376|4746|3622
17|698|22738972|3866|2694
0|698|22870900|4806|3615
3|698|23023609|4685|3432
9|698|22819667|3898|2618
5|698|23056933|4647|3474
10|698|23003650|4495|3310
6|698|22908228|4892|3714
11|698|22929003|4512|3246
12|698|22866397|4517|3217
1|698|22938659|4771|3613
13|698|22890177|4625|3379
22|698|22622612|3873|2663
19|698|22573177|3786|2547
16|698|22715853|3673|2581
20|698|22766457|4701|3513
7|698|22929781|4605|3385
29|698|22660985|4484|3175
21|698|22607002|4039|2926
28|698|22710126|4638|3330
14|698|22875946|4597|3317
4|698|22779428|4982|3774
24|698|22684867|4339|3024
25|698|22798146|4437|3154
31|698|23024138|4733|3538
26|698|22579803|3592|2498
18|698|22856142|4342|3136
30|698|22766355|4972|3783
27|698|22701519|4750|3480
23|698|22682626|3824|2521
4|699|17901104|3846|2603
17|699|18278163|3961|2735
22|699|18099964|3463|2291
3|699|18214516|4335|3063
5|699|18178441|4240|3004
19|699|18145008|3471|2262
0|699|18245946|4253|3051
2|699|18307161|4251|2997
16|699|18176218|3354|2191
6|699|18171002|4202|3066
11|699|18144791|3920|2815
21|699|17988186|4337|3085
24|699|17923846|4059|2909
1|699|18122943|4116|2858
9|699|18228923|3546|2335
13|699|18110218|3996|2784
18|699|17857614|4189|2913
12|699|18148275|4027|2946
29|699|18016835|3966|2789
28|699|17983110|4291|3149
23|699|18118570|3391|2256
20|699|18049848|4235|3131
25|699|17918270|3909|2765
31|699|17907161|4622|3303
10|699|18209966|4315|3219
8|699|18294898|4117|2878
30|699|17856995|4217|2986
27|699|17840487|4111|2828
15|699|18298302|4311|3077
26|699|17947698|3101|2047
7|699|18007856|4512|3380
14|699|17969563|3789|2677
0|700|16383926|3978|3008
3|700|16447513|3982|2969
8|700|16105543|3921|2767
10|700|16122154|3658|2587
27|700|16115684|3909|2891
4|700|16505392|4146|3346
11|700|16351030|3819|2788
2|700|16393958|4224|3291
7|700|16024830|4014|2927
6|700|16496327|3766|2605
9|700|16279783|3293|2313
26|700|16199633|3332|2143
14|700|16011352|3699|2726
5|700|16423757|3839|2739
15|700|16075199|3877|2949
21|700|16352750|3790|2696
18|700|16266755|3635|2573
20|700|16194076|3904|2872
19|700|16451234|3349|2206
22|700|16507518|3554|2454
24|700|16352080|3885|2859
23|700|16224474|3362|2249
25|700|16195082|3803|2616
17|700|16545561|3974|2855
28|700|16248213|3570|2529
12|700|16223151|3682|2886
30|700|16138499|4210|3183
29|700|16266045|4129|3038
31|700|16194436|3972|2931
1|700|16283123|3707|2580
13|700|16272632|3818|2987
16|700|16641448|3155|2109
3|701|17606553|3899|2809
1|701|17158459|3928|2805
0|701|17616733|4191|2927
10|701|17613366|4228|2997
22|701|17381603|4392|3194
18|701|17440838|4267|3104
4|701|17624983|4215|2989
8|701|17632204|3943|2777
30|701|17304725|4411|3000
31|701|17285916|4453|3316
15|701|17447375|4099|2823
13|701|17191370|3984|2700
16|701|17288076|3204|2076
6|701|17532299|3325|2193
14|701|17485814|3964|2723
21|701|17438324|4045|2791
17|701|17305312|3962|2786
12|701|17276364|4126|3011
20|701|17411712|4383|3142
7|701|17501476|4250|3021
26|701|17741333|3567|2343
9|701|17486417|3577|2408
24|701|17383791|3884|2643
29|701|17271771|4138|2973
25|701|17350638|3713|2472
28|701|17325048|4090|2959
11|701|17564255|4107|2905
5|701|17456404|3794|2610
2|701|17516496|4383|3113
27|701|17678343|4254|3165
23|701|17332618|3362|2353
19|701|17407644|3526|2352
3|702|18354543|3824|2734
6|702|18187745|3411|2358
31|702|18280490|3786|2746
26|702|18133319|3194|2120
2|702|17926354|4304|3192
0|702|18334483|4148|3225
7|702|18077472|3596|2611
13|702|18195975|3794|2901
8|702|18257864|3890|2906
20|702|18105436|3963|2964
11|702|17986154|3939|3030
4|702|18265636|4037|3065
12|702|18127555|3695|2760
22|702|18315079|3899|2915
15|702|18238584|3828|2703
18|702|18309103|4371|3369
23|702|17923543|3414|2243
19|702|17907692|3319|2288
10|702|18334661|4007|2931
9|702|18081074|3504|2446
25|702|18036465|3455|2569
21|702|18179020|3944|2765
17|702|18168381|3904|2894
30|702|18300166|4478|3400
1|702|18346015|3862|2816
16|702|18240180|3301|2242
24|702|18084765|4122|3170
27|702|17968237|3986|2924
29|702|18076535|3576|2622
14|702|18219581|3777|2657
28|702|18046137|4046|2994
5|702|17950086|3838|2912
0|703|20860086|4652|3308
9|703|20669456|3691|2433
14|703|20533881|4169|2846
26|703|20984120|3879|2544
29|703|20593806|4473|3087
1|703|20578414|4180|2859
16|703|20665920|3384|2194
5|703|20480538|4307|2997
12|703|20781476|4480|3048
8|703|20822571|4510|3177
13|703|20866079|4360|3068
18|703|20751703|4512|3247
17|703|20640258|3970|2686
20|703|20840247|4677|3355
6|703|20984392|3868|2639
4|703|20818075|4634|3336
11|703|20834994|4579|3234
21|703|20671620|4089|2827
2|703|20893983|4857|3461
22|703|20799290|4890|3514
19|703|20740563|3873|2546
28|703|20529243|4305|2876
15|703|20788010|4596|3241
30|703|20644644|4611|3306
25|703|20697527|4167|2863
23|703|20762122|3816|2536
10|703|20675119|4269|2989
24|703|20611935|4385|3097
31|703|21006125|5079|3852
27|703|20599469|4349|3141
7|703|20863195|4949|3621
3|703|20995853|5124|3712
5|704|20161724|4544|3349
3|704|19772669|4547|3288
4|704|20067092|4285|2995
27|704|19855569|4371|3026
12|704|20160203|4324|2951
23|704|19936116|3448|2232
0|704|20320379|5010|3549
16|704|20310592|3826|2620
14|704|20270171|4651|3262
2|704|20006655|4889|3596
9|704|20297650|3952|2622
7|704|19813191|4549|3256
19|704|19985327|3801|2448
6|704|20088340|3608|2399
8|704|20142344|4390|3081
21|704|20026035|4416|3061
20|704|20110222|4667|3363
13|704|20162603|4393|3229
18|704|20148034|4675|3493
25|704|19930098|4382|3085
15|704|19940966|4470|3159
24|704|19877544|4535|3224
17|704|20136823|4531|3170
30|704|19953300|4742|3437
28|704|19990755|4668|3274
22|704|20027008|4963|3596
31|704|19882641|4613|3359
1|704|20212277|4482|3269
29|704|20306169|4772|3376
10|704|19854440|4698|3445
26|704|20352779|3827|2528
11|704|20033360|4571|3198
5|705|17819804|3510|2381
3|705|17800224|3765|2804
11|705|17316455|3708|2628
21|705|17596796|3685|2524
28|705|17457512|4277|2796
30|705|17498067|3838|2768
8|705|17586907|3864|2729
0|705|17721777|4280|3000
14|705|17696633|3840|2719
20|705|17563071|3866|2844
12|705|17769854|3920|2728
15|705|17500284|3690|2558
9|705|17678154|3570|2284
1|705|17352216|3772|2531
13|705|17553929|3677|2667
17|705|17473015|3762|2569
4|705|17802432|3820|2657
6|705|17628116|3265|2228
18|705|17545470|3893|2854
22|705|17429756|4164|3049
10|705|17320994|3997|2794
25|705|17541314|3807|2696
2|705|17658144|4056|2845
29|705|17398725|3857|2650
23|705|17789228|3404|2266
16|705|17760387|3419|2147
27|705|17828478|4090|2928
19|705|17681863|3416|2261
7|705|17642164|3961|2887
24|705|17532880|3891|2775
31|705|17477752|3524|2542
26|705|17454448|3297|2109
5|706|22189766|4668|3332
10|706|21875147|4931|3538
25|706|21885726|4818|3493
16|706|21827344|4234|2891
19|706|21806189|4007|2689
11|706|22168387|4845|3575
12|706|22035038|4608|3289
4|706|21920713|4842|3507
7|706|21742651|4975|3584
13|706|21975401|4731|3423
8|706|22105163|4728|3406
9|706|22013415|4339|3057
17|706|21965327|4621|3345
14|706|22080164|4799|3548
6|706|21933376|4162|2796
18|706|21921340|4900|3549
20|706|22067797|4365|3136
26|706|21985453|4036|2672
21|706|22181544|5000|3630
1|706|22007658|5084|3696
22|706|21915989|5189|3883
23|706|21835003|4395|2977
0|706|22065951|5104|3776
30|706|22150846|5111|3715
29|706|21866568|5230|3775
31|706|21751866|5246|3858
28|706|22178076|5226|3666
3|706|22170119|5324|4031
27|706|21820071|4833|3539
2|706|21835187|5241|3918
24|706|21782016|4956|3519
15|706|22035206|5274|4021
0|707|21496862|4735|3293
14|707|21674187|4688|3271
19|707|21885929|4148|2790
5|707|21902607|4662|3207
7|707|21744156|4817|3504
1|707|21558845|4749|3382
2|707|21383008|5166|3715
11|707|21825223|4762|3279
8|707|21713427|5104|3647
9|707|21693336|4097|2686
10|707|21884614|4767|3417
26|707|21804863|3979|2615
13|707|21739969|4762|3371
12|707|21806448|4623|3289
15|707|21373911|4643|3261
3|707|21418051|4732|3374
18|707|21647276|4624|3324
20|707|21635256|4932|3569
22|707|21572812|4549|3161
16|707|21878521|3840|2611
21|707|21612662|4752|3312
23|707|21561140|3851|2530
25|707|21902126|4682|3238
17|707|21710169|4783|3370
24|707|21408534|4849|3450
4|707|21773450|4644|3283
31|707|21513059|4577|3191
28|707|21500865|4896|3423
29|707|21529518|5072|3762
27|707|21458721|4367|2924
30|707|21550614|5140|3770
6|707|21650622|4119|2625
8|708|21301767|4848|3401
4|708|21021695|4901|3483
9|708|21304766|4039|2670
2|708|21337395|5429|3957
27|708|21050677|4596|3142
26|708|21363104|4017|2758
5|708|21382800|5080|3671
12|708|21235388|4300|2955
11|708|21332023|4668|3242
13|708|21247495|4452|3044
20|708|21180920|5393|4046
7|708|21390357|5082|3691
10|708|21279879|4579|3220
17|708|21082667|4862|3479
22|708|21170173|5103|3605
21|708|21132354|4528|3143
14|708|21450458|4897|3534
6|708|20962370|4076|2662
15|708|21236745|5071|3600
3|708|21187322|4725|3280
16|708|21172077|3991|2685
18|708|21225207|5115|3832
19|708|21461177|3984|2714
23|708|21148281|4181|2863
24|708|21116919|4845|3484
25|708|21158131|4561|3238
28|708|21081781|5171|3590
1|708|21354071|4807|3338
30|708|21038327|4865|3418
29|708|21071897|4671|3318
31|708|21098834|4754|3434
0|708|21450468|4925|3515
5|709|18947580|4354|3216
1|709|18592049|4353|3210
18|709|18726712|4561|3385
27|709|19033741|4455|3186
22|709|18881758|4760|3562
4|709|19065222|4617|3405
0|709|18512218|4561|3457
12|709|18952507|4295|3006
10|709|18872079|4003|2875
11|709|18937461|4229|3154
26|709|19128722|3564|2493
16|709|18733035|3573|2532
13|709|18921845|4343|3211
23|709|18686599|3680|2629
21|709|18833352|4267|3086
15|709|18784577|4542|3358
3|709|18732864|4583|3333
17|709|18870979|4308|3243
19|709|18714682|3694|2732
14|709|18822627|4086|2916
25|709|18665649|4348|3175
29|709|18590428|4362|3242
28|709|18649941|4415|3255
30|709|18614996|3753|2551
24|709|18694396|4504|3440
2|709|19009394|4835|3722
31|709|18590499|4390|3231
9|709|19086375|3721|2629
8|709|19089772|4501|3234
7|709|18999296|3591|2433
20|709|18904479|4701|3459
6|709|19005392|3797|2483
11|710|15246414|3051|2111
0|710|15303818|3636|2765
10|710|15287870|3657|2892
27|710|15392433|3379|2650
30|710|15079239|2925|2075
1|710|15391618|3658|2592
16|710|15316691|2785|1909
20|710|14912355|3465|2634
18|710|15381423|3844|2951
15|710|15176305|3443|2611
12|710|15314994|3517|2531
21|710|15196445|2939|2152
8|710|14956331|3426|2489
7|710|14932928|2764|1900
4|710|15347907|3329|2627
9|710|14974636|2859|2039
28|710|15071034|3655|2899
13|710|15248562|3105|2276
19|710|15140247|2837|2044
29|710|15090061|3720|2796
14|710|15124197|2565|1822
25|710|15110024|3328|2328
2|710|14978974|3650|2773
22|710|15387467|2911|2213
24|710|15047790|3379|2505
17|710|15170466|3506|2650
31|710|15024232|3458|2671
23|710|15251135|3006|2165
5|710|15397284|3485|2572
26|710|15312207|2895|2012
6|710|14963864|2738|1840
3|710|15130955|3458|2605
0|711|19802074|4555|3334
8|711|19647297|4324|3114
12|711|19691102|4627|3355
29|711|19550104|4944|3812
30|711|19808331|3877|2766
11|711|19830203|4464|3182
9|711|19592915|3626|2426
1|711|19748457|4708|3454
7|711|19628346|3712|2575
18|711|19707870|4828|3596
20|711|19726093|4846|3553
21|711|19670832|4558|3411
13|711|19568730|4196|3060
2|711|19460902|4673|3466
10|711|19793462|4438|3321
6|711|19353214|3619|2412
4|711|19621810|4324|3053
17|711|19446500|4297|3047
23|711|19418593|3819|2601
22|711|19481206|3621|2429
15|711|19686361|4928|3851
24|711|19471617|4386|3105
28|711|19604192|4781|3610
19|711|19571859|3810|2658
5|711|19379297|4259|2995
27|711|19807264|4462|3327
14|711|19545519|3548|2417
31|711|19455781|4600|3448
16|711|19776302|3605|2473
25|711|19535115|3955|2821
3|711|19327996|4281|3070
26|711|19415434|3623|2474
5|712|18770453|4388|3006
0|712|19169255|4270|2974
9|712|19084091|3653|2551
14|712|18786566|3704|2405
16|712|18753459|3576|2408
30|712|19177542|3839|2682
4|712|18911546|4213|2949
7|712|19132448|3704|2479
25|712|18796601|4062|2798
12|712|19171555|4066|2907
18|712|19046224|4659|3490
3|712|18691254|4288|2974
17|712|18925727|4361|3141
13|712|19001127|3998|2783
20|712|19042868|4723|3484
15|712|18885695|4192|3037
23|712|18916323|3816|2527
21|712|19032296|4218|2983
8|712|19162773|4086|2867
28|712|18871753|4484|3181
27|712|18820289|4312|3061
24|712|18892709|4130|2852
31|712|18776398|4432|3191
2|712|18949312|4969|3681
10|712|18955002|4353|3272
26|712|18717190|3724|2518
29|712|19202279|4420|3184
19|712|18869420|3545|2469
1|712|19072387|4457|3248
11|712|19110874|4214|2971
22|712|19011219|3557|2337
6|712|19159415|3681|2422
0|713|20225425|4601|3432
9|713|20213026|3826|2797
24|713|19946760|4309|2981
8|713|19951186|4261|3039
5|713|20250745|4392|3286
1|713|19787668|4451|3120
2|713|19876294|4451|3215
11|713|19776651|4234|3144
6|713|19750409|3729|2496
3|713|20066229|4546|3498
15|713|20016601|4555|3376
13|713|20050813|4286|3083
12|713|20128602|4164|3115
10|713|19879673|4733|3410
20|713|20037281|4603|3441
17|713|20069994|4436|3247
22|713|19776243|3803|2646
14|713|20219947|3669|2614
21|713|19997224|4426|3292
18|713|20121718|4861|3666
19|713|19836269|3792|2624
25|713|20159251|4276|3064
23|713|20020596|3919|2743
28|713|19971581|4554|3356
27|713|19958196|4166|2981
29|713|19873243|4422|3251
31|713|19938423|4861|3744
4|713|20146183|4721|3539
26|713|19892270|3639|2425
30|713|20216341|3837|2528
16|713|20303027|3819|2538
7|713|20325398|3625|2479
4|714|19055451|4519|3237
20|714|19282049|4693|3424
11|714|19420779|4397|3179
29|714|19143503|4556|3328
16|714|19087054|3310|2215
7|714|19091935|3689|2450
10|714|19301997|4316|3043
8|714|19464953|4322|3071
12|714|19320974|4184|2867
0|714|19537268|4438|3121
21|714|19230125|4351|3083
13|714|19339439|4446|3343
18|714|19219894|4446|3205
9|714|19514809|3662|2500
25|714|19187628|4333|2968
24|714|19495208|4525|3300
6|714|19397731|3641|2466
19|714|19208266|3794|2532
1|714|19455353|4538|3340
5|714|19427618|4465|3010
17|714|19304717|4388|3162
14|714|19274901|3547|2309
23|714|19191450|3748|2468
2|714|19400133|5010|3704
22|714|19297977|3874|2640
28|714|19189706|4621|3361
31|714|19154286|4505|3217
30|714|19105638|3772|2577
27|714|19184292|4365|3157
15|714|19345105|4628|3453
3|714|19343362|4587|3298
26|714|19216748|3729|2415
0|715|16664635|3721|2715
5|715|16518246|3831|2792
1|715|16547881|3747|2718
8|715|16748750|3446|2641
21|715|16713954|3912|2883
23|715|16519870|3124|2233
27|715|16449404|3609|2664
26|715|16410489|3052|2093
20|715|16822070|3970|3055
2|715|16443427|4040|3166
10|715|16754809|3925|2986
7|715|16770528|3100|2242
18|715|16663936|3850|2933
25|715|16644144|3613|2723
11|715|16786382|3760|2830
15|715|16396166|3780|2763
24|715|16633936|3657|2805
16|715|16805785|3004|2002
19|715|16603938|3208|2292
4|715|16833229|3932|3065
22|715|16488884|3124|2171
13|715|16709240|3533|2675
31|715|16463623|3857|2880
3|715|16321107|3310|2406
29|715|16836429|3792|2844
30|715|16453799|3179|2364
17|715|16573576|3901|2910
14|715|16556864|2978|2161
28|715|16492790|3820|2960
12|715|16711449|3597|2702
9|715|16716821|3237|2207
6|715|16587545|3099|2224
5|716|23403670|5047|3670
3|716|23057247|5001|3679
20|716|23347122|5366|3941
7|716|23332412|4148|2628
31|716|23161853|4778|3299
24|716|23293889|5046|3545
1|716|23407484|5225|3732
12|716|22978335|5032|3642
2|716|23315232|5426|3974
10|716|23304391|4654|3231
13|716|23140062|5156|3647
8|716|23378108|5124|3652
18|716|23295190|4635|3229
25|716|23287455|4943|3433
21|716|23421391|5206|3622
15|716|23263607|5165|3663
9|716|23002970|4119|2746
0|716|23418825|5193|3769
28|716|23052349|4996|3474
22|716|23193620|4291|2806
6|716|23005743|4242|2792
14|716|23074160|4078|2634
27|716|23419713|5211|3714
17|716|23100788|4740|3197
11|716|23228095|5235|3718
29|716|23139875|5207|3608
23|716|23452698|4290|2968
19|716|23253316|4125|2633
4|716|23122172|4965|3413
30|716|23158283|4291|2866
26|716|23509526|4147|2686
16|716|23455779|3991|2601
0|717|21557297|4824|3290
12|717|21753511|4789|3278
19|717|21404499|4038|2517
30|717|21401344|3899|2541
5|717|21872126|4514|2978
11|717|21452918|4519|3015
3|717|21849888|4767|3212
15|717|21609381|4778|3296
1|717|21765383|4769|3247
16|717|21328298|3685|2341
13|717|21704663|4756|3211
14|717|21516816|3892|2482
18|717|21671606|4549|2986
6|717|21531215|4009|2499
4|717|21355042|4726|3270
8|717|21694399|4692|3188
25|717|21657317|4363|2859
23|717|21429626|4148|2677
26|717|21352134|3677|2344
21|717|21639243|4822|3299
17|717|21482104|4620|3094
22|717|21549212|4071|2650
20|717|21838402|4930|3352
2|717|21711727|4788|3320
24|717|21809068|4943|3428
31|717|21831274|4965|3431
28|717|21599065|4859|3308
27|717|21533427|4764|3318
29|717|21488425|4973|3406
7|717|21866651|4000|2523
10|717|21700441|4725|3178
9|717|21699891|4062|2496
2|718|23670535|5302|3820
1|718|23943613|5034|3788
27|718|23667767|4476|3125
29|718|23656978|4831|3496
6|718|23849949|4447|3094
30|718|24095226|4292|2924
7|718|23657102|3841|2541
23|718|23794745|4572|3226
21|718|23766970|4461|3169
13|718|23915281|4459|3185
8|718|23839541|4933|3597
10|718|23560198|4629|3423
12|718|24088229|4874|3659
26|718|23961314|4078|2729
19|718|24058461|4235|2961
9|718|23576831|4096|2746
14|718|23906390|3972|2638
17|718|23760240|4699|3302
16|718|23943740|3972|2707
0|718|24111072|5091|3647
15|718|23990382|4615|3249
22|718|23745896|4333|3009
31|718|23691943|4923|3621
20|718|23741037|4681|3382
25|718|23851967|4936|3455
5|718|24002306|4659|3248
24|718|23711786|4658|3324
28|718|23693937|4782|3376
3|718|23975466|5213|3797
4|718|23841747|4719|3430
18|718|23879116|4405|3114
11|718|24014703|4979|3629
3|719|19720253|4212|3033
1|719|20172315|4435|3234
7|719|20147737|3747|2486
27|719|20209792|4907|3669
11|719|19687806|3913|2681
12|719|20016619|3949|2791
15|719|19981955|3817|2477
6|719|20151203|4566|3382
19|719|20113820|3727|2511
21|719|20104536|4129|2875
10|719|20054464|4722|3542
20|719|19849066|3602|2428
14|719|20164170|3657|2453
18|719|19729785|4628|3412
13|719|20095516|4516|3272
17|719|19976078|4267|3116
16|719|19952677|3709|2474
30|719|20161215|3765|2556
26|719|20031669|3728|2552
22|719|19902529|3846|2650
9|719|20012689|3876|2642
4|719|19719344|4493|3325
24|719|19801221|4289|3064
23|719|20156532|4826|3557
25|719|19842101|4009|2860
28|719|19796508|4641|3284
29|719|20207030|4656|3420
5|719|19784929|4240|2948
31|719|19926727|4921|3648
2|719|20179883|5258|3942
8|719|20063500|4415|3370
0|719|19927158|4429|3117
2|720|20191687|4991|3725
12|720|20641280|4374|3088
25|720|20327562|4156|2927
31|720|20273322|4639|3291
1|720|20692318|4632|3207
7|720|20756637|3736|2425
13|720|20483788|4218|2914
10|720|20561367|4462|3061
17|720|20475281|4454|3121
15|720|20629258|3647|2491
20|720|20539265|3911|2668
18|720|20512706|5068|3622
11|720|20661066|4422|3140
28|720|20294006|4597|3117
4|720|20365794|4612|3155
23|720|20329105|4598|3329
8|720|20183902|4479|3186
5|720|20265355|4436|3054
16|720|20467667|3537|2393
22|720|20402209|3784|2505
21|720|20600116|4330|3044
3|720|20748009|4683|3316
6|720|20630209|4891|3497
30|720|20451051|3851|2610
27|720|20701095|4731|3300
9|720|20359527|3769|2487
29|720|20303605|4734|3547
24|720|20371547|4394|3197
0|720|20174232|4255|2887
26|720|20465892|3751|2390
19|720|20589601|3639|2412
14|720|20631198|3870|2456
2|721|19932855|4473|3129
24|721|19528781|4597|3156
17|721|19858210|4231|2843
8|721|19682832|4452|3040
5|721|19682766|4371|3031
30|721|19653751|4038|2594
12|721|19948630|4315|2960
13|721|19868657|4239|2987
7|721|20000622|3782|2410
6|721|19583181|4688|3376
1|721|19900815|4856|3491
19|721|19471743|3888|2544
15|721|19821920|3814|2529
9|721|19563427|4028|2608
20|721|19811907|4082|2701
18|721|19797809|4667|3183
21|721|19646474|4710|3281
26|721|19496887|3835|2511
28|721|19770009|4724|3271
22|721|19670248|4048|2661
23|721|19741473|5232|3636
11|721|19798359|4763|3299
29|721|19571094|4532|3327
27|721|19607159|4721|3321
14|721|19481543|3599|2345
3|721|19657156|4738|3265
31|721|19948694|5094|3627
4|721|19723611|4525|3115
25|721|19975504|4595|3211
10|721|19902046|4415|3043
0|721|19508419|4429|3061
16|721|19671623|3949|2563
0|722|17900381|3990|2941
4|722|17963097|4239|3167
1|722|18248022|3846|2778
18|722|18202082|4202|3139
27|722|18095601|4000|2890
30|722|18416674|3619|2407
16|722|17911057|4028|2958
29|722|18162902|4303|3149
14|722|18139260|3312|2262
11|722|18093180|4217|3232
13|722|18324157|4025|3004
2|722|18438597|4422|3292
21|722|18181325|3926|2918
15|722|18250174|3331|2306
6|722|18287181|4047|2906
17|722|18413315|4308|3127
23|722|18119176|4323|3229
19|722|18270351|3281|2255
3|722|17996104|3798|2777
22|722|18144939|3471|2456
24|722|18434959|4249|3053
26|722|18182978|4165|3117
20|722|18239787|3618|2492
31|722|18028914|3994|2896
28|722|18181348|3741|2672
8|722|18375823|4015|2946
25|722|18006054|3568|2588
10|722|17939725|3984|2815
12|722|18333917|3921|2895
9|722|18224921|3628|2530
5|722|18571612|3561|2392
7|722|18509462|3570|2508
1|723|16323799|3430|2469
8|723|15926145|3381|2547
13|723|16209827|3569|2697
7|723|15854625|2882|1982
27|723|16350150|3456|2555
14|723|16309217|2642|2021
6|723|16140240|3535|2524
10|723|15995960|3537|2533
5|723|15828572|3559|2496
0|723|16375975|3722|2878
2|723|16203414|3871|2995
21|723|16187869|3571|2639
25|723|15933386|3329|2463
9|723|16054598|3119|2167
20|723|16024211|2792|2016
23|723|16134374|3766|2883
30|723|16310856|3118|2165
17|723|16152896|3744|2871
28|723|15976296|3757|2840
29|723|16284750|3291|2419
31|723|15990765|3511|2661
4|723|16357194|3873|2966
15|723|16194048|3007|2260
26|723|16060508|4016|3236
24|723|16092806|3636|2788
3|723|16076728|3833|3007
18|723|16312982|3518|2647
19|723|16182536|2780|1982
11|723|16232257|3684|2676
12|723|16018911|3240|2453
16|723|16292425|3707|2594
22|723|16297447|3001|2092
5|724|19790267|4413|2939
1|724|19936885|4512|2975
7|724|19884832|3944|2525
21|724|19798894|4294|2860
30|724|19747953|3886|2496
31|724|19702731|4800|3444
10|724|19844645|4531|3049
14|724|19966776|3764|2432
12|724|19497902|4349|2962
11|724|19516988|4506|3046
8|724|19955043|4675|3271
17|724|19696518|4254|2819
16|724|19488633|4417|2984
9|724|19761966|4066|2634
13|724|19942065|4365|2893
19|724|19545822|4011|2570
23|724|19741528|4674|3216
24|724|19599567|4451|2945
2|724|19823280|5013|3489
20|724|19762268|4191|2716
3|724|19536184|4570|3070
26|724|19621492|4567|3072
15|724|19639129|3866|2517
22|724|19497952|3939|2647
25|724|19799416|4516|3095
0|724|19804730|4572|3216
27|724|19945209|4524|3103
29|724|19720280|4675|3202
28|724|19735644|4814|3344
4|724|19608239|4394|2967
18|724|19612743|4935|3412
6|724|19856500|4627|3232
1|725|20956389|4689|3441
2|725|20679484|4515|3189
10|725|20896147|4593|3404
30|725|20965248|4416|3078
3|725|20651944|4595|3298
31|725|20971464|4516|3154
5|725|20972371|4391|2982
9|725|20897117|3613|2416
15|725|20769719|3596|2269
11|725|20839770|4726|3601
21|725|20937736|4512|3114
6|725|20499091|4285|2886
17|725|20813853|4671|3310
22|725|20625590|3827|2528
14|725|20882087|3691|2413
16|725|20794501|4317|3015
23|725|20747744|4962|3818
20|725|20702919|3877|2636
25|725|20619242|4314|3076
0|725|20561085|4366|2979
18|725|20529199|4563|3266
26|725|20674470|4363|2993
13|725|20786893|4548|3456
24|725|20741939|4351|3264
28|725|20567765|4486|3239
19|725|20773707|3747|2509
4|725|20502179|4374|3030
29|725|20601806|4432|3076
27|725|20617401|4013|2730
8|725|20813805|4227|2921
12|725|20851924|4260|3086
7|725|20953133|4259|2927
0|726|21680786|4065|2797
5|726|21925757|4147|2926
3|726|21938501|4353|3157
28|726|21668463|4384|3101
29|726|21645283|4140|2911
19|726|21690870|3595|2397
6|726|21841417|4031|2793
8|726|21548777|3940|2667
7|726|21516728|4188|2918
13|726|21664503|3974|2677
1|726|22026648|4305|3038
11|726|21884431|4047|2911
16|726|21788782|3957|2769
10|726|22014456|3988|2793
12|726|21557346|4164|3128
25|726|21753788|4035|2775
18|726|21723626|4372|3171
26|726|21711731|4006|2872
4|726|21565979|4389|3133
27|726|21604738|4220|2902
15|726|22233178|3307|2111
21|726|21912947|4329|2915
14|726|21847914|3532|2353
24|726|21705343|3857|2665
2|726|22010086|4466|3311
23|726|21840193|4262|3000
30|726|22061456|4294|3209
31|726|22030555|3923|2846
9|726|21906860|3691|2514
17|726|21913728|4194|2853
22|726|21902980|3541|2224
20|726|21795804|3526|2403
8|727|29545609|5393|3926
21|727|29355162|5515|4051
25|727|29483615|5392|4009
23|727|29341473|5273|3972
28|727|29733701|5701|4314
20|727|29279405|4590|3245
26|727|29532161|5593|4311
0|727|29702512|5661|4363
10|727|29468964|5208|3949
11|727|29524415|5534|4168
19|727|29799292|4301|2958
2|727|29265589|5402|3943
17|727|29227367|4510|3178
9|727|29249831|4728|3332
18|727|29455587|5549|4220
5|727|29661922|5185|3822
16|727|29552583|4956|3555
1|727|29515308|5433|3909
30|727|29324170|5597|4200
24|727|29379958|5186|3895
29|727|29703160|4859|3504
31|727|29310977|5295|3935
27|727|29456655|5474|4203
4|727|29379151|5559|4159
22|727|29295229|4382|3023
3|727|29663578|5459|3987
14|727|29444754|4094|2753
12|727|29449570|4935|3452
13|727|29721396|5499|4150
6|727|29611632|5388|4022
15|727|29935541|4117|2768
7|727|31096033|5864|4514
5|728|20835126|4200|2863
4|728|20729471|4732|3384
21|728|21133722|4687|3424
26|728|21049810|4656|3465
2|728|20911776|4946|3574
14|728|20748196|3670|2469
1|728|20808067|4663|3422
0|728|20980287|4566|3166
12|728|20636574|4364|3088
11|728|20950803|4654|3267
16|728|20831422|4598|3298
17|728|20904944|4525|3208
7|728|19597098|4500|3225
15|728|20781883|3800|2517
8|728|21114354|4700|3435
9|728|20896191|3702|2447
19|728|20953692|3817|2680
18|728|20887204|5084|3896
23|728|21078027|5271|3875
30|728|20829348|4885|3511
25|728|21124207|4754|3394
28|728|21073104|4869|3507
24|728|20818718|4821|3675
22|728|20742702|3890|2594
10|728|20956127|4640|3315
27|728|20786820|4710|3417
29|728|20817015|4778|3458
6|728|20596608|4879|3577
20|728|21071053|3806|2664
31|728|20818277|4885|3529
3|728|20671384|5015|3723
13|728|20624849|4152|2853
1|729|16247789|3628|2597
7|729|16153055|3379|2331
18|729|16102267|3412|2649
24|729|16045639|3165|2489
26|729|16363453|3632|2618
9|729|16180453|2787|1846
5|729|16452623|3223|2254
0|729|16234914|3297|2340
2|729|16297570|3649|2639
11|729|16224852|3452|2549
23|729|16081034|3808|2849
14|729|16300224|3058|2013
17|729|16191299|3452|2468
25|729|16060800|3283|2225
21|729|16359036|3582|2503
16|729|16226557|3657|2564
8|729|16119003|3289|2296
13|729|15878954|3359|2431
28|729|16051472|3786|2836
27|729|15983925|3466|2563
6|729|15952612|3397|2558
22|729|16018976|3057|2124
30|729|16092275|4120|3137
15|729|16185005|2805|1886
19|729|16139835|3155|2136
29|729|15983270|3904|2853
12|729|16225223|3186|2307
31|729|15938676|3506|2575
4|729|16332461|3486|2594
20|729|15959802|2942|2188
10|729|15965831|3358|2333
3|729|15864400|3590|2603
1|730|20342722|4497|3278
8|730|20101450|4337|3112
5|730|20254757|4486|3225
12|730|19963237|4321|2936
29|730|20005554|4733|3429
4|730|19910736|4493|3239
6|730|20040605|4364|3044
11|730|20214562|4317|2983
10|730|19875956|4384|3115
9|730|20281580|3955|2629
3|730|19843253|4509|3238
16|730|20136676|4355|3070
18|730|20333776|4978|3622
17|730|20183303|4847|3558
13|730|20104775|4305|3087
7|730|20360396|4988|3739
0|730|20232123|4801|3590
21|730|20159787|4524|3310
23|730|20222176|4784|3419
25|730|20181193|4081|2864
22|730|20056933|3881|2540
19|730|20011135|3774|2719
14|730|20215181|3674|2545
28|730|20112323|4614|3426
20|730|19925724|3789|2483
26|730|20329754|4460|3148
27|730|20099175|4053|2924
31|730|19979764|4681|3395
2|730|20218428|4805|3608
30|730|20063118|4911|3578
24|730|20358573|4183|3040
15|730|20184123|3806|2445
8|731|16810374|3640|2645
4|731|16748869|3860|2678
2|731|16380805|3825|2811
19|731|16522750|3087|2141
15|731|16368959|3122|2069
1|731|16818613|3609|2624
5|731|16817522|3997|2898
10|731|16700102|3622|2675
17|731|16620046|3661|2697
11|731|16726973|3779|2660
6|731|16744737|4183|3119
23|731|16555426|3896|2794
14|731|16649043|3185|2072
16|731|16666005|3827|2665
20|731|16456598|3023|2108
12|731|16826487|3971|3023
28|731|16481317|3963|2794
18|731|16664412|4290|3165
9|731|16711656|3213|2173
26|731|16449368|3595|2553
30|731|16394427|3757|2545
27|731|16441546|3677|2763
24|731|16384212|3693|2812
31|731|16430364|4050|3077
25|731|16567108|3688|2791
3|731|16640573|3848|2685
22|731|16543495|3314|2191
29|731|16828117|3739|2655
21|731|16596661|3710|2640
7|731|16575806|3983|3118
13|731|16742737|3761|2818
0|731|16545825|4077|3052
5|732|18460209|3944|2847
2|732|18529902|4494|3300
17|732|18468077|4228|2863
24|732|18268547|4057|2795
16|732|18423934|4094|2748
27|732|18305210|4087|2796
28|732|18393373|4312|3017
12|732|18338642|4003|2852
8|732|18595696|4265|3048
1|732|18509409|3897|2700
19|732|18536732|3860|2573
25|732|18213160|3954|2673
11|732|18452013|4486|3193
7|732|18112920|4153|2821
15|732|18540564|3546|2368
9|732|18309802|3689|2476
13|732|18108006|4066|2787
0|732|18044608|4124|2916
23|732|18436536|4479|3278
18|732|18340594|4512|3131
22|732|18190651|3672|2483
21|732|18157420|4082|2839
20|732|18400945|3689|2437
4|732|18542204|4232|2909
26|732|18330812|4283|3080
29|732|18188472|4227|2991
6|732|18395381|4418|3278
3|732|18149520|4172|2881
31|732|18283326|4423|3200
30|732|18336023|4363|3185
10|732|18446988|3879|2682
14|732|18554671|3470|2269
0|733|20298196|4319|3040
2|733|20552638|4923|3749
20|733|20280731|3789|2558
21|733|20314370|4189|3064
31|733|20205771|4320|3245
4|733|20221509|4303|3080
29|733|20302272|4516|3247
10|733|20110447|4172|2962
11|733|20408426|4227|3083
14|733|20249393|3167|2205
3|733|20171733|4307|3105
6|733|20194712|4383|3073
7|733|20408973|4299|3099
18|733|20315074|4529|3314
15|733|20395056|3464|2357
17|733|20582826|4268|3185
16|733|20563599|4396|3179
13|733|20382160|3986|3040
19|733|20483716|3715|2575
5|733|20599205|3977|2734
23|733|20358585|4467|3223
26|733|20263725|4273|3010
1|733|20448468|4160|2975
28|733|20580333|4453|3131
25|733|20488069|3945|2757
8|733|20466298|4205|2990
22|733|20359415|3701|2584
27|733|20606258|4203|3014
30|733|20207662|4430|3136
9|733|20354231|3531|2358
24|733|20661486|4189|3083
12|733|20497882|4045|2927
2|734|24450475|5570|4093
7|734|24299627|4969|3558
1|734|24117090|4755|3172
18|734|24340080|5257|3788
5|734|24166965|4927|3401
0|734|24507976|5012|3551
3|734|24325874|5224|3638
15|734|24397883|3982|2549
14|734|24500397|3880|2488
6|734|24302125|4563|3092
20|734|24476463|3916|2608
8|734|24095904|5015|3730
11|734|24380582|5130|3732
21|734|24474953|4710|3187
16|734|24254863|5009|3612
13|734|24238643|4687|3239
25|734|24134493|4674|3257
24|734|24027173|4535|3103
26|734|24187829|4693|3236
19|734|24236017|3943|2531
23|734|24205733|5057|3546
30|734|24072987|5146|3711
28|734|24165454|5319|3856
29|734|24450604|5168|3630
27|734|24095883|4611|3093
31|734|24486843|5324|3867
22|734|24120939|4097|2727
4|734|24399841|5152|3699
17|734|24312236|5009|3635
9|734|24088259|4030|2564
12|734|23972364|4932|3549
10|734|24378611|4405|3032
2|735|22692272|5068|3513
11|735|22501652|5084|3537
0|735|22629641|5021|3486
17|735|22288614|4772|3346
6|735|22548528|5144|3619
5|735|22638650|5161|3598
4|735|22242609|5001|3520
19|735|22393025|4201|2638
15|735|22729536|4299|2797
9|735|22370981|4199|2692
12|735|22205259|4564|3014
7|735|22711930|5076|3499
22|735|22289309|4285|2809
13|735|22477093|4865|3435
25|735|22459019|4447|2932
8|735|22507732|4822|3410
18|735|22688602|5227|3665
29|735|22354294|4974|3404
24|735|22449651|4620|3222
27|735|22341903|4934|3336
30|735|22390401|4945|3358
31|735|22333957|5232|3636
21|735|22527735|4763|3333
28|735|22379304|4987|3418
26|735|22441900|5142|3523
14|735|22994379|3990|2534
20|735|22580070|4133|2638
10|735|22222292|5032|3502
3|735|22582184|4947|3338
16|735|22481306|4822|3331
1|735|22681811|4663|3259
23|735|22413662|5006|3388
8|736|20697446|4720|3231
3|736|20487086|4736|3284
30|736|20683124|4809|3351
10|736|20512500|4388|3074
11|736|20965620|4582|3263
16|736|20492611|4635|3187
9|736|20946964|4058|2611
1|736|20477339|4389|2979
2|736|21006711|5047|3553
7|736|20800937|4836|3418
6|736|20908608|4534|3096
17|736|20935429|4560|3017
13|736|20768183|4843|3298
18|736|20720072|4784|3328
21|736|20626647|4624|3105
15|736|21118637|3787|2429
25|736|20759916|4523|3037
14|736|20584541|3735|2422
20|736|20567373|3996|2585
23|736|20488480|4905|3488
28|736|20622354|5158|3737
26|736|20615014|4705|3285
0|736|20926319|4727|3297
31|736|20668699|4655|3233
24|736|20717997|4654|3143
19|736|20895217|4124|2663
27|736|20707436|4564|3108
5|736|20954696|4153|2646
29|736|20755038|4994|3598
22|736|20884057|4145|2624
4|736|20880079|4810|3351
12|736|20827497|4415|2954
1|737|22590416|4616|3184
16|737|22657189|4219|2766
27|737|22315650|4714|3238
0|737|22337012|4746|3192
6|737|22529861|4419|2913
3|737|22710450|4693|3109
10|737|22660293|4437|2985
4|737|22198402|4532|3092
2|737|22589695|4881|3391
23|737|22405760|5063|3669
21|737|22487701|4626|3220
7|737|22569776|4748|3300
8|737|22768545|4826|3350
12|737|22201768|4417|3034
17|737|22542265|4677|3282
18|737|22513183|4904|3330
25|737|22467322|4402|2912
26|737|22388837|4866|3372
20|737|22436749|3995|2636
11|737|22678945|4665|3234
9|737|22609318|3985|2617
30|737|22716358|5070|3799
24|737|22341693|4374|2924
13|737|22553154|4691|3336
31|737|22373346|4826|3344
28|737|22427425|4984|3511
22|737|22266931|4034|2618
29|737|22288676|4790|3339
5|737|22238437|4458|3058
19|737|22367421|4116|2625
14|737|22620488|3929|2459
15|737|22757027|3879|2453
5|738|22522175|4851|3337
1|738|23009622|5020|3522
19|738|22572253|3976|2563
3|738|22906417|4927|3462
2|738|22851536|5394|3948
10|738|22907868|4608|3190
8|738|22812898|4641|3205
7|738|22829046|4995|3471
11|738|22707736|4999|3630
13|738|22650469|4545|3111
6|738|22981664|5323|3980
4|738|22925636|4854|3507
18|738|22801013|5123|3730
20|738|22757448|4310|2865
12|738|22841754|4764|3374
22|738|22634580|4193|2916
30|738|22716983|5127|3501
25|738|22798499|4663|3202
23|738|22918129|5309|3826
29|738|22621526|4919|3490
0|738|22946886|5004|3396
9|738|23094419|4055|2638
27|738|23050551|4971|3436
28|738|22676522|5187|3785
24|738|22719801|4664|3146
21|738|22924351|4577|3157
26|738|22822025|5115|3682
16|738|23104539|4709|3253
31|738|22725899|5041|3643
15|738|22648653|4128|2788
17|738|22838236|4647|3056
14|738|36912365|3899|2660
1|739|63890839|6585|4964
8|739|63814733|6435|4874
21|739|63497017|6756|5214
24|739|63532489|6308|4760
4|739|63706347|6272|4833
0|739|63549566|6983|5385
14|739|49644502|3333|2222
2|739|63845665|6674|5124
12|739|63663574|5656|4298
7|739|63784802|6957|5469
3|739|63842221|6448|4886
10|739|63851941|6544|4992
19|739|63904958|5582|4273
25|739|63635171|6075|4559
23|739|63618087|6562|5122
20|739|63711248|5626|4240
31|739|63456526|6968|5503
13|739|63770015|5657|4210
27|739|63558434|6461|4988
6|739|63716004|6380|4889
28|739|63545725|6714|5282
29|739|63608424|7088|5527
30|739|63674309|6917|5475
11|739|63755212|6797|5216
22|739|63695920|5731|4290
26|739|63511474|6240|4807
16|739|63515671|6183|4692
5|739|64050359|6730|5158
18|739|63786582|6796|5253
9|739|63535921|6028|4483
17|739|63500043|6578|4943
15|739|63655807|3813|2534
4|740|33379089|5810|4248
16|740|33023965|5204|3736
28|740|33148532|6313|4784
31|740|33221042|6430|4821
9|740|32950171|5253|3621
5|740|32992300|5719|4138
8|740|33445314|5719|4184
11|740|33070727|5946|4470
10|740|33273315|5870|4355
19|740|33262596|4842|3290
23|740|33226984|6186|4629
13|740|33181110|5275|3780
2|740|33326395|6044|4465
1|740|33485300|6307|4748
21|740|33453591|6407|4763
24|740|33434779|6218|4633
12|740|33345464|5187|3590
6|740|33162853|6267|4802
18|740|32994622|6218|4660
20|740|33215376|4493|2974
22|740|33079479|5190|3705
14|740|33386990|4831|3354
29|740|33144795|5802|4337
3|740|33279480|6258|4659
30|740|33130128|6329|4796
27|740|33572626|6275|4639
26|740|33075087|6266|4724
7|740|33301963|6599|5158
15|740|33103846|3719|2491
25|740|33273801|5287|3805
0|740|35055674|6415|4768
17|740|34871281|6159|4646
8|741|32033402|6017|4333
1|741|31928729|6117|4488
29|741|31812941|6318|4607
15|741|31732094|4577|3020
11|741|32030899|6117|4406
0|741|30461743|6292|4590
5|741|32065193|5878|4142
23|741|31985790|6809|5105
16|741|32130704|5929|4255
14|741|31802086|5655|4024
28|741|32124508|6571|4831
13|741|31974372|6151|4483
12|741|31881172|6129|4522
18|741|31857883|6651|4907
4|741|32159803|5855|4175
24|741|31899219|6207|4537
9|741|32110432|5224|3593
10|741|32006972|5732|4026
17|741|30224591|6064|4493
25|741|31679522|5400|3744
31|741|32129148|6395|4642
22|741|31840320|5697|4048
20|741|31857136|4947|3291
30|741|31773595|6892|5105
2|741|31941681|6232|4529
19|741|32046810|4950|3321
3|741|31811713|6355|4724
6|741|31846719|5927|4181
7|741|31780036|6764|5043
21|741|32660106|6274|4656
26|741|33354187|6353|4717
27|741|35094509|6687|4839
0|742|30640920|5936|4306
13|742|30581203|5207|3643
29|742|30755071|5717|4079
2|742|30312682|5859|4244
6|742|30259424|5633|3998
5|742|30632314|5439|3787
12|742|30537770|5377|3804
14|742|30590227|5610|4021
9|742|30476614|4739|3199
4|742|30507969|5233|3604
7|742|30250544|5641|4013
10|742|30461097|5344|3713
8|742|30766443|5574|3971
11|742|30685121|5812|4150
17|742|30454835|5149|3552
21|742|30030679|5526|3870
1|742|30718457|5655|4052
20|742|30386191|4707|3073
18|742|30549592|6195|4482
24|742|30520148|5412|3775
19|742|30329866|4838|3181
15|742|31075207|4130|2586
26|742|29151460|5756|4065
25|742|30457832|5395|3739
22|742|30421079|5302|3676
27|742|27434249|5178|3756
31|742|30445331|5636|4066
30|742|30394317|6012|4403
28|742|30620582|6502|4871
3|742|30272688|5940|4318
16|742|30634925|5352|3681
23|742|31284124|6428|4691
3|743|25872100|5567|3886
16|743|25894146|4756|3142
24|743|26121470|5300|3633
31|743|26017297|5395|3847
4|743|26230963|5008|3411
7|743|26219235|5585|3922
12|743|26289134|4982|3321
8|743|26198477|5343|3653
9|743|26416131|4481|2826
2|743|26525409|5812|4104
11|743|26199883|5113|3417
0|743|26391615|5356|3760
6|743|26362211|5779|3991
21|743|26177788|5319|3598
26|743|26273021|5292|3609
17|743|26204828|5425|3697
25|743|26041741|5097|3522
28|743|25957168|5738|4089
27|743|26010224|5208|3553
23|743|25815150|6154|4497
1|743|26116001|5194|3470
13|743|26442776|5071|3608
30|743|25982886|5549|3915
22|743|26040363|5062|3418
29|743|26442971|5469|3764
5|743|26295064|5445|3721
20|743|26201688|4592|2953
10|743|26219789|5078|3379
14|743|26286306|4973|3339
18|743|26132062|5636|3940
19|743|26527979|4570|2905
15|743|26580494|4069|2550
3|744|22115358|4812|3325
11|744|21958692|4902|3432
21|744|21940589|4795|3350
23|744|21854320|4991|3639
2|744|21965323|4657|3281
30|744|21841660|5316|3914
9|744|22082199|3992|2663
4|744|22063438|4716|3261
1|744|21804307|4686|3300
12|744|22018247|4522|3136
0|744|21920016|4701|3269
16|744|22129908|4998|3594
17|744|21897699|4751|3294
19|744|21635302|3965|2627
18|744|21658026|5118|3718
13|744|21816933|4556|3126
31|744|22117602|4955|3519
28|744|21885521|4677|3122
7|744|22021873|5007|3504
25|744|21903007|4547|3154
14|744|21685225|4715|3247
26|744|21941396|4582|3125
24|744|22137081|5153|3813
6|744|21913415|4827|3427
22|744|21790796|4578|3212
29|744|21773907|4816|3408
15|744|22017201|3811|2485
8|744|22077546|4683|3161
27|744|21916411|4991|3578
5|744|21698855|4715|3242
10|744|21657052|4452|3067
20|744|21742374|3955|2550
2|745|20768563|4309|2896
0|745|20707418|4433|3027
25|745|20583904|4172|2774
20|745|20399518|3749|2412
7|745|20560088|4329|2914
14|745|20529158|3951|2528
5|745|20376712|4342|2943
11|745|20839094|4354|3047
13|745|20607970|3890|2675
3|745|20859101|4532|3277
22|745|20470684|4354|2911
23|745|20804377|4645|3270
30|745|20983221|4344|2988
17|745|20656042|4425|3020
24|745|20512695|4354|2967
29|745|20460276|4481|2993
28|745|20581974|4611|3170
8|745|20396750|4317|2948
15|745|20723153|3464|2151
26|745|20537271|4228|2808
27|745|20416144|4453|3053
18|745|20644120|4424|2989
31|745|20620385|4030|2703
1|745|20717419|4122|2750
6|745|20537793|4332|2825
9|745|20830138|3760|2420
12|745|20712065|4078|2821
19|745|20743503|3743|2391
4|745|20876146|4169|2705
10|745|20530538|4114|2728
16|745|20697673|4476|3000
21|745|20847766|4303|2967
3|746|18630491|4072|2591
8|746|18538801|4096|2775
18|746|18502778|3364|2118
28|746|18614719|4278|2937
4|746|18348773|3885|2480
21|746|18326424|3921|2541
15|746|18533209|3900|2520
16|746|18341569|3914|2556
0|746|18801542|4335|2939
11|746|18702530|4216|2802
14|746|18733308|4319|2819
26|746|18528651|3843|2597
12|746|18413127|3853|2549
6|746|18436837|3370|2118
23|746|18643763|4148|2808
17|746|18607161|3948|2574
27|746|18517698|3955|2663
2|746|18828497|4298|2795
1|746|18469512|4117|2852
30|746|18638582|4201|2856
7|746|18764545|4474|2976
10|746|18339579|3823|2481
13|746|18713094|3853|2545
31|746|18505719|4150|2689
29|746|18617757|4184|2914
22|746|18688906|4026|2572
20|746|18812437|4443|3063
25|746|18822703|4109|2861
24|746|18644565|4199|2902
5|746|18696285|4108|2714
19|746|18465545|3561|2257
9|746|18517491|3518|2260
1|747|18211520|3948|2715
13|747|18171266|3700|2473
20|747|18133364|4370|3037
21|747|18507251|3872|2753
31|747|18219052|3848|2657
8|747|18514944|4044|2690
10|747|18179176|3723|2523
0|747|18390343|3945|2798
12|747|18329644|3509|2345
5|747|18032794|3641|2347
11|747|18387554|4184|3079
7|747|18217194|4170|2979
3|747|18530032|4117|2690
23|747|18346293|3984|2742
14|747|18412900|3817|2480
15|747|18481445|3982|2766
17|747|18339044|3848|2626
25|747|18145137|3952|2655
19|747|18343257|3182|2077
4|747|18444007|4275|2913
26|747|18424071|3916|2760
16|747|18491975|4188|3012
29|747|18213199|4074|2884
2|747|18240464|4140|2867
9|747|18103221|3390|2171
6|747|18398340|3339|2240
24|747|18150274|4085|2772
18|747|18955813|3570|2275
27|747|18362629|3812|2528
30|747|18385529|4560|3300
28|747|18542855|4193|2918
22|747|18204854|3870|2533
2|748|18322694|4196|2914
3|748|18524246|4060|2855
21|748|18709005|3848|2656
11|748|18554348|3785|2540
26|748|18462794|4223|2969
30|748|18323313|4545|3263
5|748|18589127|4035|2762
10|748|18640765|4082|2941
15|748|18499090|3846|2735
7|748|18560526|4209|3039
22|748|18240621|3831|2631
0|748|18627498|4181|2999
4|748|18437821|4168|2890
16|748|18405828|4076|2974
9|748|18353250|3420|2316
20|748|18716372|4375|3094
12|748|18620719|4034|2867
13|748|18750856|4048|2911
18|748|18317658|3532|2437
17|748|18497996|4098|2757
24|748|18334158|3925|2734
23|748|18550856|4229|2936
14|748|18489752|4084|2827
25|748|18493295|4019|2692
29|748|18423311|4261|3040
28|748|18291445|3983|2647
27|748|18323119|4032|2705
8|748|18646599|3869|2611
31|748|18725368|4261|2980
1|748|18726596|4163|2832
19|748|18603020|3439|2175
6|748|18560978|3459|2210
1|749|16321332|3493|2355
11|749|16785279|3610|2521
14|749|16461196|3101|2201
26|749|16808250|3374|2462
17|749|16572145|3658|2638
6|749|16302206|3287|2247
8|749|16370095|3181|2326
2|749|16839969|3847|2687
10|749|16727642|3560|2471
7|749|16679089|3565|2504
13|749|16563993|3403|2349
0|749|16631116|3678|2732
12|749|16580944|3415|2382
15|749|16721925|3711|2795
16|749|16633976|3498|2437
4|749|16622239|3499|2409
19|749|16593980|3164|2013
18|749|16559919|3796|2678
21|749|16829649|3349|2370
22|749|16697928|3375|2331
23|749|16503783|3189|2208
24|749|16549068|3503|2505
28|749|16443231|3584|2461
27|749|16429360|3442|2316
9|749|16643768|3054|2174
30|749|16803939|3554|2466
29|749|16462582|3550|2410
5|749|16731110|3548|2527
25|749|16479604|3461|2516
31|749|16405019|3725|2670
3|749|16801050|3831|2877
20|749|16607364|3369|2308
2|750|17369930|3589|2422
18|750|17228055|3763|2603
3|750|16992237|3610|2474
28|750|17181315|3985|2782
4|750|17232124|3760|2654
8|750|17398075|3742|2437
10|750|17364200|3574|2343
6|750|17404002|3602|2453
11|750|17499674|3495|2401
5|750|17034021|3475|2211
15|750|17451061|3325|2148
13|750|17330560|3492|2219
17|750|17445759|3920|2723
19|750|17453222|3222|2055
16|750|17274884|3707|2390
22|750|17195152|3680|2474
23|750|17179538|3544|2306
20|750|17007052|3829|2659
24|750|17165165|3449|2367
14|750|17500856|4000|2742
1|750|17494620|3782|2541
25|750|17070280|3601|2304
21|750|17232994|3728|2524
29|750|17103255|3903|2754
30|750|17123580|3840|2668
0|750|17302089|3592|2443
26|750|17522104|3978|2801
27|750|17180501|3849|2726
31|750|17087651|3864|2676
12|750|17294059|3503|2411
9|750|17289922|3308|2040
7|750|17364123|4029|2805
1|751|16341837|3112|2122
18|751|16687112|3665|2481
27|751|16278660|3158|2148
11|751|16531188|3569|2510
2|751|16680367|3530|2480
6|751|16555163|3496|2423
4|751|16611945|3644|2558
9|751|16189893|3116|2029
7|751|16176242|3737|2635
20|751|16405489|3416|2393
12|751|16215648|3393|2329
16|751|16464837|3593|2509
15|751|16525705|3342|2268
13|751|16507941|3507|2304
3|751|16664619|3734|2745
5|751|16511901|3627|2471
26|751|16270288|3615|2623
23|751|16432785|3248|2245
17|751|16498193|3512|2356
25|751|16362061|3474|2347
10|751|16593818|3383|2314
22|751|16458472|3367|2244
14|751|16395350|3248|2292
0|751|16301306|3727|2741
24|751|16414532|3644|2634
30|751|16320528|3268|2209
21|751|16359480|3380|2279
31|751|16269371|3650|2599
8|751|16578485|3458|2397
28|751|16683160|3772|2794
29|751|16362067|3685|2492
19|751|16606334|2920|1869
0|752|13907333|3385|2424
3|752|14077724|3311|2148
5|752|14060930|3246|2042
8|752|13889887|3295|2199
2|752|14306743|3237|2189
17|752|14100969|3479|2371
1|752|14330081|3302|2196
29|752|13933294|3483|2353
9|752|14261096|3455|2378
6|752|14310804|3247|2166
28|752|13982938|3342|2309
15|752|14183440|3143|2147
18|752|14390910|3470|2405
11|752|14330606|3237|2274
21|752|13972398|3316|2284
22|752|14068362|3151|2022
27|752|14533818|2922|1904
13|752|14201283|2970|1952
16|752|14401963|3175|2058
10|752|14097518|3074|1938
4|752|14325993|3295|2135
23|752|14143368|3140|2152
25|752|14117750|3259|2080
30|752|14003934|3209|2092
26|752|14173312|3312|2312
31|752|13982461|3409|2222
19|752|13920231|3042|1938
7|752|14245682|3460|2428
14|752|14023051|3242|2210
12|752|14398376|3074|2029
20|752|14262247|3404|2393
24|752|14011340|3278|2184
1|753|16321656|3536|2503
8|753|16415004|3495|2339
13|753|16216870|3304|2278
31|753|16109243|3594|2410
28|753|16345323|3654|2476
25|753|16178017|3283|2194
9|753|16318087|3527|2384
3|753|16442019|3566|2482
18|753|16270536|3604|2453
20|753|15996085|3710|2516
24|753|15991685|3610|2487
6|753|16323347|3495|2443
11|753|16236216|3321|2138
0|753|16473265|3829|2738
23|753|16148626|3522|2459
26|753|16100082|3715|2607
4|753|16164515|3613|2467
19|753|16078973|3351|2262
10|753|16150308|3343|2164
27|753|16240301|3463|2393
5|753|16450656|3415|2395
22|753|16260429|3533|2401
2|753|16365902|3618|2552
29|753|16381610|3588|2464
30|753|16154196|3474|2385
15|753|16272747|3547|2319
12|753|16064347|3064|1998
14|753|16020589|3353|2207
21|753|16314759|3231|2180
17|753|16436489|3333|2120
16|753|16396266|3473|2226
7|753|16270992|3459|2360
4|754|17795226|4077|2726
19|754|17812337|3938|2558
16|754|17564939|4035|2729
31|754|18104177|4260|2980
11|754|17871913|4021|2666
25|754|18130082|3865|2435
7|754|17522968|3880|2595
13|754|18063086|4038|2754
14|754|17631886|3918|2616
12|754|17651343|3794|2413
5|754|17747510|3948|2536
10|754|17786479|3964|2637
15|754|17673443|3822|2410
6|754|17907531|4078|2689
8|754|18082695|4126|2741
17|754|17605272|3908|2429
0|754|17877250|4089|2712
3|754|17944710|4171|2806
18|754|17971816|4095|2751
9|754|17979338|3846|2465
26|754|17862754|4125|2747
20|754|17961878|4188|2747
27|754|17796937|4149|2784
28|754|18084936|4174|2884
30|754|17718214|3981|2601
22|754|17767649|3817|2514
21|754|17655842|4089|2645
24|754|17956309|4004|2732
29|754|17748985|4051|2656
2|754|17700023|4085|2667
23|754|17907749|3962|2626
1|754|18085749|4088|2665
0|755|14846764|3252|2139
13|755|15016488|3259|2027
24|755|14724181|3408|2370
21|755|14768409|3209|2127
5|755|14949088|3220|2047
15|755|15011445|3052|1991
4|755|15129005|3355|2269
10|755|14943442|3080|2018
11|755|15049864|3235|2140
9|755|14831263|3378|2228
12|755|14989176|3110|2093
3|755|14834111|3174|2103
2|755|14681104|3357|2195
16|755|15115692|3214|2190
18|755|14864497|3452|2245
28|755|14791354|3150|2096
20|755|14824307|3542|2498
1|755|14619423|3318|2086
30|755|14780052|3156|2023
29|755|14723605|3331|2200
14|755|15034179|3188|2169
26|755|14854805|3194|2107
19|755|15170726|3245|2132
25|755|15096019|3234|2125
17|755|14938461|3434|2190
31|755|15132832|3350|2148
7|755|15012504|3286|2109
27|755|14852477|3092|2076
8|755|14891189|3227|2127
22|755|14821413|3236|2141
23|755|14787121|3031|2062
6|755|15072424|3283|2141
1|756|20738159|4122|2637
11|756|20911466|4480|3098
15|756|20970694|4178|3040
16|756|20868334|3804|2430
26|756|20744158|4343|2995
25|756|20739666|4206|2892
2|756|20834125|4632|3291
7|756|20611195|4484|3144
9|756|20890637|4535|3187
5|756|20954616|4443|3121
10|756|20936555|4371|2979
12|756|20888663|4398|3008
14|756|20725321|4391|2969
0|756|21026048|4317|2932
18|756|20837687|4811|3556
6|756|20532435|4327|3055
13|756|21048873|4592|3262
19|756|20698748|4360|3047
21|756|21013596|4665|3309
20|756|20804566|4638|3261
22|756|20600716|4218|2795
17|756|20680196|4270|2883
23|756|20590993|4349|3064
24|756|21044979|4725|3392
3|756|20843146|4931|3555
28|756|20841578|4464|3014
29|756|20778500|4696|3350
27|756|20655046|4499|3151
30|756|20797968|4649|3226
4|756|20929765|4633|3175
8|756|20575268|4527|3179
31|756|21012171|3657|2332
2|757|20347905|4515|3155
16|757|20433150|3603|2389
22|757|20140843|4316|3076
9|757|20320797|4614|3213
0|757|20220416|4542|3205
10|757|20291339|4093|2775
4|757|19942096|4387|3056
7|757|20342686|4791|3250
8|757|19931846|4247|2916
11|757|20458901|4406|3042
5|757|20304592|4236|2824
14|757|20250820|4125|2691
1|757|20457225|4297|2868
12|757|20272249|4293|2934
18|757|20222101|4233|2783
17|757|20111878|4485|3124
6|757|20186311|4202|2921
20|757|20154315|4647|3290
13|757|20202813|4182|2853
15|757|20450005|4355|2997
21|757|20180306|4461|3136
3|757|20025994|4417|2946
23|757|20099501|4122|2764
25|757|20416927|4211|2739
19|757|20202240|4202|2898
28|757|20051649|4485|3075
27|757|20029289|4236|2867
26|757|20424471|4448|3147
29|757|20045382|4186|2777
24|757|20095591|4355|2988
30|757|20016820|4392|2894
31|757|20219196|3668|2271
3|758|20469422|4508|3210
18|758|20611189|4236|2917
25|758|20501883|4059|2697
5|758|20653488|4217|2845
28|758|20502000|4183|2847
6|758|20562753|4190|2875
11|758|20672688|4085|2873
7|758|20707137|4584|3357
2|758|20835365|4470|3232
10|758|20741928|4136|2827
9|758|20784385|4482|3137
14|758|20650576|4078|2829
12|758|20621052|4191|2771
0|758|20776996|4521|3249
4|758|20708824|4356|3033
15|758|20538500|4162|2846
20|758|20572761|4410|3070
17|758|20602454|4043|2678
13|758|20559247|3957|2820
19|758|20468251|4113|2708
21|758|20529875|4170|2854
23|758|20504973|4145|2869
24|758|20400066|4194|2840
26|758|20432423|4500|3180
22|758|20843470|4165|3058
27|758|20453136|4103|2806
30|758|20400620|4283|2985
1|758|20618400|4018|2744
29|758|20436566|4022|2760
31|758|20831330|3588|2202
16|758|21226680|3732|2350
8|758|20680019|4118|2750
4|759|17240906|3755|2745
6|759|17413017|3800|2846
22|759|17142718|3570|2545
20|759|17286487|3926|2945
8|759|16970996|3615|2537
1|759|17032507|3585|2571
9|759|17305475|3795|2773
11|759|17372536|3689|2656
2|759|17345337|3778|2837
7|759|17360676|3875|2718
12|759|17288964|3534|2537
3|759|17481954|4143|3149
15|759|17265161|3637|2555
13|759|17221898|3817|2676
21|759|17191397|3669|2653
10|759|17368327|3879|2793
17|759|17252198|3870|2811
19|759|17223392|3664|2605
0|759|17257418|3874|2850
27|759|17137363|3725|2759
28|759|17467571|3721|2660
26|759|17166622|3786|2635
14|759|17363060|3921|2828
25|759|17508681|3517|2626
16|759|17405131|3137|2060
24|759|17193344|3845|2769
18|759|17539949|4176|3081
5|759|17426323|3852|2689
23|759|17203225|3752|2662
30|759|17144533|4096|3027
31|759|17123642|3033|2068
29|759|17087029|4085|2948
2|760|22338166|5261|3985
10|760|22249265|4968|3655
15|760|22330853|4958|3604
28|760|22211843|5087|3811
22|760|22512327|4922|3497
3|760|22301920|4696|3333
0|760|22194180|4842|3452
4|760|22511173|5222|3864
9|760|22395478|5062|3704
14|760|22137531|4300|2922
18|760|22084035|4788|3458
8|760|22436859|4732|3438
6|760|22465367|4808|3329
11|760|22394298|4737|3490
17|760|22252259|4743|3302
21|760|22294327|4202|2931
31|760|22269481|3853|2493
12|760|22363819|4631|3323
20|760|22485348|5112|3819
30|760|22067269|4539|3167
23|760|22084935|4784|3384
1|760|22398976|5052|3640
26|760|22198852|4906|3445
25|760|22169808|4614|3349
5|760|22050905|4535|3193
27|760|22235342|4927|3575
13|760|22334382|4510|3264
24|760|22149888|4962|3608
29|760|22052726|5213|3974
7|760|22331633|5267|3893
16|760|22268290|3846|2518
19|760|22248601|4416|3028
6|761|17193775|3753|2646
15|761|17387863|4054|3053
18|761|17273938|3840|2805
27|761|17033555|3762|2637
23|761|17142514|3555|2354
3|761|17317932|3841|2791
12|761|17232658|3210|2190
14|761|17259866|3947|2972
7|761|16933723|3695|2596
10|761|17391400|3908|2792
19|761|16905139|3592|2383
20|761|17128001|3728|2605
21|761|17173002|3809|2689
24|761|16976416|3620|2521
28|761|17381703|3860|2662
17|761|17191485|4040|2978
2|761|17397113|3962|2892
22|761|17380669|3834|2697
29|761|16970403|3744|2540
25|761|17060428|3669|2516
1|761|17052669|3855|2701
5|761|17047108|3605|2463
30|761|17135335|4006|2902
26|761|17086423|3842|2791
13|761|16968478|3624|2461
4|761|17337070|3809|2696
11|761|17235332|3587|2430
8|761|17271868|3582|2491
0|761|17300766|4077|2917
9|761|17281095|4201|3052
16|761|17373202|3046|1980
31|761|17628182|3145|2021
5|762|16061455|3003|1893
6|762|16406548|3371|2269
19|762|16285374|3421|2241
0|762|15938180|3312|2381
3|762|16312473|3324|2304
4|762|15987419|3309|2358
2|762|16149748|3273|2371
12|762|16313313|3341|2181
13|762|16016869|3336|2247
1|762|16076482|3344|2231
20|762|16247151|3273|2266
9|762|15941007|3613|2481
18|762|16400035|3623|2478
10|762|16283772|3344|2273
24|762|16220275|3433|2371
15|762|16414000|3316|2239
7|762|16301445|3548|2349
17|762|16193766|3343|2227
25|762|16121178|3138|2106
23|762|16353077|3444|2312
31|762|15930300|3362|2251
26|762|16052954|3551|2477
27|762|16385396|3497|2354
29|762|16150258|3526|2456
22|762|16170848|3151|2190
28|762|16222154|3043|1904
16|762|15955057|2630|1610
8|762|15953946|3507|2372
14|762|16372274|3224|2010
30|762|16303887|3277|2196
21|762|16506655|3194|2055
11|762|16302323|3171|2161
1|763|20570008|4445|3022
3|763|20666981|4740|3244
27|763|20436807|4725|3293
24|763|20582995|5043|3585
17|763|20563845|4543|3055
28|763|20458437|3887|2486
5|763|20760185|4604|3068
13|763|20607413|4636|3139
12|763|20623912|4426|2950
14|763|20280807|4450|2984
4|763|20638292|4301|2952
6|763|20742448|4263|2798
18|763|20557265|4909|3447
0|763|20696660|4688|3284
15|763|20519167|4651|3175
7|763|20508844|4515|3086
19|763|20736828|4590|3154
8|763|20349054|4770|3298
2|763|20625645|4735|3173
20|763|20620828|5046|3483
26|763|20454061|4601|3130
21|763|20294831|4588|3119
25|763|20504885|4300|2907
22|763|20420349|4407|2963
23|763|20506162|4497|3107
31|763|20491775|4882|3489
9|763|20546729|4852|3508
30|763|20338486|4596|3106
29|763|20458433|4799|3441
16|763|20433122|3932|2506
10|763|20518198|4473|2919
11|763|20228399|4419|2936
1|764|19611465|4308|2915
2|764|19304738|4311|2834
13|764|19509954|4377|2976
18|764|19460298|4493|3188
24|764|19613576|4393|2980
31|764|19269868|4068|2762
7|764|19364021|3988|2607
14|764|19469127|4416|3161
4|764|19456110|4385|3147
15|764|19398367|4542|3222
6|764|19447138|4257|3006
17|764|19564786|4393|3011
28|764|19713217|3679|2318
12|764|19504293|4127|2708
3|764|19580461|4358|3037
11|764|19131211|4451|3251
8|764|19365850|4303|2931
23|764|19255283|3953|2633
26|764|19328383|3813|2524
25|764|19296749|3884|2561
20|764|19349312|4335|2948
22|764|19280996|4322|3068
5|764|19503389|4094|2746
19|764|19396569|4333|3091
0|764|19369337|4610|3266
21|764|19340361|4331|3180
9|764|19180924|4128|2856
29|764|19228472|4404|3208
27|764|19653662|4074|2689
16|764|19584579|3533|2214
10|764|19137645|4501|3234
30|764|19246038|4418|2957
4|765|18399134|3793|2488
19|765|18196036|3518|2453
31|765|18498108|3921|2724
27|765|18156804|3643|2493
30|765|18122305|3770|2539
1|765|18564735|3928|2700
15|765|18391798|3735|2550
7|765|18434425|3791|2711
2|765|18523185|3795|2522
9|765|18129797|3721|2584
14|765|18431700|3657|2497
17|765|18371025|3924|2785
6|765|18372838|3767|2586
11|765|18297241|3966|2729
8|765|18286748|3963|2894
21|765|18159403|3685|2509
24|765|18497364|3790|2691
22|765|18228750|3768|2596
3|765|18311707|3911|2710
23|765|18300352|3735|2596
25|765|18271637|3711|2459
13|765|18531735|3856|2579
29|765|18149644|3798|2608
26|765|18289431|3590|2397
20|765|18257844|4075|2989
18|765|18527636|3577|2425
12|765|18329126|3627|2554
10|765|18071903|3633|2514
5|765|18251107|3488|2332
0|765|18155011|3754|2602
16|765|18400172|3412|2150
28|765|18880586|3189|2050
1|766|21735452|4228|2788
14|766|21682100|4205|2774
18|766|21466614|4109|2792
27|766|21872407|4372|3075
29|766|21579350|4568|3207
13|766|21496643|4260|2829
11|766|21631206|4141|2727
28|766|21482014|3412|2194
10|766|21407570|4407|2954
2|766|21714701|4834|3447
0|766|21356919|4223|2777
9|766|21703695|4490|3113
22|766|21575179|4243|2896
17|766|21674878|4283|2860
8|766|21630929|4335|3040
12|766|21433684|4217|2844
6|766|21666951|4415|2986
5|766|21410870|4448|3029
23|766|21562727|4268|2845
16|766|21378717|3604|2233
24|766|21617096|4616|3218
30|766|21817114|4562|3029
4|766|21836411|4635|3302
26|766|21503779|4340|2939
21|766|21654379|4159|2780
20|766|21507940|4540|3162
31|766|21877178|4434|2975
19|766|21893248|4368|3230
7|766|21717462|4486|3038
25|766|21589915|4001|2635
3|766|21540143|4434|3002
15|766|21741228|4549|3142
7|767|21679157|4839|3318
12|767|21939416|4490|2964
27|767|22156590|4339|2798
28|767|22097866|3946|2426
1|767|22198878|4719|3094
3|767|21660427|4810|3126
6|767|21903922|4511|3010
11|767|22064142|4897|3305
20|767|21739086|4531|2917
14|767|22174916|4523|2988
0|767|21992672|4455|2929
4|767|21796297|4595|3220
17|767|21958269|4709|3098
15|767|21655086|4563|3006
9|767|21981284|4601|3033
21|767|21776358|4540|2928
22|767|21987190|4400|2978
8|767|21926440|4599|3055
19|767|21731734|4409|2857
10|767|22056259|4999|3378
25|767|21702676|4236|2784
13|767|22108876|4652|3022
18|767|22169939|4608|3132
23|767|21895672|4426|2886
24|767|21864363|4853|3283
29|767|22134125|4642|3061
31|767|21758623|4653|3056
26|767|21813104|4221|2720
5|767|21875792|4517|3025
30|767|21853579|4808|3208
16|767|21892563|3938|2407
2|767|22005074|5013|3518
2|768|19550586|4584|3273
6|768|19966775|4431|3055
22|768|19842000|4252|2848
18|768|19776499|4194|2858
7|768|20100773|4531|3135
28|768|20160682|3639|2306
1|768|20027273|4261|2780
8|768|19794370|4341|2858
4|768|19883624|4237|2839
10|768|19764869|4293|2777
11|768|19964077|4335|2987
13|768|19735368|4111|2788
12|768|20089779|4262|2798
9|768|19855842|4714|3285
14|768|19943976|4275|2858
15|768|19874206|4388|2970
17|768|19904538|4040|2612
20|768|19975241|4451|3239
24|768|19716453|4619|3165
23|768|19733490|4249|2843
21|768|19861802|4125|2759
19|768|19814438|4198|2851
26|768|19669911|4209|2935
3|768|19988457|4410|2998
30|768|19634623|4604|3210
27|768|20119640|4438|3062
29|768|19713878|4274|2885
31|768|19702938|4301|2849
16|768|20075557|3631|2226
25|768|19861335|3957|2608
5|768|19602174|4167|2772
0|768|19908465|4151|2697
1|769|20267474|4315|3015
12|769|20191710|4076|2712
0|769|19865221|4235|2823
26|769|20070469|4201|2868
28|769|20388868|3488|2198
5|769|19888299|4023|2583
22|769|20482564|4229|2829
6|769|20398903|4511|3106
9|769|20164970|4604|3180
8|769|20271452|4140|2865
11|769|20225415|4398|3002
10|769|20244624|4343|2781
13|769|20215309|4190|2743
14|769|20164276|4637|3179
15|769|20158979|4416|2954
17|769|20143533|4351|2906
18|769|20365946|4099|2733
2|769|20407879|4455|3017
19|769|20068875|3961|2802
20|769|20132971|4416|2982
24|769|20126547|4402|3109
21|769|20097537|4142|2727
23|769|20110901|4050|2671
29|769|20003286|4081|2630
25|769|19956795|4140|2761
3|769|20000042|4223|2876
27|769|20020348|4067|2827
30|769|20038285|4504|3137
31|769|20008961|4215|2896
4|769|20246973|4270|2824
7|769|20321547|4379|3008
16|769|20267461|3587|2198
0|770|19718677|3908|2662
11|770|19609965|4143|3007
18|770|19506521|3827|2669
30|770|19352832|4162|2976
4|770|19250701|4342|3097
6|770|19640805|4462|3134
9|770|19632410|4235|2991
2|770|19450699|4320|3122
10|770|19584794|4327|2851
12|770|19769176|4140|3045
7|770|19255008|4322|3069
13|770|19554003|4048|2808
1|770|19755031|4246|3039
20|770|19453781|4216|3056
14|770|19552656|4188|3056
16|770|19490314|3512|2212
17|770|19526175|4262|2994
24|770|19446273|4461|3233
23|770|19418474|4167|3005
3|770|19320074|4254|3085
19|770|19486090|4030|2812
15|770|19553725|3983|2709
27|770|19359097|3907|2742
25|770|19388933|3846|2550
22|770|19702642|3536|2365
21|770|19442319|4065|2899
26|770|19758003|4091|2871
29|770|19412780|4137|2943
31|770|19333110|4286|3134
5|770|19667777|4073|2715
28|770|19817879|4202|2900
8|770|19641035|4202|2979
0|771|20858641|4490|3315
8|771|20351003|4780|3540
30|771|20841448|4479|3166
3|771|20539647|4544|3195
22|771|20546639|4009|2662
14|771|20623245|4487|3129
7|771|20688424|4516|3154
15|771|20517451|4155|2874
10|771|20731807|4658|3143
19|771|20538597|4722|3374
11|771|20849129|4504|3116
12|771|20719998|4221|2962
20|771|20652188|4879|3521
2|771|20756327|4478|3146
13|771|20687038|4577|3126
5|771|20366312|4109|2916
18|771|20847107|4292|3057
9|771|20775443|3640|2457
17|771|20615001|4773|3463
1|771|20652904|4418|3233
26|771|20440478|4672|3418
24|771|20599841|4657|3437
28|771|20751975|3895|2511
31|771|20426229|4738|3317
4|771|20785907|4536|3193
16|771|20649324|3676|2392
21|771|20476952|4264|3021
27|771|20540775|4101|2903
23|771|20608206|4181|2953
29|771|20484001|4557|3274
6|771|20767470|4596|3299
25|771|20503002|4472|3071
8|772|18248892|4044|2895
10|772|18123536|3909|2624
4|772|17869907|3710|2750
28|772|17934564|3242|2177
0|772|18275859|3744|2716
3|772|18194350|4060|2946
11|772|18108568|3754|2736
21|772|17822057|3813|2733
1|772|18093995|3697|2496
5|772|18178387|3554|2529
19|772|18127404|4177|2982
17|772|17976136|3870|2709
24|772|17919270|4091|2840
13|772|18056323|3914|2804
2|772|18076312|4359|3247
26|772|17945117|3792|2670
9|772|18007569|3567|2321
7|772|18153792|4150|3041
23|772|17797732|3954|2873
27|772|17827567|3796|2713
31|772|17901669|4214|3188
20|772|18102741|4246|3142
14|772|18216511|3994|2956
30|772|18279551|4373|3150
25|772|17778136|3969|2811
18|772|18048304|3803|2735
12|772|18079979|3652|2466
29|772|17824891|4000|3005
22|772|18314903|3415|2292
15|772|18159913|3881|2671
6|772|17757343|3942|2895
16|772|18009921|3070|2085
1|773|19361702|4470|3256
7|773|19231409|4483|3443
13|773|19320766|4226|3153
24|773|19368562|4166|3040
4|773|19485317|4444|3408
8|773|19536091|4324|3297
6|773|19030269|4265|3309
3|773|19433876|4315|3275
2|773|19273968|4808|3798
10|773|19516875|4519|3186
9|773|19254963|3544|2469
12|773|19098135|4176|3115
15|773|19057482|4552|3684
14|773|19172480|4434|3359
0|773|19439528|4057|3121
20|773|19196745|4040|2958
21|773|19427445|4165|3187
17|773|19371652|4405|3267
11|773|19429543|4294|3326
19|773|19388162|3984|3039
16|773|19052775|3455|2417
26|773|19310730|4163|3110
18|773|19136844|4145|3188
25|773|19170524|4069|3010
23|773|19269538|3993|2955
5|773|19364595|4426|3376
29|773|19126363|4195|3182
31|773|19239898|4199|3150
27|773|19260245|3869|2877
30|773|19194052|4095|3028
22|773|19110736|3554|2450
28|773|20038651|3513|2410
2|774|20525134|4514|3171
20|774|20443250|4685|3452
30|774|20215885|4126|2833
21|774|20442699|4491|3149
4|774|20595208|4757|3538
16|774|20429464|3571|2295
0|774|20436464|4168|2801
3|774|20554028|4834|3511
6|774|20571742|4549|3240
12|774|20477349|3968|2674
15|774|20471555|4611|3304
5|774|20254646|4221|2854
11|774|20376422|4311|2915
10|774|20516384|4462|3086
14|774|20463381|4037|2715
13|774|20655201|4276|2978
17|774|20399215|4470|3074
19|774|20366129|4553|3176
18|774|20328471|4141|2823
1|774|20681844|4654|3228
22|774|20182310|3767|2479
24|774|20650648|4637|3344
9|774|20489149|3672|2436
25|774|20332191|4272|2999
27|774|20245102|4301|3010
8|774|20578157|4305|2969
23|774|20324994|4097|2715
31|774|20263453|4420|3155
26|774|20371802|4630|3295
29|774|20283011|4596|3208
7|774|20656003|4592|3309
28|774|20206209|3721|2385
8|775|15849570|3468|2168
1|775|15970983|3465|2270
11|775|16101748|3578|2359
12|775|16158540|3317|2281
23|775|15895382|3690|2595
10|775|16076729|3375|2311
2|775|16317670|3864|2657
22|775|16057606|3050|2056
3|775|16175815|3457|2280
17|775|16033847|3639|2343
7|775|15786111|3487|2346
21|775|16282507|3549|2426
4|775|16268432|3897|2657
20|775|16324347|4032|2822
5|775|16101635|3474|2310
14|775|16088518|3615|2511
26|775|15849640|3452|2266
25|775|15934876|3389|2215
15|775|16159033|3889|2836
0|775|16238725|3654|2621
24|775|15971984|3427|2309
28|775|15802251|2850|1806
9|775|15961071|3095|1987
18|775|16020387|3620|2638
16|775|16282653|3031|1969
27|775|15936685|3448|2389
30|775|16347875|3930|2730
31|775|15889948|3580|2512
29|775|15865440|3641|2496
6|775|16169916|3547|2425
13|775|16127588|3504|2425
19|775|16008553|3569|2462
1|776|19685614|4626|3323
8|776|19716276|4462|3010
0|776|19393373|4137|2840
21|776|19569589|4544|3155
27|776|19367234|4234|2969
29|776|19329725|4442|3144
2|776|19608763|4309|3108
9|776|19369779|3878|2601
4|776|19514679|4632|3260
17|776|19588483|4489|3103
20|776|19526737|4584|3222
3|776|19609082|4466|3092
14|776|19493409|4027|2733
10|776|19667430|4678|3357
24|776|19416734|4604|3312
13|776|19257671|4582|3219
15|776|19455956|3852|2622
5|776|19511292|4599|3224
16|776|19615636|3831|2449
7|776|19548102|4430|3144
18|776|19381718|4212|2978
25|776|19482515|4156|2815
12|776|19714625|4540|3256
22|776|19651229|3681|2507
23|776|19711141|4295|3137
31|776|19324334|4359|3009
26|776|19520404|4617|3204
30|776|19353661|4886|3579
11|776|19697292|4275|3054
28|776|19447595|3745|2510
6|776|19246151|4488|3140
19|776|19247691|4790|3535
2|777|19127024|3990|2874
12|777|18869801|3924|2710
22|777|18876087|3508|2494
21|777|19240163|4282|3100
31|777|18868770|4219|3009
27|777|19267171|4537|3534
6|777|18725134|4334|3221
3|777|19073588|4258|3188
7|777|18937336|3583|2552
5|777|18957718|4122|2958
0|777|19226345|4417|3375
14|777|19071270|3613|2427
19|777|18736696|4073|3024
15|777|19011338|4732|3736
20|777|19115944|4229|3025
11|777|18789554|4149|2984
28|777|18997476|3377|2262
13|777|19034864|4044|2998
4|777|19112485|4374|3160
18|777|18942968|4267|3053
25|777|18928283|3967|2883
30|777|18819705|4499|3419
24|777|19067381|4722|3558
10|777|19086523|4303|3111
29|777|19225266|4180|2920
26|777|18845897|4408|3240
1|777|19249788|4648|3625
23|777|18878274|3990|2790
9|777|19134099|4150|2992
8|777|19247616|4446|3159
16|777|19120649|3579|2347
17|777|19136454|4392|3095
1|778|21265303|4700|3550
19|778|21506940|4433|3220
0|778|21533118|4325|3067
8|778|21220490|4407|3031
3|778|21586477|4797|3445
11|778|21459061|4238|3073
4|778|21404578|4442|3236
7|778|21572179|4454|3220
13|778|21429614|4453|3136
6|778|21605731|4392|3065
15|778|21491994|4637|3496
2|778|21707766|4756|3438
12|778|21690954|4264|2968
14|778|21520894|3735|2541
9|778|21250698|4783|3575
10|778|21328024|4278|3072
18|778|21411039|4348|3049
20|778|21488247|4834|3370
21|778|21679022|4395|2996
24|778|21364755|4803|3609
22|778|21691049|3874|2582
5|778|21546190|4582|3326
31|778|21657984|4622|3322
29|778|21339554|4231|2986
26|778|21318800|4749|3458
27|778|21647740|4354|3042
30|778|21386912|4672|3427
28|778|21469641|3824|2552
25|778|21408387|4240|2967
16|778|21264587|3568|2316
23|778|21320677|4310|3126
17|778|21251347|4487|3165
1|779|18963783|4129|2756
6|779|18800059|4128|2787
24|779|18674322|4233|2848
27|779|18589420|3745|2423
4|779|18845376|4063|2780
8|779|18917655|4330|2927
10|779|18713552|4149|2821
2|779|18774025|4499|3154
13|779|18822794|4112|2723
15|779|18793617|4206|2842
0|779|18917957|4205|2727
3|779|18882655|4021|2694
17|779|18444129|4188|2773
7|779|18856153|4123|2893
23|779|18471568|3941|2501
18|779|18716345|4021|2800
19|779|18977458|4221|2835
25|779|18515940|3767|2529
26|779|18588099|4344|2982
21|779|18684590|4101|2812
20|779|18702721|4393|3099
16|779|18496238|3369|2187
30|779|18566567|4328|3071
29|779|18617857|4112|2744
12|779|18798284|4108|2795
5|779|18598083|4094|2735
31|779|18639139|4344|3037
11|779|18861870|4022|2720
22|779|18706983|3591|2277
9|779|18842477|4211|2837
14|779|18906815|3569|2207
28|779|18695311|3352|2086
1|780|17602740|4105|2965
10|780|17489005|4434|3305
17|780|17406664|4143|3010
19|780|17356483|4183|3155
24|780|17632408|4721|3579
31|780|17216190|4213|3098
6|780|17597742|4157|3048
12|780|17195253|4091|2939
3|780|17415121|4440|3280
11|780|17148283|4049|2903
9|780|17112191|4529|3434
15|780|17454988|4204|3060
8|780|17524811|4318|2939
18|780|17363758|4086|2891
13|780|17481102|3989|2800
4|780|17746889|3883|2740
7|780|17365636|4129|3017
20|780|17290664|4216|3034
23|780|17393656|3854|2815
16|780|17525515|3274|2144
21|780|17325385|4243|3179
29|780|17264675|4280|3097
26|780|17350564|4306|3236
22|780|17170584|3522|2468
28|780|17437760|3375|2231
30|780|17288225|4115|2991
27|780|17635024|4137|3087
0|780|17430614|4187|3029
2|780|17462063|4519|3408
14|780|17337216|3480|2244
25|780|17356572|3805|2641
5|780|17156366|4224|3083
1|781|18588322|3533|2418
7|781|18351664|4228|3106
17|781|18597555|4196|3134
23|781|18358753|3871|2674
11|781|18530136|4101|2996
16|781|18389557|3305|2222
10|781|18584040|4183|3154
0|781|18165036|3863|2712
5|781|18259424|3695|2433
2|781|18181434|4163|3066
15|781|18449212|3714|2659
19|781|18570833|4255|3137
13|781|18404341|4001|2885
12|781|18517888|3950|2725
20|781|18365268|4159|3083
18|781|18426328|4014|2832
21|781|18317562|3897|2734
24|781|18567403|4171|3098
26|781|18291440|3883|2712
4|781|18364766|3902|2708
3|781|18474289|4264|3055
29|781|18318366|3939|2770
27|781|18241262|3526|2470
25|781|18177712|3740|2544
31|781|18580393|4203|2973
22|781|18287781|3218|2179
9|781|18441385|4167|2989
30|781|18285625|4283|3195
6|781|18523226|3818|2697
14|781|18236444|3251|2211
8|781|18428310|3746|2502
28|781|18696997|3114|2044
11|782|17111977|3615|2580
9|782|16745980|3672|2505
21|782|16962581|3957|2962
3|782|16843384|3797|2848
1|782|17206102|3885|2725
13|782|16993764|3718|2712
10|782|17086362|3606|2626
7|782|17184728|4027|3164
2|782|17040485|4142|3079
28|782|16849216|3068|2077
5|782|17046806|3751|2670
22|782|16779624|3328|2258
6|782|16742234|3928|3023
26|782|16912695|3731|2853
4|782|16898815|3889|2957
23|782|17171327|3499|2463
18|782|16977826|3498|2391
15|782|17057623|4183|3129
31|782|16823931|3754|2777
12|782|17016669|3861|2946
17|782|17207311|3888|2897
8|782|16693257|3519|2582
24|782|16953863|4273|3115
27|782|16864994|3761|2803
19|782|17053167|3935|2996
30|782|16788684|3847|2866
29|782|16910640|3564|2575
0|782|17191348|3625|2576
25|782|16951665|3585|2548
14|782|16881181|3102|2079
20|782|16969943|3771|2738
16|782|17289110|3097|2015
0|783|19097066|3856|2703
15|783|19284426|3932|2764
16|783|19081072|3175|2078
22|783|19410333|3491|2263
5|783|19369696|4162|2881
14|783|19142522|3360|2123
2|783|19398230|4248|3036
10|783|19432149|4080|2856
4|783|19313437|4035|2829
8|783|19202595|3980|2659
7|783|19428998|4434|3063
18|783|19293970|3722|2446
12|783|19245036|3873|2577
9|783|19549341|4256|2976
17|783|19236339|4050|2691
20|783|19076985|4120|2937
30|783|19161097|4579|3328
19|783|19174884|4538|3116
24|783|19208128|4367|3019
25|783|19114762|3626|2508
3|783|19482686|4335|3055
11|783|19594600|4165|3002
29|783|19151405|4210|2865
26|783|19358696|4370|3129
13|783|19495964|4173|2971
21|783|19541698|4181|2942
31|783|19291994|4242|2965
23|783|19342085|4181|3058
1|783|19473119|4402|2941
27|783|19217897|4239|2982
6|783|19341191|4166|2794
28|783|19503745|3453|2213
5|784|16454874|3526|2441
9|784|16313253|4027|2867
18|784|16376061|3706|2824
1|784|16066253|3613|2515
16|784|16571909|3026|2047
13|784|16132534|3593|2633
0|784|16520183|3607|2622
11|784|16183582|3574|2388
2|784|16429698|3644|2646
12|784|16334738|3005|2075
7|784|16370068|4065|2948
21|784|16138428|3556|2526
15|784|16521958|4151|3147
25|784|16239484|3581|2422
19|784|16270011|3543|2486
10|784|16449736|3898|2885
17|784|16318623|3553|2630
24|784|16261089|3922|2745
6|784|16032172|3511|2602
3|784|16242008|3766|2694
31|784|16146847|3707|2755
8|784|16414747|3444|2352
20|784|16320771|3796|2782
22|784|16531042|3288|2213
30|784|16309611|4002|3037
26|784|16206956|3813|2812
29|784|16227166|3488|2485
14|784|16522548|3092|2070
28|784|16096102|2771|1945
4|784|16383443|3621|2601
27|784|16156539|3570|2513
23|784|16209237|3623|2428
8|785|18803141|3824|2629
2|785|19028423|4348|3199
18|785|19169649|3796|2630
10|785|18903827|4011|2817
11|785|19047292|4142|2837
9|785|19162864|4470|3163
7|785|19003122|4139|2927
17|785|18907413|4120|2906
5|785|19185658|4409|3087
6|785|18879843|4009|2780
13|785|19100877|4118|2871
3|785|18864494|3743|2542
12|785|19027882|3976|2861
4|785|18716958|4165|2856
20|785|18826584|4537|3252
21|785|19003592|3949|2672
0|785|19089525|3902|2734
31|785|18869864|4032|2800
16|785|19138576|3412|2212
23|785|18701810|3889|2634
1|785|19112102|4042|2769
30|785|18814593|4213|3034
15|785|19007780|4367|3277
19|785|18975279|4390|3193
22|785|18834773|3297|2182
27|785|18732769|3844|2669
14|785|18779715|3477|2273
25|785|19005158|4073|2883
29|785|18807389|4191|2924
26|785|18832558|4197|2930
24|785|18966467|4628|3439
28|785|18858231|3356|2182
5|786|21805808|4311|3151
10|786|21910096|4704|3527
27|786|21573789|4337|3151
30|786|21647521|4900|3602
4|786|21740346|4832|3505
16|786|21759620|3569|2433
13|786|21787789|4392|3063
2|786|21972003|4814|3580
6|786|21807850|4412|3263
7|786|21859261|4183|2932
20|786|21734284|4704|3358
15|786|21599361|4579|3255
11|786|21899595|4442|3257
9|786|21861417|5061|3741
17|786|21854192|4522|3150
19|786|21595693|4907|3736
24|786|21481372|4434|3233
14|786|21546543|3760|2465
26|786|21503347|4786|3424
18|786|21961398|4400|3074
0|786|21717504|4545|3177
23|786|21668866|4459|3248
25|786|21542342|4222|3091
28|786|21481097|3560|2368
21|786|21746028|4223|2862
12|786|21797966|4436|3319
1|786|21618023|4491|3201
22|786|21602789|3836|2729
8|786|21995365|4493|3189
29|786|21542444|4742|3404
31|786|21752082|4675|3476
3|786|21772548|4797|3606
1|787|26140005|5224|3724
8|787|26132898|5137|3684
7|787|26478309|5264|3687
30|787|26615044|5001|3426
4|787|26517625|5323|3688
14|787|26440378|4170|2626
11|787|26404399|5121|3600
16|787|26660279|3989|2497
10|787|26605098|5485|3956
6|787|26484202|5110|3566
0|787|26245606|4684|3232
13|787|26517501|4991|3343
15|787|26448434|5290|3704
17|787|26404538|5228|3639
21|787|26217897|5068|3463
19|787|26389255|5299|3754
2|787|26465321|5237|3702
24|787|26381938|5232|3601
12|787|26212353|4596|3032
26|787|26359541|5323|3757
18|787|26329656|5172|3685
20|787|26490244|4861|3323
22|787|26189285|4170|2784
5|787|26611846|5004|3411
27|787|26644435|4953|3559
23|787|26305708|4753|3202
25|787|26291018|4928|3420
28|787|26268463|4414|2982
29|787|26169536|5247|3679
31|787|26155833|4869|3270
3|787|26065106|5166|3668
9|787|26399190|5540|4038
3|788|20765970|3967|2763
23|788|20891516|3840|2550
11|788|21238489|3807|2633
0|788|21199653|3700|2539
28|788|20923379|4066|2590
7|788|21284542|4248|2995
31|788|20919171|4237|3027
13|788|21114590|4009|2637
30|788|21404680|4280|3018
1|788|21490384|3633|2453
26|788|21002732|4226|2993
17|788|21101450|3701|2468
25|788|20876743|3827|2568
4|788|21215372|3820|2551
21|788|21104303|3903|2569
6|788|21142068|4216|2948
10|788|21215406|3814|2476
29|788|20863217|4139|2835
14|788|21270091|3363|2136
24|788|21073661|4010|2841
20|788|21007740|3413|2238
2|788|21023183|4327|3028
18|788|21042012|3874|2696
27|788|20966835|3942|2797
5|788|20896567|3665|2422
8|788|21432274|3969|2664
16|788|21309424|3358|2182
22|788|21044820|3304|2090
9|788|20892447|3977|2655
15|788|21107670|4270|2994
19|788|21058895|4362|3042
12|788|21012602|3609|2421
1|789|28222851|5410|3986
7|789|28303312|5507|3992
22|789|27992475|4432|2995
2|789|28041350|6026|4358
9|789|27946665|4785|3305
5|789|28007195|5517|4052
15|789|27943326|5731|4148
6|789|28160864|5623|4133
3|789|28375347|5388|3860
17|789|28387744|5340|3846
14|789|28123523|4301|2927
25|789|28218628|5182|3722
12|789|27931887|4801|3461
19|789|27946862|5545|4194
26|789|28252269|5565|3975
18|789|28069083|4792|3368
10|789|28163319|4217|2918
8|789|28024334|4121|2719
27|789|28063144|4781|3267
0|789|28311561|5319|3780
21|789|28197055|5462|4021
30|789|28306116|5308|3859
28|789|28365952|5565|4027
29|789|28172996|5457|3937
31|789|28348873|5574|4022
20|789|28133989|4462|3039
23|789|28450821|5352|3736
11|789|28507377|4261|2895
16|789|27996064|4171|2844
13|789|28471266|5634|4124
4|789|28843440|5911|4503
24|789|29423963|5929|4536
1|790|18424977|3866|2687
8|790|18126676|3649|2600
10|790|18151466|3714|2715
23|790|18011290|3714|2634
2|790|18366405|4372|3131
13|790|17914974|4096|3044
6|790|18322758|4058|2854
12|790|18225821|3702|2642
3|790|18281695|3904|2757
0|790|18109263|4087|2792
22|790|18558152|3223|2244
18|790|18182281|3849|2845
19|790|18219091|4091|2924
17|790|18287762|4025|3037
15|790|18351173|3765|2704
24|790|17139152|4283|3123
11|790|18226388|3495|2313
4|790|17814130|3979|2801
21|790|18116444|3942|2725
9|790|18366987|4329|3165
28|790|18087359|3938|2872
26|790|18221384|4005|2835
29|790|18072894|4147|2964
27|790|18157107|3810|2656
30|790|18112062|4230|3096
31|790|18068004|3967|2819
7|790|18427614|3779|2620
5|790|18512219|4008|2773
25|790|18440456|3771|2551
20|790|18030336|3264|2263
16|790|18416501|3313|2120
14|790|18822306|3132|2074
5|791|18225195|4121|2826
17|791|18462608|4137|2824
29|791|18347017|4136|2902
6|791|18558785|4392|3230
1|791|18676218|4091|2840
7|791|18246031|3950|2775
9|791|18356045|4373|3055
0|791|18519175|4009|2795
3|791|18541156|4390|3180
4|791|18397656|4020|2657
21|791|18386971|4130|2977
23|791|18641063|3946|2794
25|791|18236998|3667|2493
13|791|18597332|3998|2896
10|791|18638045|4122|2955
20|791|18458680|3580|2286
19|791|18486707|4182|2863
12|791|18569670|4007|2750
27|791|18319937|4097|2870
24|791|18442766|4338|3122
18|791|18509937|3954|2701
31|791|18295002|4345|3127
30|791|18314691|4297|3062
26|791|18359833|4382|3170
28|791|18382676|4197|2988
22|791|18543852|3623|2351
11|791|18450428|3963|2725
8|791|18667834|4301|3078
14|791|18229276|3345|2226
2|791|18846590|4093|2860
15|791|18451799|4187|2904
16|791|18530977|3337|2134
0|792|17853625|3935|3011
10|792|17771982|3822|2810
22|792|17610958|3168|2133
30|792|17687447|3997|2907
11|792|17554885|3462|2563
4|792|17852203|3997|2866
7|792|17928215|4046|2906
3|792|17872172|4224|3344
6|792|17967762|3978|3024
1|792|17922063|3956|2988
9|792|17919306|3558|2631
17|792|18003310|4024|3012
20|792|17956079|3205|2214
18|792|17691686|3799|2857
19|792|17767643|4238|3213
24|792|17714832|3945|2815
12|792|17756976|3765|2819
5|792|17998025|3856|2762
27|792|17749438|3693|2790
31|792|17689970|3790|2735
23|792|17863889|4058|3078
28|792|17653582|3853|2809
14|792|17573980|3319|2393
26|792|17659030|3607|2565
15|792|17560850|3941|2816
29|792|18043891|3957|2985
2|792|17507545|4247|3189
8|792|17625349|3356|2196
25|792|17888407|3695|2769
13|792|17926086|3722|2804
21|792|17858470|3740|2773
16|792|17759758|3114|2153
8|793|21415881|4249|2969
15|793|21490026|4534|3134
31|793|21607457|4439|3130
3|793|21758588|4143|2902
6|793|21742956|4432|3163
10|793|21869526|4386|3107
7|793|21782717|4420|3069
12|793|21621178|4293|3074
1|793|21732070|4062|2875
4|793|21793732|4345|2947
11|793|21828833|4113|2750
19|793|21648283|4295|2915
17|793|21713168|4201|2842
5|793|21590979|4127|2858
0|793|21907375|4331|3010
21|793|21405926|4312|3130
23|793|21571333|4302|2922
13|793|21422726|3964|2642
14|793|21531016|3573|2409
24|793|21655655|4738|3348
18|793|21691153|4333|2949
20|793|21710205|3730|2443
30|793|21858495|4360|3151
25|793|21448023|4154|2902
28|793|21569903|4351|3078
22|793|21875458|3648|2467
27|793|21622334|4284|2969
29|793|21504475|4332|2962
2|793|21436882|4500|3178
16|793|21450689|3433|2267
26|793|21575817|3625|2280
9|793|21919314|3859|2449
5|794|17389223|3468|2581
1|794|17488910|3645|2716
21|794|17381765|3624|2529
19|794|17477094|3778|2770
0|794|17387612|3563|2741
8|794|17656679|3143|2168
11|794|17459769|3823|2896
2|794|17139553|4001|2963
3|794|17572474|3701|2685
17|794|17428610|3943|2935
12|794|17513653|3352|2394
7|794|17531876|3738|2714
10|794|17546116|3552|2558
4|794|17465993|3485|2637
15|794|17642996|3935|2951
18|794|17312137|3506|2558
9|794|17383214|2950|1973
20|794|17296794|2849|1987
14|794|17351506|3056|2136
28|794|17248787|3602|2698
30|794|17284422|3794|2819
22|794|17233291|3183|2333
16|794|17165193|2863|2012
31|794|17633273|4102|3147
25|794|17269962|3601|2466
27|794|17223397|3449|2555
24|794|17348770|3753|2674
23|794|17398366|3676|2733
13|794|17342371|3589|2541
29|794|17214499|3719|2730
26|794|17262043|3298|2125
6|794|17568761|3677|2754
5|795|20069203|4455|3176
6|795|19557074|4353|3061
18|795|19846827|4356|3025
4|795|19842948|4584|3294
8|795|19979833|4406|3068
3|795|19935099|4805|3454
1|795|20060767|4343|3077
7|795|19878973|4477|3060
16|795|19868952|3648|2308
0|795|19987915|4703|3469
11|795|19972150|4202|2879
12|795|19912340|4488|3177
15|795|19850193|4516|3086
17|795|19935633|4626|3306
24|795|19676212|4579|3363
10|795|19896637|4494|3170
25|795|19716416|4356|3025
21|795|20078949|4591|3268
19|795|20052672|4909|3480
2|795|19941300|5173|3830
14|795|19820064|3998|2659
20|795|19833902|3943|2577
26|795|19952625|3552|2386
28|795|19807742|4661|3306
23|795|19679138|4282|3039
29|795|19651822|4454|3137
30|795|19796213|4438|3074
22|795|19793430|3665|2525
31|795|19767251|4428|3120
13|795|19623954|4322|2864
27|795|19712101|4609|3248
9|795|20290701|3647|2302
0|796|17951103|3985|2865
5|796|18124709|4131|2949
1|796|18007910|4007|2913
4|796|18055880|4065|2994
3|796|18027427|4269|3284
11|796|18038132|3977|2826
6|796|18101751|4191|3207
12|796|18069782|4085|3075
22|796|17827302|3282|2252
7|796|18002056|4434|3320
10|796|17877824|3973|2884
2|796|17793425|4109|3020
13|796|17851895|3923|2818
21|796|17954750|3891|2787
17|796|18023480|4009|2986
24|796|18007812|4082|3006
15|796|18041865|4299|3110
23|796|17849672|3920|2753
26|796|18064580|3434|2323
28|796|17883712|4052|3041
19|796|17959534|4035|3019
8|796|18049922|3964|2935
14|796|17933724|3403|2313
29|796|17853222|4047|2999
25|796|18001130|3894|2883
30|796|17838910|4035|2999
31|796|17816869|4376|3313
27|796|17783791|3930|3001
9|796|17599653|3376|2390
18|796|18203226|3937|2755
20|796|17907859|3414|2386
16|796|18440454|3177|2169
5|797|18884180|4118|2880
2|797|18706990|4222|2984
20|797|18434249|3534|2261
30|797|18542321|4168|3008
14|797|18606069|3516|2265
10|797|18723473|4053|2682
0|797|18917329|4246|3128
15|797|18643113|4053|2755
17|797|18678674|4073|2871
6|797|18787837|4000|2730
9|797|18433965|3552|2329
1|797|18885954|4088|2828
21|797|18709443|4076|2787
8|797|18571788|3693|2462
18|797|18431752|3692|2479
13|797|18725958|4188|2947
23|797|18647508|3697|2526
19|797|18592950|4222|2975
24|797|18679918|3978|2753
12|797|18804113|4202|3028
7|797|18778243|4212|3034
16|797|18409924|3841|2679
27|797|18486572|4042|2815
25|797|18536435|3899|2750
22|797|18800683|3785|2673
29|797|18556547|3926|2709
28|797|18631205|4177|3023
31|797|18514346|4271|3079
11|797|18827128|3902|2642
4|797|18859980|4083|2812
3|797|18846629|4233|3029
26|797|18706325|3347|2177
5|798|17876185|4158|2816
12|798|17554112|3947|2707
19|798|17602469|4048|2865
30|798|17880049|4404|3114
31|798|17497065|4070|2810
0|798|17757931|3871|2683
2|798|17854004|4631|3404
3|798|17392607|3968|2760
7|798|17552233|4125|2804
4|798|17396654|4115|2820
16|798|17535946|3911|2715
6|798|17707457|4003|2719
9|798|17692595|3646|2397
22|798|17497058|4000|2718
11|798|17438791|3928|2649
10|798|17788027|3871|2713
15|798|17766762|4280|3127
14|798|17840902|3501|2289
20|798|17866026|3450|2215
18|798|17659142|3778|2529
17|798|17756320|3880|2633
21|798|17699185|4008|2586
1|798|17675486|3932|2777
25|798|17533301|3836|2665
24|798|17612916|3850|2601
23|798|17656065|3965|2770
28|798|17504879|4078|2879
8|798|17651165|3825|2555
29|798|17524187|4242|2979
27|798|17574875|3970|2737
13|798|17617119|3736|2464
26|798|17519998|3279|2146
1|799|16121103|3719|2584
8|799|16055349|3393|2344
6|799|16308807|3303|2365
19|799|16486059|3939|2809
25|799|16168545|3357|2408
27|799|16083447|3651|2630
10|799|16253984|3655|2682
7|799|16353594|3750|2733
0|799|16392004|3538|2564
12|799|16489650|3774|2810
9|799|16311417|3248|2215
13|799|16034536|3525|2479
2|799|16406775|3814|2857
14|799|16240020|2993|2110
16|799|16345198|3570|2529
15|799|16259667|3984|2903
22|799|16316893|3902|2870
21|799|16191582|3606|2417
4|799|16335053|3666|2573
20|799|16243190|3030|2127
23|799|16130859|3330|2434
17|799|16215744|3704|2726
24|799|16154660|4013|2986
11|799|16267068|3622|2535
18|799|16238784|3511|2448
30|799|16499042|3839|2817
31|799|16490095|3821|2791
3|799|16358435|3571|2551
26|799|16058082|2849|1893
29|799|16108695|3707|2703
28|799|16141738|3715|2801
5|799|16598679|3500|2385
1|800|15882481|3663|2550
2|800|15698803|4031|3091
0|800|15754100|4105|2955
7|800|15860847|3688|2727
5|800|15468995|3591|2470
4|800|15723352|3712|2686
6|800|15985953|3873|2798
3|800|15534287|3624|2571
8|800|15990981|3766|2820
12|800|16128340|3559|2529
11|800|15915644|3733|2708
25|800|16246437|3609|2542
9|800|16147335|3075|2073
26|800|15869284|2951|1944
28|800|15847930|3867|2807
31|800|15923351|4036|3029
30|800|15898651|4088|2958
29|800|15831983|3789|2757
27|800|16228329|3752|2830
19|800|16262303|3973|2968
18|800|15918795|3606|2580
22|800|16052765|3664|2641
14|800|16103021|3119|2050
20|800|16009764|3086|2093
17|800|15949902|3751|2756
16|800|16064864|3632|2623
15|800|16095122|4046|3046
24|800|15981510|3894|2957
13|800|16101288|3801|2680
23|800|16013815|3656|2736
21|800|16064926|3686|2420
10|800|16193020|3727|2596
1|801|17339251|3753|2493
5|801|17246385|3883|2654
8|801|17198681|3743|2599
4|801|17251776|3922|2751
11|801|16960756|3532|2442
28|801|16962665|4089|2958
31|801|16975602|3769|2687
23|801|16777423|3835|2581
7|801|17283422|3979|2823
3|801|17187980|3896|2693
10|801|16686364|3787|2634
19|801|16862113|3759|2606
12|801|16988404|3831|2705
9|801|16948171|2967|1947
18|801|16844225|3921|2653
17|801|16789795|3856|2591
21|801|16711610|3903|2523
14|801|16837588|3179|2041
22|801|16853038|3853|2759
30|801|16932742|3985|2668
25|801|16990677|3602|2524
20|801|16833235|3215|2158
27|801|16909479|3672|2517
29|801|16925219|3994|2754
6|801|17228421|4029|2888
16|801|16819869|3593|2441
15|801|16805872|3755|2675
26|801|16996412|3237|2076
24|801|16799598|3762|2603
2|801|17334881|4077|2845
0|801|17290716|4106|2920
13|801|16814173|3553|2415
4|802|16443179|3619|2437
1|802|16507118|3693|2692
19|802|16346642|3693|2574
28|802|16474117|4029|3110
13|802|16050359|2961|1945
2|802|16023656|3503|2479
26|802|16149092|2872|1923
0|802|15996823|3667|2609
10|802|16359220|3835|2689
7|802|16400257|3821|2710
11|802|16458317|3779|2734
9|802|16305466|3164|2124
18|802|16292270|3525|2494
5|802|16486149|3488|2418
17|802|16287389|3649|2538
25|802|16196810|3465|2326
20|802|16181130|2998|2034
22|802|16238707|3821|2803
23|802|16447785|3575|2435
31|802|16460095|3670|2501
14|802|16262448|3140|2097
3|802|16363529|3743|2731
24|802|16087960|3132|2122
29|802|16169204|3762|2743
30|802|16242464|3785|2645
27|802|16191706|3582|2674
8|802|16487082|3672|2607
6|802|16172989|3565|2318
12|802|16314240|3486|2387
16|802|16202610|3128|2063
15|802|16292116|3135|2063
21|802|16467074|3775|2397
8|803|17768318|3531|2462
2|803|18136387|4278|3275
16|803|17757139|3193|2338
21|803|17733089|3701|2696
3|803|17876096|4079|2940
14|803|17966018|3295|2212
6|803|17773972|4155|3088
12|803|17758109|3991|2941
0|803|18114573|3986|2831
11|803|18072069|3902|2923
10|803|18104353|3714|2777
4|803|18241495|4172|3197
9|803|18048731|3589|2379
13|803|18171511|3083|2312
23|803|17943709|3852|2576
17|803|18007352|4256|3049
19|803|18207619|4391|3294
15|803|17739744|3364|2417
24|803|17884063|3440|2351
29|803|17869512|3976|3074
31|803|17940024|4090|3075
22|803|17973037|4223|3152
7|803|18078632|4071|2965
25|803|18008177|3753|2852
28|803|18203532|4303|3283
30|803|17859647|4386|3370
27|803|17847235|4044|2902
1|803|18206343|4337|3125
20|803|18001527|3240|2343
26|803|18181036|3320|2379
5|803|18063738|4128|2866
18|803|18028335|4008|2898
0|804|20256909|4639|3258
4|804|20236635|4627|3282
1|804|19966006|4327|2933
25|804|20070035|4331|3010
24|804|20161090|3729|2457
13|804|20191128|3295|2139
3|804|20354777|4565|3258
21|804|20369656|4080|2687
16|804|20519202|3710|2371
9|804|20215093|3944|2620
26|804|20082805|3614|2304
11|804|20275035|4210|3004
7|804|20028724|4893|3484
17|804|20172416|4504|3095
14|804|20357565|3878|2554
19|804|20158336|4705|3210
22|804|20088913|4929|3636
10|804|20231509|4784|3461
12|804|20325076|4090|2712
8|804|20457357|4249|2884
23|804|20203891|4461|3063
18|804|19922005|4218|2924
29|804|20127728|4399|2980
15|804|20158315|3703|2434
27|804|20016420|4076|2660
28|804|20054561|4471|3071
5|804|19901117|4339|2911
20|804|19940189|3825|2519
30|804|20063518|5061|3694
31|804|20149569|4530|3100
2|804|20406848|4973|3511
6|804|20337124|4806|3330
8|805|19048936|4053|2860
3|805|19269524|4353|3126
19|805|19157156|4262|2992
15|805|19043268|3614|2447
6|805|18873108|4474|3305
26|805|19291475|3580|2345
7|805|19174377|4622|3354
0|805|19375082|4548|3212
1|805|19325400|4426|3082
12|805|19094047|4185|2971
10|805|19108036|4326|3066
22|805|19124150|4737|3444
11|805|19214292|4349|3047
21|805|19270542|4389|3032
27|805|19007243|4387|3018
25|805|19352565|4164|2999
9|805|19242909|3581|2316
29|805|19047629|4354|2996
28|805|18997254|4682|3467
23|805|19081792|4253|3162
16|805|19274195|3331|2219
2|805|18877653|4840|3388
18|805|19069475|4292|3008
20|805|18966542|3571|2425
14|805|19182513|3510|2325
31|805|18948135|4363|3058
17|805|19188765|4511|3368
30|805|18951106|4106|2847
13|805|19327230|3622|2315
24|805|19343849|3509|2364
4|805|19349607|4411|3140
5|805|18953385|3955|2641
1|806|18419413|3625|2507
11|806|18369222|3888|2631
7|806|18454785|4033|2677
10|806|18443933|3854|2702
22|806|18389399|4026|2799
8|806|18591136|3752|2646
3|806|18555577|4158|2862
21|806|18361634|4016|2640
4|806|18066980|3826|2665
5|806|18042809|3852|2611
28|806|18280002|3829|2613
30|806|18137879|4182|2796
19|806|18549300|4247|3041
25|806|18334760|3613|2491
2|806|18237026|4158|2891
18|806|18219245|3732|2439
0|806|18474336|3882|2700
15|806|18541297|3516|2301
27|806|18359366|3948|2651
24|806|18109270|3486|2268
17|806|18166448|3895|2887
29|806|18297580|3946|2646
14|806|18199168|3224|2155
16|806|18265300|3525|2263
9|806|18333062|3537|2283
13|806|18140187|3144|2077
6|806|18503640|3916|2643
12|806|18461521|3887|2734
23|806|18287538|3687|2567
20|806|18223117|3261|2209
31|806|18207259|3922|2737
26|806|18587800|3385|2200
1|807|20135527|4649|3371
19|807|19945195|4529|3089
27|807|19861550|4815|3556
13|807|19775660|3909|2567
9|807|19726857|3777|2523
4|807|20002115|4881|3465
5|807|19989315|4596|3232
20|807|19638807|4119|2685
14|807|19761180|3904|2599
10|807|20109282|4493|3139
15|807|19848379|3875|2655
23|807|19667353|4508|3245
11|807|20149224|4449|3095
0|807|19882634|4519|3182
2|807|19886454|4915|3410
21|807|20034219|4655|3226
8|807|20076959|4577|3118
7|807|20139831|4942|3699
12|807|19703744|4664|3275
18|807|19910687|4230|3076
16|807|19771484|3802|2508
22|807|20106523|4920|3647
30|807|19986474|5086|3703
29|807|19806951|4598|3243
17|807|19826670|4432|3164
28|807|20011017|4967|3527
6|807|19683898|4772|3391
31|807|19663779|4922|3621
25|807|19968488|4546|3111
3|807|20015660|4698|3177
24|807|19895658|3835|2519
26|807|19719621|3900|2549
1|808|20154505|4542|3082
3|808|19643017|4327|3000
23|808|19987941|3915|2631
24|808|19673901|4169|2839
2|808|19893042|5077|3618
6|808|19703891|4736|3260
7|808|19853199|4792|3424
8|808|19876081|4326|2961
10|808|19997710|4836|3371
9|808|20094065|4087|2731
11|808|19948261|4195|2920
4|808|20041316|4753|3341
12|808|19850788|4472|3138
15|808|19987046|4129|2881
19|808|20164036|4760|3446
17|808|19762843|4457|3028
18|808|19846634|4333|2943
13|808|20396905|3711|2412
22|808|19811618|4725|3421
20|808|20055805|3891|2600
25|808|19709116|4160|2851
0|808|19909310|4795|3402
29|808|19794237|4533|3203
28|808|19765748|4603|3276
21|808|19932653|4748|3429
27|808|20165942|4558|3134
5|808|20030712|4371|3002
30|808|19822138|4463|2973
31|808|19751937|4463|3163
26|808|19700300|3446|2250
14|808|20034881|4007|2637
16|808|20140749|3751|2403
5|809|19918783|4399|3005
10|809|20228587|4672|3299
30|809|19946745|4668|3206
2|809|20297014|4736|3175
13|809|20152416|3768|2407
6|809|20288566|4362|2893
12|809|20162499|4245|2818
1|809|20371186|4336|3071
11|809|20201337|4554|3170
4|809|20188267|4604|3221
18|809|20107697|4296|2927
24|809|20332341|4712|3271
9|809|20222967|3686|2393
23|809|20360078|4168|2814
7|809|20277141|4422|3100
21|809|19992238|4104|2696
25|809|20062358|4155|2877
8|809|20273678|4318|3036
28|809|20020906|4651|3281
15|809|20175952|4887|3556
3|809|20341292|4607|3101
22|809|20102308|4878|3476
17|809|20147786|4363|3088
19|809|20168420|4639|3453
20|809|20092747|3865|2521
31|809|19946286|4643|3289
27|809|19996783|4315|2956
26|809|19927823|3411|2247
29|809|20063756|4454|3043
0|809|20014421|4541|3185
14|809|19957821|3648|2342
16|809|19974331|3767|2417
1|810|19214703|4137|2945
8|810|19066359|4264|2891
0|810|18879759|4439|3242
20|810|18989464|3733|2489
15|810|19099888|4399|3160
30|810|19392478|4628|3470
4|810|19204203|4254|3037
16|810|18938787|3624|2317
6|810|19281317|4563|3405
21|810|19114094|4264|2928
3|810|19016808|4459|3155
9|810|19169392|3676|2461
18|810|19203400|4272|2953
11|810|19249649|4198|2944
19|810|18998161|4433|3268
24|810|19199737|4632|3375
12|810|19289494|3940|2742
23|810|19173184|4364|2983
5|810|19353112|4517|3185
28|810|19092261|4288|3079
27|810|18970061|4092|2813
17|810|19033548|4528|3320
22|810|19053524|4841|3538
26|810|18962647|3321|2182
31|810|18999257|4369|3057
25|810|19141863|4228|2949
10|810|19338678|4082|2816
2|810|19304243|4743|3396
29|810|18984142|3762|2538
7|810|19127967|4523|3364
13|810|19395887|3614|2340
14|810|19206355|3484|2304
0|811|19342527|4018|2814
15|811|19328858|4499|3200
20|811|19365973|3713|2487
22|811|19066035|4689|3478
31|811|19040418|4272|3140
4|811|19289762|4469|3089
2|811|18934917|4732|3421
19|811|19171169|4254|3083
7|811|18889258|4503|3202
3|811|19219533|4383|3112
10|811|18969873|4193|3029
23|811|19119583|3868|2631
21|811|19270180|4347|3055
16|811|19487695|3643|2295
17|811|19062564|4227|2876
11|811|19207525|4217|2910
12|811|19144527|4143|3013
25|811|19000499|4158|2823
13|811|18891378|3574|2320
24|811|19187458|4591|3454
18|811|19240351|4385|3118
14|811|18888584|3459|2257
28|811|19108368|4568|3303
5|811|19071221|4137|2807
30|811|19360650|4398|3088
27|811|19102543|4190|2999
29|811|18947613|4317|3032
1|811|19389285|4295|2990
6|811|19257559|4256|2921
26|811|19065755|3541|2344
9|811|19307353|3457|2218
8|811|19410388|4214|3035
7|812|18317658|3973|2887
12|812|18206545|4035|2793
27|812|18007344|4002|2869
17|812|18272044|4026|2838
25|812|18212751|3819|2569
31|812|18457927|4239|3097
6|812|17940318|4105|2885
20|812|18535323|3467|2295
13|812|18123371|3502|2325
1|812|17943609|3918|2753
5|812|18037263|3923|2783
16|812|18273202|3732|2512
24|812|18115660|4323|3191
8|812|17910370|4022|2928
11|812|18245300|4310|3171
28|812|18067812|4230|3009
15|812|18469606|4623|3440
0|812|18458729|4316|3166
23|812|18313128|3996|2817
18|812|18111012|3880|2837
19|812|18386528|4574|3335
30|812|18041054|4077|2963
14|812|18094913|3674|2528
4|812|18375130|4098|2876
21|812|18315447|3891|2609
29|812|18019893|3991|2798
2|812|18364371|4712|3609
22|812|18470231|4614|3433
10|812|18302630|4153|3030
9|812|18001993|3458|2307
3|812|18322319|4250|3050
26|812|18065084|3452|2222
1|813|16080202|3696|2787
3|813|15762365|3355|2423
19|813|15947897|3709|3018
20|813|16187070|3131|2234
31|813|16241666|3852|2918
6|813|16158930|3497|2555
11|813|16022179|3544|2589
2|813|15825479|3670|2771
10|813|15818767|3368|2475
15|813|15999624|3779|2699
12|813|16247961|3416|2544
7|813|16264982|3760|2844
18|813|15963067|3406|2490
13|813|16128662|3580|2661
0|813|15964180|3524|2519
8|813|16057903|3648|2766
22|813|15852190|3662|2830
17|813|16246385|3696|2739
16|813|16095977|3823|2882
24|813|16083011|3662|2754
28|813|16038169|3698|2741
27|813|16262285|3320|2287
9|813|15828515|3001|2096
23|813|16005587|3368|2341
25|813|16246498|3432|2562
5|813|16075989|3463|2637
30|813|15967216|3828|2928
29|813|15905232|3813|2866
4|813|15872020|3405|2476
26|813|16057148|3243|2090
14|813|16240957|2820|2056
21|813|16243810|3217|2313
1|814|19041785|4344|2985
4|814|18606978|4224|2859
6|814|18987489|4119|2721
20|814|19060227|3817|2433
26|814|18658019|3375|2138
5|814|18664372|4090|2711
7|814|18879816|4204|2962
9|814|18839787|3477|2216
12|814|18904895|4066|2725
13|814|18861374|4178|2986
10|814|18941002|4512|3199
17|814|18799564|4240|2763
19|814|19036607|4264|3015
0|814|18850165|4294|2950
22|814|18823506|3954|2678
16|814|18794789|3917|2514
23|814|18719594|4254|2981
21|814|18591157|3986|2662
18|814|18897243|4106|2735
28|814|18774831|4089|2751
2|814|18928590|4569|3233
24|814|18793262|4524|3306
11|814|18999287|4184|2775
29|814|18671380|4084|2746
30|814|18687919|4082|2734
27|814|18773502|3985|2596
31|814|19036382|4259|2962
25|814|18719610|3888|2559
14|814|18615536|3454|2162
8|814|18807380|3855|2506
3|814|19042105|4266|2921
15|814|18920154|4448|2994
1|815|19309685|4445|3075
11|815|18942526|4381|2875
19|815|19112231|4476|3091
6|815|19251886|4489|2981
2|815|18958765|4820|3288
7|815|19184826|4731|3389
14|815|18940694|3947|2492
9|815|19177132|3926|2651
4|815|19292212|4634|3190
12|815|19163906|4219|2810
13|815|19148927|4501|3114
16|815|19054672|4605|3008
8|815|18825714|4635|3149
5|815|19234751|4546|3145
3|815|18787290|4171|2740
17|815|19116905|4652|3163
22|815|19082113|4567|3005
23|815|19052050|4402|2955
0|815|19066395|4544|3071
21|815|19042895|4376|2914
24|815|18982774|4619|3176
15|815|18816657|4889|3438
20|815|19626528|4105|2581
30|815|18938571|4532|3028
27|815|18923692|4072|2672
29|815|18958436|4629|3169
18|815|19040083|4567|3197
31|815|18914025|4813|3283
25|815|18914435|4338|2776
10|815|19121165|4273|2862
26|815|19451246|3747|2403
28|815|19018477|4649|3117
5|816|18038339|3906|2663
13|816|18097932|3989|2765
11|816|18320837|4134|2974
27|816|17932437|4045|2800
20|816|17985773|3612|2303
10|816|17808557|4078|2734
0|816|18091064|4096|2895
7|816|18194482|3967|2732
2|816|18230857|4150|2902
22|816|18018902|4466|2970
21|816|17992027|4050|2786
26|816|17975115|3291|2081
24|816|17975485|4271|2975
6|816|18280865|3938|2767
29|816|17909535|3967|2705
8|816|18064211|4123|2964
17|816|18059478|4159|2861
23|816|18026876|4027|2750
19|816|18298934|4307|3001
15|816|17976288|4268|3000
9|816|18207192|3500|2357
28|816|17822482|4060|2869
25|816|17858640|3902|2606
31|816|17889391|4058|2855
1|816|18297503|4263|2941
30|816|17962691|4240|3137
16|816|18152227|4107|2872
3|816|18035757|3827|2601
12|816|18208272|3624|2360
4|816|18135464|4348|2967
14|816|18315869|3543|2256
18|816|17885073|4042|2839
1|817|18320334|3897|2586
5|817|18743595|3892|2747
13|817|18736950|3828|2832
30|817|18366711|4235|3012
31|817|18433321|4153|2867
7|817|18620011|4108|2802
12|817|18272394|3595|2486
8|817|18501488|3880|2647
3|817|18292228|4152|2742
9|817|18408678|3152|2101
24|817|18555306|4057|2904
2|817|18586036|4181|2996
11|817|18721494|4176|2875
15|817|18438926|4059|2884
4|817|18236657|4148|2890
6|817|18550313|4068|2710
17|817|18492417|3985|2627
16|817|18325220|3947|2649
21|817|18594633|3783|2591
18|817|18245586|3647|2504
20|817|18694809|3487|2224
23|817|18485622|3893|2464
28|817|18418741|3828|2727
26|817|18601269|3209|2135
27|817|18731162|3906|2767
22|817|18640088|4395|3176
10|817|18634654|3868|2593
29|817|18572596|3808|2715
19|817|18498809|4291|2941
25|817|18435191|3912|2649
14|817|18300014|3211|2124
0|817|18622229|3856|2574
1|818|16632636|3733|2491
2|818|16439179|3990|2726
24|818|16480860|3878|2706
0|818|16099824|3648|2498
6|818|16372992|3761|2399
5|818|16629839|3724|2470
7|818|16537409|3738|2411
13|818|16611237|3671|2604
4|818|16391260|3654|2343
19|818|16177538|4002|2596
18|818|16327899|3772|2574
16|818|16354568|3686|2419
15|818|16418908|4143|2977
14|818|16133571|3235|2192
10|818|16193809|3778|2739
12|818|16530774|3705|2486
26|818|16505340|3134|2073
9|818|16488785|3213|2126
21|818|16349086|3571|2311
8|818|16514863|3619|2519
25|818|16171546|3595|2332
22|818|16237028|3747|2572
30|818|16605137|3900|2655
28|818|16292344|3790|2665
29|818|16212118|3579|2492
3|818|16479146|3807|2575
27|818|16258760|3619|2500
11|818|16473120|3854|2575
31|818|16598002|4097|2859
20|818|16474203|2834|1848
23|818|16520434|3589|2274
17|818|16379378|3598|2327
2|819|18496543|4200|3073
15|819|18337636|4239|3080
14|819|18330563|3380|2349
18|819|18388607|3786|2730
29|819|18204239|3997|2821
6|819|18458549|4075|2895
17|819|18133661|4045|2827
9|819|18270167|3701|2541
7|819|18436154|3754|2567
12|819|18299233|3969|2904
5|819|18468263|3932|2785
4|819|18412075|4075|2987
16|819|18363265|3922|2831
10|819|18320450|3957|2783
8|819|18251269|4102|2946
0|819|18507346|3556|2400
1|819|18543220|3969|2850
22|819|18225607|4220|3060
19|819|18408615|3635|2545
21|819|18275314|3956|2853
25|819|18247542|3640|2582
3|819|18130381|4159|2985
24|819|18551230|4517|3423
23|819|18091964|4001|2760
30|819|18227414|4254|3067
28|819|18212136|4324|3214
26|819|18320181|3270|2143
27|819|18169292|3867|2786
31|819|18140642|4015|3011
11|819|18104919|3957|2782
13|819|18414967|4021|3036
20|819|18281825|3369|2253
1|820|18666362|4312|2983
3|820|18599797|4198|3012
17|820|18879629|4266|3003
27|820|18554954|4197|2910
12|820|18804965|4126|2825
5|820|18768161|4145|3046
4|820|18775316|4204|3037
2|820|18956779|4781|3647
6|820|18874894|4192|2994
10|820|18742083|4388|3203
13|820|18464281|4212|2968
7|820|18831218|4616|3371
21|820|18645604|4309|3012
15|820|18956645|4396|3154
14|820|18953184|3696|2512
25|820|18641681|4092|2756
19|820|18678129|3576|2375
0|820|18727477|3544|2372
16|820|18784555|4205|3035
23|820|18601615|4119|3040
18|820|18938763|4248|2967
20|820|18473222|3734|2519
24|820|18621808|4703|3519
22|820|18702898|4325|3143
11|820|18463066|4116|2837
9|820|18879331|3700|2571
28|820|18593587|4651|3395
30|820|18609815|4654|3383
31|820|18546537|4150|2794
8|820|18720002|4168|2953
29|820|18951372|4453|3150
26|820|18603966|3523|2313
6|821|19635292|4705|3372
8|821|19321538|4292|3192
29|821|19323980|4231|2958
14|821|19612551|3649|2401
9|821|19362127|4603|3361
10|821|19624882|4494|3276
15|821|19561190|4770|3628
12|821|19726005|4369|3170
11|821|19388620|4297|3099
4|821|19694712|4470|3306
3|821|19774749|4449|3340
13|821|19618636|4364|3219
17|821|19755514|4447|3211
7|821|19617334|4473|3290
2|821|19650317|4750|3430
23|821|19490285|4148|2988
18|821|19480119|3947|2880
25|821|19557316|3690|2562
20|821|19459186|3703|2413
26|821|19295531|3992|2787
21|821|19611880|4683|3473
24|821|19452515|4305|3273
28|821|19389899|4540|3283
31|821|19357984|4316|2994
5|821|19699637|3953|2743
30|821|19382282|4062|2869
22|821|19453452|4522|3247
19|821|19560505|3700|2559
27|821|19789296|4547|3296
16|821|19537146|4104|2891
1|821|19791695|4512|3171
0|821|19567196|3736|2384
5|822|14809227|3187|2304
9|822|15198227|3486|2524
13|822|15092013|3015|2216
18|822|15013392|3155|2246
19|822|14834913|2911|1930
25|822|15015487|3052|2192
8|822|15251657|3298|2488
20|822|15012259|2409|1653
7|822|15035504|3130|2203
16|822|14868772|2957|2061
3|822|15081774|3486|2647
0|822|14711951|2801|1893
23|822|15144951|2845|1998
17|822|15077260|3296|2283
6|822|15269393|3272|2224
21|822|14930551|3280|2344
15|822|15199938|3339|2477
24|822|14919333|3252|2322
14|822|15263233|2882|1973
2|822|15012231|3612|2691
29|822|15281224|3409|2527
28|822|14913374|3274|2424
4|822|15092653|3230|2344
31|822|14902943|3225|2431
26|822|14974132|2997|2218
30|822|14870543|2759|1912
27|822|14825964|2937|2099
22|822|14859851|2373|1694
1|822|14717806|3106|2243
10|822|15190278|3263|2387
11|822|15127931|3169|2304
12|822|15165149|3279|2489
1|823|18218882|4230|2881
11|823|18211747|3834|2632
0|823|18486840|4117|2889
22|823|18293639|3554|2369
6|823|18452971|4007|2791
28|823|18442999|4579|3380
7|823|18542287|4234|2874
9|823|18634231|4326|2925
10|823|18224722|4102|2816
13|823|18624198|4116|3002
3|823|18524335|4437|3298
12|823|18201650|3890|2616
15|823|18441151|4315|3020
16|823|18550342|3835|2597
17|823|18493281|4246|2922
5|823|18651309|3802|2685
21|823|18468246|4141|2763
14|823|18413520|3543|2190
24|823|18445431|4234|2985
8|823|18596779|3946|2643
26|823|18338273|3715|2620
25|823|18623031|4053|2791
29|823|18405274|4349|3110
20|823|18608082|3734|2446
31|823|18364230|4453|3166
2|823|18373355|4500|3290
18|823|18661787|4170|2842
27|823|18327567|3776|2621
19|823|18664334|3610|2514
4|823|18335122|4250|3038
30|823|18797853|3462|2244
23|823|18647273|3532|2336
2|824|17601884|4058|2901
9|824|17928693|3935|2732
12|824|17873380|3685|2564
13|824|17924042|3879|2822
29|824|17743437|3608|2490
3|824|17870808|3970|2804
1|824|18054971|3887|2738
8|824|17731884|3704|2525
15|824|17842844|4327|3062
11|824|18040627|3881|2728
16|824|17831285|3721|2484
7|824|17932895|3967|2816
0|824|17997242|4226|2930
14|824|17775591|3323|2219
19|824|17594806|3534|2362
22|824|18008653|3413|2295
6|824|17957387|3787|2538
10|824|17931084|4139|2847
18|824|17638125|3392|2304
21|824|17808097|3623|2518
24|824|17779959|4253|3074
31|824|17679522|3848|2696
17|824|17849383|3753|2628
26|824|17754480|3460|2421
30|824|17588858|3339|2187
25|824|18147808|3612|2408
27|824|17645706|3630|2502
28|824|18006456|4252|2982
23|824|18025285|3225|2138
20|824|17994899|3132|2085
4|824|17544182|3659|2426
5|824|17790729|3266|2227
2|825|27141255|4559|3376
17|825|26776830|4046|2971
12|825|27166377|4114|2993
31|825|26829620|4283|3206
27|825|26756114|4084|2917
13|825|27101766|4225|3016
7|825|26956403|4283|2996
22|825|27010614|3602|2378
3|825|27077550|4093|2948
1|825|27025785|3932|2742
21|825|26828264|4226|2884
10|825|26862436|4251|2941
24|825|26811790|4439|3169
18|825|26847331|3896|2679
28|825|26692835|4358|3193
9|825|27173480|4205|3127
16|825|27001758|3943|2806
15|825|27040813|4361|3036
5|825|26643113|3575|2208
25|825|26735429|3801|2574
23|825|26692571|3752|2517
19|825|26936686|3572|2399
20|825|26685318|3749|2512
26|825|26787343|3949|2798
0|825|26921294|4419|3216
4|825|26616036|3844|2665
29|825|27153459|4627|3417
30|825|26783391|3640|2442
6|825|26854132|4046|2875
14|825|27007972|3587|2351
8|825|27035388|4155|2977
11|825|27134278|4007|2715
1|826|16979692|3527|2340
3|826|17025888|3575|2465
0|826|16791247|3806|2744
24|826|16981475|3925|2769
28|826|16975870|3848|2776
2|826|17156346|3882|2747
18|826|16946061|3567|2478
20|826|16913024|3056|1995
5|826|16872474|3752|2504
13|826|17096949|3681|2679
7|826|17079657|3720|2522
9|826|16924122|3969|2748
17|826|17173259|3714|2486
4|826|16970207|3226|2100
26|826|16812427|3636|2539
6|826|16687061|3627|2517
14|826|16715107|3045|2088
21|826|17016097|3844|2677
30|826|17020435|3255|2109
12|826|17177054|3568|2577
11|826|16644058|3142|2086
22|826|17084072|3304|2261
15|826|16914355|3730|2583
31|826|17166841|3572|2490
29|826|16786363|3620|2456
25|826|16893983|3677|2518
27|826|17166444|3618|2439
23|826|16886754|3063|1985
16|826|16892973|3608|2402
8|826|16682341|3548|2559
10|826|16990993|3473|2493
19|826|16849751|3226|2117
1|827|14098889|3226|2355
10|827|13603798|3030|2174
9|827|13922101|3052|2285
25|827|13720312|3135|2347
27|827|13716273|3127|2445
2|827|14079116|3029|2285
12|827|13788506|2928|2205
8|827|13705340|2870|2076
5|827|14072713|3152|2277
6|827|13858437|3186|2375
17|827|13909357|2955|2142
13|827|13957880|3012|2217
19|827|13606034|2699|1923
14|827|13849390|2599|1833
21|827|13832901|3116|2184
26|827|13895875|2965|2157
18|827|14026160|3241|2504
4|827|13881536|3017|2384
23|827|13676540|2529|1789
29|827|13727068|3149|2227
22|827|13774821|2686|1886
28|827|14066704|3084|2211
16|827|13668830|3016|2363
30|827|13837232|2605|1887
31|827|13751412|2946|2230
24|827|14095851|3240|2382
3|827|14084596|3196|2363
0|827|14073536|3129|2432
15|827|13729162|3130|2386
20|827|14066197|2676|1841
7|827|13939169|3142|2345
11|827|13773583|3061|2262
4|828|18534937|3872|2597
5|828|18707280|4251|2866
31|828|18461146|4301|2934
2|828|18731546|4517|3323
1|828|18808057|4224|3099
8|828|18707443|4078|2887
9|828|18765359|4340|3138
3|828|18410399|3780|2658
24|828|18426858|4355|3094
7|828|18351601|4193|3054
10|828|18793823|4243|3006
11|828|18347472|4077|2841
19|828|18644053|3649|2404
21|828|18614667|3759|2484
0|828|18376103|4192|2884
6|828|18697638|3940|2710
15|828|18397556|3886|2768
29|828|18535848|3994|2671
12|828|18741480|4228|2926
16|828|18490399|4076|2753
17|828|18688372|4271|3010
20|828|18387179|3414|2306
27|828|18769418|4211|2965
28|828|18520895|4213|2999
26|828|18605324|3879|2672
18|828|18587369|3640|2547
13|828|18637512|3872|2650
22|828|18524382|3429|2254
25|828|18799496|4022|2773
23|828|18644002|3482|2302
30|828|18738727|3285|2069
14|828|19299272|3241|2078
8|829|15682500|3585|2660
11|829|15600038|3566|2526
21|829|15574204|3404|2337
16|829|15504049|3404|2407
22|829|15402527|2886|2075
3|829|15657131|3463|2510
9|829|15675020|3495|2530
19|829|15683088|3048|1996
15|829|15524644|3872|2888
7|829|15632523|3391|2495
2|829|15716186|3590|2560
17|829|15467444|3219|2109
12|829|15506781|3445|2358
14|829|15320911|2816|1866
0|829|15540094|3173|2262
25|829|15349086|3427|2345
18|829|15397009|3279|2365
24|829|15669655|3503|2494
29|829|15532262|3661|2781
26|829|15424478|3663|2570
28|829|15443260|3584|2626
6|829|15526183|3562|2375
10|829|15656186|3393|2363
31|829|15797629|3766|2688
30|829|15333927|3048|1980
23|829|15367215|2995|2013
4|829|15793336|3781|2554
5|829|15855275|3309|2279
27|829|15500627|3329|2183
1|829|15707184|3203|2225
20|829|15577074|3002|2052
13|829|15381975|3676|2628
1|830|22376363|3664|2434
0|830|22621568|4183|2967
16|830|22832430|3543|2492
29|830|22625256|3723|2549
5|830|22418730|3708|2576
7|830|22714674|3865|2812
10|830|22511929|3722|2623
9|830|22767236|4261|3007
6|830|22532799|3705|2575
2|830|22698199|3946|2903
13|830|22377615|3841|2763
11|830|22856181|4137|2875
12|830|22681906|3802|2748
15|830|22756849|3867|2691
18|830|22631800|3536|2428
3|830|22769278|4183|3001
8|830|22892187|4047|2969
14|830|22684255|3437|2184
21|830|22865073|3851|2568
20|830|22410936|3290|2198
25|830|22976734|3628|2412
24|830|22632874|4139|3074
22|830|22842030|3222|2192
23|830|22506470|3370|2185
19|830|22799017|3221|2173
26|830|22603922|3845|2687
28|830|22591759|3693|2586
27|830|22469646|3637|2347
4|830|22433266|4033|2809
31|830|22560548|4023|2877
30|830|22560313|3286|2149
17|830|22712746|3432|2201
1|831|17443704|3685|2583
5|831|17361588|3823|2622
6|831|17300991|3690|2560
14|831|17174471|3368|2184
26|831|17062570|3804|2695
22|831|17117553|3211|2140
30|831|16994704|3350|2171
8|831|17168424|3887|2883
24|831|17088554|3926|2844
3|831|17178627|3862|2735
7|831|17348279|4005|2776
2|831|17295298|3994|2814
11|831|17263039|3932|2799
18|831|17212141|3709|2515
12|831|17247268|3941|2864
21|831|17149528|3738|2483
17|831|16943546|3567|2474
15|831|17240896|3971|2802
13|831|17293089|4095|2931
27|831|17020988|3695|2538
29|831|17418277|3901|2644
25|831|17132461|3688|2383
10|831|17329816|3795|2653
28|831|17036686|3848|2759
16|831|17444840|3899|2907
23|831|17088533|3162|2098
31|831|17000569|4077|2793
20|831|17137403|3286|2185
9|831|17312868|3581|2448
4|831|16969738|3773|2654
19|831|17111828|3344|2203
0|831|17443706|4135|2939
3|832|18680747|4450|3042
26|832|18787616|4523|3342
23|832|18453697|3669|2326
28|832|18493808|4543|3233
9|832|18356785|4749|3346
15|832|18527231|4488|3162
12|832|18586746|4114|2929
6|832|18784882|4286|2990
7|832|18668115|4387|3010
1|832|18823015|4514|3111
0|832|18301789|4250|3011
10|832|18452197|4320|2941
16|832|18428495|4196|2847
8|832|18732893|4166|2807
11|832|18625899|4204|2929
13|832|18529431|4277|2987
18|832|18630138|4105|2875
24|832|18732388|4476|3167
17|832|18569754|4212|2801
4|832|18335102|4358|3033
21|832|18578215|4459|3119
29|832|18515395|4484|3099
27|832|18532917|4219|2800
25|832|18504032|4175|2917
31|832|18433671|4631|3233
30|832|18795472|3778|2495
14|832|18825017|3617|2396
5|832|18811572|4450|3152
22|832|18808865|3782|2542
2|832|18642838|4773|3431
19|832|18399151|3620|2302
20|832|18466044|3760|2394
0|833|16328385|3965|2737
1|833|16363287|3762|2834
7|833|16399019|4005|2909
15|833|16470083|4027|2871
9|833|16454476|4133|3107
4|833|16206334|3889|2774
27|833|16244771|3649|2604
10|833|16331787|3547|2472
30|833|16221060|3192|2032
8|833|16313828|3869|2756
6|833|16423972|4027|2859
25|833|16301397|3607|2419
18|833|16275413|3562|2565
17|833|16254385|3825|2658
22|833|16259471|3153|2104
12|833|16460754|4165|2847
21|833|16267656|3720|2638
24|833|16314857|3632|2493
26|833|16582957|3669|2504
3|833|16534459|3789|2787
28|833|16564781|3822|2832
31|833|16227497|3936|2829
29|833|16278561|3840|2778
11|833|16300053|3790|2642
20|833|16126803|3101|2108
16|833|16337507|3767|2517
13|833|16268466|3554|2460
23|833|16719537|3274|2204
2|833|16288471|3801|2651
19|833|16470758|3300|2220
5|833|16443597|3636|2483
14|833|16400885|3146|2131
1|834|15957235|3813|2778
5|834|15500913|3628|2499
9|834|15919611|4152|2988
15|834|15957373|3604|2710
4|834|15903084|3623|2651
10|834|15921849|4085|3051
2|834|15525057|3878|2787
6|834|15833222|3788|2567
12|834|15760203|3771|2492
8|834|15858012|3636|2688
0|834|16015737|4030|2909
25|834|15965115|3422|2351
7|834|15983340|3908|2802
16|834|15622862|3600|2447
17|834|15811557|3707|2634
21|834|15763753|3298|2244
13|834|15613490|3645|2646
18|834|15837058|3824|2674
3|834|15687524|3625|2520
19|834|15570092|3332|2294
20|834|15652540|3068|2141
24|834|15761477|3812|2764
28|834|15722882|3675|2710
27|834|15944162|3684|2549
11|834|15631892|3626|2538
29|834|15697037|4020|3133
22|834|15818999|3186|2207
30|834|15919009|3364|2286
26|834|15763774|3544|2439
31|834|15730053|3861|2722
14|834|15514696|3263|2229
23|834|15966410|3231|2110
0|835|17355939|4165|2901
1|835|17536305|4262|2988
2|835|17454715|4288|3059
26|835|17137488|4063|2944
5|835|17513947|3689|2604
3|835|17261074|4096|3010
8|835|17404163|3983|2790
10|835|17474999|4178|3014
17|835|17330329|3930|2675
15|835|17509173|4033|2833
20|835|17376301|3490|2296
14|835|17232748|3231|2101
19|835|17248058|3428|2290
9|835|17523630|4082|2849
4|835|17500930|4144|2933
21|835|17328510|4009|2938
16|835|17363971|3814|2711
27|835|17206207|4055|2865
18|835|17303704|3877|2762
24|835|17235462|4241|2977
31|835|17119832|4028|2878
25|835|17403406|3824|2741
12|835|17456508|4110|2961
22|835|17164416|3377|2389
30|835|17151724|3378|2340
6|835|17421945|3962|2677
29|835|17194948|3758|2693
13|835|17339356|3966|2785
28|835|17262183|4269|3170
23|835|17135936|3383|2270
11|835|17173636|4063|2919
7|835|17337848|4149|2887
4|836|17621435|4130|2807
10|836|17743154|4319|3081
26|836|17844787|4258|2946
28|836|17468367|4110|2813
3|836|17768817|4310|3021
1|836|17857488|4205|2984
23|836|17498742|3597|2332
8|836|17778793|4408|3127
2|836|17831494|4752|3424
6|836|17481315|4501|3240
21|836|17638812|4349|3084
30|836|17658092|3541|2273
11|836|17567937|3519|2297
18|836|17594259|3979|2783
24|836|17578522|4383|3048
12|836|17535282|3880|2592
15|836|17736595|4351|3043
7|836|17353811|3777|2580
25|836|17556295|3977|2671
20|836|17729330|3563|2292
27|836|17629967|4224|2897
19|836|17710799|3520|2418
29|836|17495880|4118|2758
22|836|17522070|3457|2282
17|836|17753270|4150|2908
0|836|17862644|4452|3141
31|836|17612325|4404|3012
5|836|17885953|4268|2929
13|836|17445901|4096|2851
9|836|17661162|4227|3027
16|836|17627013|4012|2775
14|836|17924371|3509|2244
0|837|16678229|4012|2875
11|837|16946756|3723|2575
3|837|17080513|3948|2921
22|837|16765588|3215|2110
9|837|16627018|3532|2432
4|837|17116418|3497|2558
10|837|17118980|3749|2622
6|837|16991110|3957|2757
8|837|17025345|3655|2407
7|837|16868338|3760|2580
16|837|16639943|3631|2418
1|837|17026505|3619|2420
15|837|16889882|4130|3014
21|837|16991880|3595|2367
26|837|17123293|3827|2781
20|837|16844498|3168|2040
23|837|17063677|3462|2263
18|837|16960385|3436|2337
2|837|16984711|3930|2723
13|837|16685244|3657|2558
12|837|16915982|3837|2679
24|837|16938966|3816|2787
17|837|16762291|3739|2729
28|837|17124056|3922|2839
25|837|16875615|3569|2458
29|837|16803011|3416|2424
30|837|17001974|3171|2127
27|837|16847590|3584|2390
19|837|16829455|3176|2116
31|837|16741492|3843|2859
14|837|16691220|3049|1937
5|837|16795818|3288|2125
2|838|16280648|3878|2753
0|838|16601226|3494|2459
1|838|16427711|3967|2930
3|838|16713410|4055|2995
11|838|16738997|3791|2642
15|838|16554000|3655|2610
18|838|16489033|3476|2409
14|838|16281952|2963|1970
9|838|16700067|3748|2700
27|838|16367234|3322|2374
10|838|16657067|3374|2260
19|838|16295587|3474|2398
30|838|16433592|3188|2107
5|838|16260996|3599|2410
21|838|16556509|3749|2706
13|838|16464126|3712|2670
16|838|16612612|3745|2658
12|838|16453535|3707|2637
6|838|16832600|3483|2300
23|838|16524106|3656|2627
29|838|16381160|3685|2659
24|838|16451671|3896|2700
25|838|16411529|3743|2637
22|838|16763501|3094|2062
17|838|16398191|3792|2537
26|838|16577366|3203|2174
28|838|16444213|3706|2764
31|838|16340569|3919|2891
4|838|16766087|3397|2323
7|838|16621752|4155|3148
8|838|16621633|3466|2462
20|838|16804919|3036|2011
8|839|20374378|4377|3059
7|839|20405786|4291|3092
18|839|20802065|4253|3138
20|839|20432439|3812|2596
11|839|20796260|4755|3613
12|839|20599982|4489|3138
2|839|20932617|4456|3031
13|839|20634858|4592|3325
4|839|20423318|5024|3773
9|839|20748114|4617|3271
19|839|20699796|4830|3474
10|839|20696578|4811|3453
23|839|20581758|4906|3606
3|839|20823768|4817|3582
6|839|20598784|3474|2330
0|839|20901028|4728|3388
16|839|20622039|4571|3339
21|839|20664472|4690|3284
27|839|20738284|4671|3423
15|839|20802845|4843|3465
28|839|20477094|4754|3472
22|839|20533432|3592|2415
14|839|20782853|3502|2345
24|839|20567012|4808|3432
17|839|20527968|4731|3475
30|839|20720125|3967|2716
5|839|20654497|4479|3212
26|839|20514530|3559|2330
25|839|20572719|4436|3180
31|839|20492570|4780|3493
1|839|20888409|4415|3160
29|839|20621294|4496|3232
1|840|21618810|4474|3156
11|840|22077254|4758|3462
4|840|22021319|5095|3878
25|840|21697660|4491|3099
29|840|21676347|5004|3523
2|840|22053467|4945|3729
19|840|21993454|5125|3813
3|840|21950073|5036|3698
0|840|21917826|4614|3429
9|840|21994734|4427|3144
7|840|22150735|4899|3585
12|840|22079397|4764|3398
13|840|22047345|4744|3487
21|840|21890564|4828|3354
24|840|21790502|5038|3598
18|840|22129585|4647|3338
15|840|21859952|4726|3328
16|840|21911528|4421|3086
28|840|21848648|4675|3358
10|840|21994028|4814|3543
27|840|21883567|4659|3381
22|840|21838538|4061|2850
30|840|21765652|3923|2562
20|840|22132634|4178|2977
17|840|21790833|4869|3567
8|840|22172131|4775|3487
31|840|21701145|4707|3385
5|840|21703232|4393|2961
23|840|22005782|5028|3673
14|840|21868675|4031|2729
6|840|22200489|3773|2500
26|840|22091354|3787|2463
1|841|43458764|4769|3632
2|841|43370473|4447|3434
7|841|43323499|3949|3033
18|841|43247344|4568|3557
3|841|43332130|4711|3804
5|841|43046429|4243|3043
13|841|43286913|4318|3199
9|841|43336716|3514|2552
15|841|43226290|4617|3628
12|841|43307807|4262|3214
17|841|43107989|4466|3439
8|841|43099433|4341|3387
11|841|43492689|4495|3451
16|841|43223077|4191|3164
0|841|43320481|4805|3798
10|841|43196729|4702|3735
19|841|43397263|4819|3666
20|841|43138160|3750|2848
14|841|43033237|3833|2809
23|841|43053325|4566|3404
21|841|43294840|4509|3380
22|841|43169137|3806|2970
24|841|43282666|4316|3366
28|841|43215605|5091|4078
31|841|43104164|4349|3310
27|841|43199913|4669|3515
25|841|43484292|4685|3434
30|841|43174701|3735|2750
4|841|43442900|3708|2755
26|841|43029892|3890|2773
29|841|43484477|4480|3448
6|841|43227275|2949|2150
7|842|40064720|5896|4747
12|842|39961776|6557|5228
19|842|39836130|6691|5289
29|842|39615781|6447|5068
5|842|40015318|6064|4639
30|842|39696827|5845|4465
6|842|39564451|3808|2641
20|842|39899115|5714|4456
13|842|40009563|6592|5278
15|842|39978712|6551|5266
8|842|39927966|6471|5046
24|842|39736119|6583|5205
10|842|39848748|6955|5586
16|842|39886865|6508|5239
17|842|39952090|6467|5121
2|842|40090741|5720|4335
25|842|39679048|6202|4874
27|842|39699563|6187|4770
28|842|39729995|6651|5288
0|842|39877726|6648|5370
21|842|39782177|6484|5069
11|842|39924915|6115|4764
9|842|39973537|6154|4747
31|842|39742486|6601|5235
1|842|40125372|6588|5278
4|842|39676128|5888|4598
23|842|39836069|6700|5471
26|842|39664713|5155|3844
14|842|39857835|5405|4117
3|842|40042302|6822|5673
18|842|40059480|5984|4599
22|842|44026734|6444|4932
4|843|18704091|4325|3188
9|843|18782566|4826|3703
19|843|19142511|4922|3756
8|843|18967558|4339|3374
27|843|18922776|4311|3416
2|843|18900502|3987|2960
0|843|18832780|4632|3751
1|843|18725534|4242|3306
6|843|19065585|3131|2277
12|843|19140927|4434|3432
10|843|18959469|4306|3490
26|843|18876125|3103|2176
16|843|18948113|4743|3703
7|843|19158911|4689|3536
17|843|18938605|4389|3500
11|843|18825912|4123|3238
21|843|18843756|4344|3332
14|843|18704945|3159|2309
15|843|19029255|4562|3584
24|843|18997114|4674|3609
18|843|18681452|4442|3320
23|843|18756285|4670|3733
20|843|19092770|3323|2541
5|843|19076824|4468|3430
25|843|18928631|4250|3247
22|843|14904412|2979|2212
28|843|18900709|5033|4042
30|843|19127963|3459|2514
29|843|19167947|4398|3316
31|843|18829592|4922|3922
3|843|18654898|4598|3631
13|843|19026705|4253|3211
5|844|21568088|4191|3027
11|844|21739146|3608|2454
4|844|21989883|4663|3397
2|844|21890604|4423|3271
8|844|21930155|4407|3308
16|844|21790057|4318|3175
10|844|21816446|4564|3396
3|844|21452448|4534|3418
1|844|21860701|4442|3257
7|844|21764602|4241|3144
0|844|21898465|4705|3450
6|844|21859096|3718|2570
17|844|21761563|4139|2856
12|844|21846066|4180|3023
13|844|21471806|4133|2967
15|844|21696276|4408|3348
18|844|21664627|4244|3166
9|844|21959382|4688|3553
22|844|21578332|3829|2677
28|844|21563568|4532|3223
24|844|21700894|4105|2874
19|844|22001230|4600|3383
21|844|21752677|4124|3068
23|844|21667307|4745|3525
20|844|21660503|3856|2655
14|844|21749786|3600|2414
27|844|21976871|4186|2928
31|844|21545026|4297|3224
25|844|21637980|4210|3033
29|844|21568876|4524|3335
30|844|21608161|3708|2515
26|844|21940761|3390|2251
8|845|29296571|4620|3574
3|845|29250682|5079|3938
31|845|28989113|5035|3792
0|845|29278107|5324|4120
11|845|29395986|3973|2768
17|845|29184628|4661|3406
12|845|29172768|4687|3446
6|845|29200217|3794|2766
7|845|29214760|4716|3658
10|845|29285304|4952|3685
21|845|29032927|4315|3109
15|845|29144274|4910|3738
24|845|29070891|4067|2873
25|845|28952408|4561|3432
27|845|28985596|3797|2625
13|845|29165612|5019|4053
19|845|29065479|5196|4202
16|845|29324907|4741|3543
28|845|29102846|4637|3534
9|845|29133872|4602|3265
23|845|29045331|5320|4237
20|845|29033347|3925|2908
29|845|28962627|4525|3309
1|845|29233901|4839|3694
26|845|28926583|4007|2834
22|845|29130661|4129|3031
30|845|28955365|4251|3108
4|845|29362297|4815|3757
18|845|29204718|4549|3379
5|845|29519702|4715|3517
14|845|29102352|3986|2823
2|845|30304209|5510|4428
3|846|31355801|5397|3996
4|846|30958673|5226|4151
12|846|31311698|5501|4304
24|846|31237463|5839|4589
9|846|31059408|5591|4245
2|846|30435379|5993|4668
5|846|30897068|4912|3622
10|846|31231234|5150|3998
17|846|31299746|5607|4302
11|846|31306548|5165|3905
28|846|31089670|5664|4612
18|846|31116601|5373|4098
7|846|31449388|4827|3565
31|846|31363091|5992|4776
6|846|31275954|4367|3258
14|846|30905506|4229|3052
1|846|31271388|5391|4101
0|846|31321160|5710|4388
25|846|31189896|5270|3961
8|846|31394910|4343|3070
30|846|30977940|4523|3319
22|846|30992114|4609|3324
26|846|31039315|4415|3226
27|846|31207632|5466|4185
21|846|31211114|3937|2730
16|846|31293831|5144|3909
29|846|31030989|5621|4224
20|846|31048374|4478|3172
13|846|31156248|5165|3874
23|846|31720187|5980|4592
19|846|31969344|5968|4620
15|846|33027237|5701|4544
1|847|26552206|4210|2855
5|847|26705867|4068|2714
3|847|26811110|4468|3071
28|847|26697033|4926|3564
4|847|26804603|4314|3040
11|847|26672149|4490|3101
2|847|26733681|5229|3838
10|847|26702704|4661|3408
7|847|26640210|4143|2828
12|847|26802346|4405|3199
15|847|25023456|4887|3594
9|847|26772158|4616|3211
13|847|26384373|4407|3104
8|847|26511916|4297|3041
17|847|26707089|4650|3308
14|847|26601607|3582|2415
19|847|26006305|4917|3599
6|847|26868692|3520|2250
18|847|26668159|4031|2745
21|847|26466991|4219|2927
20|847|26413859|3669|2363
23|847|26200299|5122|3681
24|847|26804521|5250|3907
22|847|26525156|3984|2682
25|847|26576081|4245|2961
0|847|26536554|4402|3094
27|847|26501448|4299|2905
29|847|26454118|3982|2674
30|847|26555437|3846|2473
31|847|26666896|4926|3655
26|847|26575260|3403|2206
16|847|26445956|4168|2945
1|848|20997291|4776|3476
4|848|20928659|5037|3847
16|848|20527277|4788|3562
28|848|21005822|5085|4008
3|848|20966791|5044|3746
8|848|20789278|4520|3276
0|848|20592251|4780|3601
7|848|20872120|5052|3769
10|848|20888242|5095|3746
11|848|20935386|4882|3571
9|848|20840848|4854|3506
12|848|20870913|4776|3518
6|848|20939376|3744|2484
15|848|20858487|4876|3705
17|848|20805412|4820|3601
2|848|20887422|4962|3756
14|848|20788292|3814|2599
18|848|20752931|4429|3148
21|848|20739962|4687|3481
20|848|20718300|3965|2894
24|848|20691357|4911|3496
23|848|20706546|5238|4046
19|848|20787734|5013|3753
22|848|20683450|3972|2908
25|848|20666527|4565|3225
29|848|20625950|5094|3978
27|848|20639991|4860|3453
26|848|20567013|3722|2509
5|848|21002148|4752|3586
31|848|20593904|5093|3889
30|848|20609788|3991|2805
13|848|20825474|4608|3466
3|849|19637251|4334|3085
10|849|19600628|4392|3185
28|849|19699493|4550|3336
31|849|19288871|4689|3551
8|849|19634704|4704|3403
9|849|19554017|4509|3123
11|849|19579928|4323|2960
2|849|19478556|4797|3610
17|849|19504704|4241|2994
7|849|19612413|4392|3173
26|849|19448645|3669|2439
4|849|19702310|4464|3215
12|849|19557831|4382|3063
13|849|19226060|4257|2978
18|849|19470152|4358|2982
21|849|19457096|4098|2904
15|849|19536273|4764|3519
16|849|19713919|4042|2773
25|849|19359787|4192|2909
14|849|19493128|3608|2381
24|849|19424791|4947|3581
20|849|19440027|3692|2529
6|849|19875251|3691|2402
19|849|19393930|4489|3181
23|849|19406848|4514|3279
1|849|19734187|4311|3033
29|849|19364158|4291|3022
27|849|19352020|4229|2883
0|849|19615440|4273|2975
30|849|19360067|3593|2369
5|849|19263479|4293|2972
22|849|19382900|3844|2566
5|850|16369472|3631|2543
2|850|16736300|3811|2857
19|850|16524288|4044|3018
25|850|16607175|3459|2397
20|850|16575474|3282|2124
8|850|16872268|3630|2417
4|850|16656461|3516|2403
16|850|16586316|3480|2340
1|850|16472059|3596|2538
30|850|16549290|2948|2077
13|850|16648303|3897|2884
15|850|16608610|4076|3021
18|850|16642827|3845|2797
11|850|16769814|3934|2767
24|850|16551558|3720|2588
23|850|16499200|4317|3205
12|850|16677266|3520|2398
29|850|16481752|3789|2643
0|850|16402763|3804|2880
9|850|16761019|4284|3232
17|850|16765365|4019|2812
31|850|16863848|3704|2698
21|850|16658597|3727|2627
22|850|16428129|3409|2232
10|850|16838321|3871|2736
27|850|16496170|3793|2622
28|850|16900747|3946|2817
7|850|16707509|3385|2285
3|850|16865793|4106|2918
26|850|16885410|3016|2055
6|850|16722586|3229|2162
14|850|16863811|3130|2109
2|851|21434107|4743|3765
10|851|21082952|4027|2762
18|851|21314874|4007|2796
25|851|21490384|4322|3239
1|851|21334245|4021|2934
5|851|21486825|4002|2883
11|851|21261669|4095|2904
3|851|21023819|4031|2936
12|851|21209138|4137|2961
13|851|21321737|4173|3069
30|851|21510224|3574|2398
9|851|21140718|4479|3346
23|851|21250583|3995|2898
16|851|21381716|4117|2900
24|851|21269840|4794|3596
14|851|21001609|3174|2256
19|851|21473542|4567|3517
7|851|21067095|4322|3302
17|851|21180271|4300|3014
15|851|21336625|4198|3036
4|851|21364252|3976|2987
28|851|21093552|4107|3065
21|851|21161931|4229|3210
31|851|21194100|4202|2998
0|851|21161164|4419|3370
27|851|21129099|3976|2964
26|851|21070687|3267|2382
29|851|21272744|3906|2966
22|851|21223056|3386|2318
20|851|21576241|3591|2445
8|851|21412939|4000|2895
6|851|21230630|2805|1850
2|852|24316460|5276|3921
18|852|24295992|4668|3222
27|852|23941417|4736|3319
0|852|23903427|5301|3943
26|852|23965251|3860|2565
6|852|23892616|3650|2286
9|852|24135886|4970|3669
8|852|23804138|4639|3261
1|852|24254182|4784|3416
19|852|24052516|4653|3269
10|852|24312071|4504|3121
3|852|24211579|5072|3645
11|852|24231489|4872|3454
17|852|24028461|5018|3600
16|852|24109770|5159|3750
12|852|24203018|4798|3462
7|852|24020319|4828|3409
13|852|24189831|4862|3434
20|852|23843529|4195|2820
21|852|23974629|4807|3461
25|852|24297476|4815|3390
24|852|24110787|5112|3708
23|852|24140529|4623|3208
14|852|24106122|4168|2820
28|852|24015947|5047|3613
31|852|23978953|5178|3827
4|852|23974564|4595|3263
22|852|23895837|4193|2847
29|852|23916107|4885|3603
15|852|23995320|4453|3253
5|852|24237228|4870|3469
30|852|24298671|4012|2534
1|853|26623049|5081|3623
8|853|26666841|4666|3225
11|853|26593815|5027|3619
20|853|26504812|4284|2891
9|853|26686381|4949|3536
13|853|26504875|4955|3573
7|853|26522172|4532|3093
2|853|26790758|5470|4018
4|853|26361292|4636|3280
15|853|26312782|4485|3170
3|853|26587881|4453|3011
18|853|26793243|4553|3087
16|853|26571295|4781|3340
10|853|26637384|4355|3042
23|853|26438291|5253|3739
5|853|26304375|4996|3586
17|853|26592457|4864|3369
0|853|26723155|5204|3929
24|853|26459091|4996|3633
14|853|26429973|4119|2827
19|853|26667413|5363|3850
21|853|26505768|5196|3815
22|853|26374009|4197|2844
27|853|26793403|4982|3583
12|853|26576105|4951|3683
29|853|26362193|4961|3517
30|853|26308387|4135|2748
25|853|26508887|4774|3556
28|853|26445332|5279|4005
26|853|26783272|4092|2737
31|853|26436367|5315|4021
6|853|26854787|3656|2351
0|854|34671596|5894|4793
2|854|34891019|5689|4498
23|854|34780178|5914|4588
22|854|34640173|4806|3576
20|854|35035825|4666|3575
10|854|34771784|4329|3170
9|854|34973527|5977|4578
25|854|34616798|5633|4567
15|854|34861236|5074|3901
3|854|34810104|6113|4890
7|854|34916216|4545|3279
16|854|34807213|5710|4517
12|854|34592021|5448|4188
8|854|35052056|5648|4377
18|854|34842119|5487|4150
19|854|34666580|6258|5134
24|854|34702806|5908|4624
14|854|34690610|4668|3481
29|854|34592305|5512|4197
5|854|34715175|6108|4775
27|854|34622584|5704|4379
28|854|34536361|5855|4594
31|854|34498354|5732|4525
26|854|34517705|4833|3550
30|854|34578394|4722|3585
1|854|35028034|5810|4425
11|854|35018432|5686|4332
4|854|34876892|4866|3801
6|854|34670918|3670|2598
17|854|35041207|5581|4463
21|854|35557549|5836|4534
13|854|35959783|5862|4528
4|855|45654421|4990|3838
0|855|46118177|6827|5509
23|855|46097231|6333|5110
14|855|45823073|4793|3533
6|855|45642035|4130|2814
27|855|45859868|5814|4504
19|855|45864857|6146|4685
21|855|45177302|5942|4596
16|855|45936084|6199|4874
8|855|45903260|5806|4446
25|855|46002853|5933|4561
11|855|45697673|5800|4441
18|855|46080502|5909|4524
2|855|46098501|6192|4977
29|855|45831035|5828|4531
28|855|45787586|6194|4872
22|855|46093207|4998|3709
30|855|45746995|5097|3794
3|855|45994179|6085|4611
9|855|46004102|6559|5368
26|855|45768625|4589|3417
15|855|46012808|5068|3757
31|855|45788772|7148|5733
24|855|45899633|6924|5532
20|855|46106005|5127|3783
1|855|45756432|5787|4507
5|855|45795939|6168|4692
7|855|45933310|6068|4887
13|855|45507814|5616|4433
12|855|46802001|5852|4518
10|855|47804176|5978|4618
17|855|48034209|5982|4591
5|856|35760931|6192|4955
15|856|35863053|5962|4943
6|856|36152807|4738|3653
0|856|36170894|5824|4616
24|856|35900748|6689|5605
26|856|35957703|4975|3642
1|856|35799097|6210|5064
4|856|36172336|5826|4751
10|856|34419371|5912|4802
9|856|35914786|6434|5109
12|856|35330810|5843|4726
18|856|36017715|5916|4660
7|856|35798328|7081|5910
21|856|36100627|6069|4733
3|856|35899140|6006|4807
31|856|35895927|6257|5039
14|856|36190128|5022|3852
20|856|35862642|5236|4065
29|856|36024092|6232|5068
28|856|36010767|6972|5755
30|856|35982715|4961|3746
16|856|36104126|6842|5759
27|856|36159174|6362|5079
17|856|33850173|4971|3845
19|856|36143039|7160|5866
23|856|36225752|7090|5793
22|856|36008746|5501|4277
8|856|36024200|5879|4720
25|856|36099984|5866|4580
2|856|35979389|6900|5611
11|856|39288389|6026|4716
13|856|39118867|6196|4762
4|857|24133381|5455|4174
13|857|20885639|4718|3491
21|857|24043014|5051|3856
16|857|23904161|5735|4522
22|857|23880859|3950|2748
7|857|24107336|5691|4499
9|857|24103650|5714|4364
6|857|24235397|3998|2761
2|857|23779717|5688|4532
18|857|24073951|5157|3838
0|857|24181448|5609|4454
8|857|23813111|5312|4060
5|857|24257193|5420|4127
17|857|23894609|4728|3435
10|857|24141069|5750|4472
3|857|24014106|5823|4616
29|857|23978228|5506|4203
14|857|24006962|4174|2937
20|857|23997124|4106|2841
31|857|24033249|5842|4538
11|857|20963207|4241|3243
24|857|24220880|5635|4415
26|857|24212709|4154|2818
30|857|23966812|4198|3056
1|857|24164094|5522|4187
25|857|23856794|5327|4051
28|857|24005729|5823|4527
27|857|23960396|5590|4326
12|857|24086537|5181|4064
15|857|24347519|5641|4446
19|857|24485338|6030|4553
23|857|25237057|6083|4625
2|858|21142981|5334|4174
18|858|21158308|4254|3064
29|858|21075391|4170|2995
7|858|21193137|5058|3878
4|858|21257802|4668|3470
8|858|21097176|4592|3366
13|858|21271373|4663|3443
9|858|21190974|4666|3413
11|858|20972433|4694|3398
15|858|20831762|5076|3944
12|858|20848610|4160|2946
10|858|21074339|5127|3941
16|858|21251395|5035|3725
5|858|21108999|4289|3040
1|858|20915807|4514|3307
17|858|21093993|4823|3522
19|858|20678836|5198|3984
14|858|21028595|3699|2442
6|858|21192539|3587|2527
20|858|21020436|3867|2704
3|858|21026823|5151|3997
21|858|21282533|4610|3348
23|858|19923291|4918|3679
28|858|20902843|4882|3641
25|858|20920978|4333|3030
27|858|20894961|4377|3174
24|858|20991188|4837|3725
22|858|21269008|3995|2703
30|858|20959309|3695|2470
0|858|21109827|4969|3638
31|858|21046111|5245|4091
26|858|21135318|3673|2347
3|859|19266209|3906|2743
7|859|19579261|4226|3019
14|859|19368399|3183|2124
22|859|19233911|3691|2398
2|859|19636945|4522|3387
11|859|19477681|4062|2919
10|859|19434347|3910|2930
13|859|19520402|3890|2834
6|859|19324448|3468|2263
9|859|19505864|4303|3015
15|859|19477836|4135|3000
0|859|19125204|3968|2846
5|859|19417975|4147|2918
1|859|19404094|3944|2939
17|859|19393458|4068|2823
12|859|19473527|3700|2567
18|859|19637684|4168|2976
4|859|19539240|3710|2702
19|859|19391549|4015|3020
23|859|19297009|4261|3112
25|859|19263867|4060|2902
21|859|19315282|4223|2992
26|859|19486282|3378|2250
24|859|19236616|4252|3193
28|859|19290121|4245|3078
27|859|19263043|3922|2877
16|859|19472466|4297|3270
31|859|19190964|4034|2888
8|859|19519539|4015|2866
29|859|19685577|3958|2967
30|859|19264897|3267|2238
20|859|19348884|3512|2365
7|860|27896682|5165|3633
0|860|27750075|5147|3764
16|860|27540766|4510|3096
31|860|27547836|5013|3527
20|860|27494288|4019|2643
13|860|27794614|4932|3482
1|860|27702044|5142|3723
2|860|27849967|5212|3744
6|860|27938465|3989|2546
12|860|27679371|4680|3225
11|860|27827055|5008|3518
8|860|27481057|4892|3468
10|860|27800579|4936|3416
19|860|27647662|5001|3459
21|860|27608701|4926|3389
17|860|27727697|4968|3409
25|860|27640249|4421|3005
15|860|27797519|5130|3565
23|860|27660324|5200|3654
18|860|27705025|4381|3049
4|860|27626443|4953|3497
28|860|27578585|4996|3583
27|860|27565319|4695|3309
24|860|27613506|4967|3413
3|860|27928629|4621|3220
14|860|27968586|4030|2589
5|860|27709705|4854|3419
29|860|27548572|4210|2828
30|860|27526403|4147|2702
26|860|27685550|4032|2617
22|860|28002032|4282|2786
9|860|27767078|5410|3914
9|861|53380720|5923|4423
30|861|53453632|4960|3397
31|861|53899041|5827|4369
2|861|53792438|6372|4813
6|861|53854279|4740|3286
3|861|53515437|5420|3815
20|861|53866506|5289|3787
14|861|53496006|4440|3106
0|861|53914920|5852|4325
29|861|53467070|4805|3255
24|861|53710099|6027|4610
17|861|53681027|5948|4318
1|861|53829186|5799|4239
5|861|53484333|5872|4310
7|861|53955748|6162|4551
4|861|53856198|6128|4628
15|861|53621578|5950|4400
8|861|53745315|6079|4524
22|861|53427989|5134|3598
10|861|53745654|6314|4691
21|861|53713196|6110|4539
19|861|53694254|5378|3893
25|861|53685797|5386|3854
26|861|53458501|4501|3044
18|861|53593829|5639|4154
27|861|54052662|6145|4625
28|861|53581982|5926|4315
12|861|53776670|5151|3622
13|861|54436784|6202|4647
23|861|54375689|6272|4679
16|861|54947170|6211|4673
11|861|55006634|6264|4673
2|862|38214708|6654|4967
26|862|37843506|4652|3062
3|862|38201118|5510|3854
30|862|38311670|4977|3422
8|862|37965293|5916|4304
9|862|38270959|6063|4354
10|862|37929584|6494|4811
12|862|37752721|5932|4360
14|862|38152349|5726|4144
24|862|38107068|6753|5206
27|862|37781696|6417|4748
1|862|38058222|5702|4040
29|862|38124090|6177|4456
20|862|38176377|6097|4440
23|862|37540831|6614|4981
22|862|37967702|5298|3748
6|862|38201000|4776|3199
4|862|38295352|6353|4686
0|862|38154109|5746|4235
11|862|37016981|6358|4770
21|862|37946156|5810|4212
31|862|38281663|5953|4289
16|862|37263931|6329|4601
5|862|38031139|6049|4321
19|862|37977088|6467|4751
25|862|37881739|5256|3624
17|862|38518817|5807|4155
18|862|38414565|5657|4126
7|862|39564614|6295|4704
28|862|39572550|6491|4753
13|862|39650488|6465|4764
15|862|40051527|6486|4760
3|863|40926058|5105|3884
4|863|40706364|6145|4813
10|863|40886682|6552|5358
23|863|40785690|7183|5902
5|863|40598085|5700|4335
6|863|40705492|5093|3802
8|863|40909088|5553|4270
14|863|40842177|5630|4533
7|863|39454306|6876|5702
15|863|38939070|6644|5532
13|863|39044377|5869|4616
16|863|40636489|5445|4222
17|863|40565465|5941|4769
1|863|40772108|4903|3680
0|863|40678398|4474|3219
18|863|40414288|5834|4480
20|863|40783538|5595|4276
19|863|40621456|6113|4794
11|863|40710425|6021|4785
28|863|39223210|6198|4993
25|863|40618041|4782|3556
2|863|40973034|6672|5410
27|863|40860971|6247|4899
31|863|40711440|4561|3393
30|863|41021888|5402|4012
9|863|41016593|5978|4608
26|863|41175987|4047|2723
24|863|41395343|6243|4965
22|863|41678967|5428|4168
12|863|43589912|6200|4728
29|863|43576549|6121|4666
21|863|43460497|6183|4726
8|864|45213253|6246|4829
28|864|45033775|7525|5962
20|864|45101874|5649|4136
4|864|45322084|7272|5754
0|864|45081477|6342|4866
15|864|45171874|7278|5721
2|864|44981315|5761|4332
3|864|45351109|5103|3708
9|864|44915443|6979|5381
12|864|42622368|5861|4577
17|864|45140378|6469|5062
5|864|45254587|5532|4258
11|864|45053819|6704|5286
1|864|45344093|5346|4107
6|864|45486368|5319|3908
19|864|45081836|6680|5179
16|864|45182250|5468|4039
10|864|45351456|7253|5762
31|864|44993059|6320|4855
13|864|45153345|6195|4855
23|864|45341991|7647|6059
26|864|44944246|5091|3675
30|864|44983000|5275|3765
27|864|45031894|7086|5640
22|864|44464543|5249|3734
7|864|45291736|6935|5454
29|864|42656038|5994|4730
24|864|44804573|6630|5190
21|864|42558540|6083|4632
18|864|46509007|6369|4711
25|864|47783245|6465|4818
14|864|48717213|6520|4862
5|865|24185586|4743|3561
10|865|24119357|5571|4408
13|865|24110491|5538|4458
26|865|24088502|3817|2768
8|865|24467112|5574|4477
0|865|24309598|5445|4335
9|865|24245206|5616|4526
15|865|24295347|5166|3970
3|865|24265507|4536|3366
17|865|24219594|5235|4094
21|865|23942880|5214|4018
25|865|21636257|4539|3443
2|865|24267760|4852|3751
29|865|23976379|5534|4510
18|865|23000946|5061|3955
12|865|24249831|5429|4389
6|865|24182692|3958|2884
23|865|24086776|5506|4313
16|865|24150182|4781|3539
11|865|24210633|5524|4330
28|865|24402631|4854|3817
19|865|24174719|5044|3894
22|865|24026017|3690|2623
7|865|23960787|5610|4496
30|865|24072024|3857|2685
31|865|24147490|5486|4467
14|865|20891467|4545|3487
27|865|24080560|5152|4079
1|865|24168227|4441|3229
20|865|24954237|5537|4442
4|865|26184307|5416|4376
24|865|26278284|5443|4453
4|866|25290552|5174|3850
3|866|27042165|5327|4222
18|866|26952856|5075|3826
24|866|24871868|5232|4005
22|866|26799962|3892|2655
10|866|27127993|5047|3884
5|866|27144983|4870|3644
11|866|26813400|5034|3837
9|866|27047396|5665|4280
15|866|27055438|5026|3838
29|866|27120420|5155|3930
0|866|27058733|5181|3952
25|866|26995142|4863|3593
12|866|26898077|4919|3688
16|866|26863232|5221|4074
2|866|26947128|5303|4037
30|866|26751265|3784|2685
21|866|27044101|5254|3958
17|866|27062020|5148|3832
19|866|26832480|4935|3762
20|866|26632118|5530|4197
26|866|27171623|4273|3120
28|866|26867527|4419|3207
1|866|26623008|4841|3654
6|866|27035352|4069|2967
27|866|26810721|4907|3661
23|866|27041504|5312|4127
14|866|26685114|5334|4170
31|866|27930285|5699|4482
8|866|28612464|5648|4454
7|866|28315416|5768|4463
13|866|28926628|5631|4475
4|867|40227728|5511|4176
17|867|39936370|5342|3997
31|867|39053367|5634|4406
28|867|39906025|4337|3149
8|867|38728948|5148|3917
10|867|40159212|5550|4151
9|867|40097186|5391|4094
2|867|39975014|5306|3932
12|867|40012825|5221|3772
11|867|40120586|5115|3752
7|867|38656818|5776|4444
3|867|40241328|5393|4168
15|867|40095912|5390|4001
14|867|39786642|5243|3892
13|867|38458829|5344|4015
27|867|40073612|5406|4097
16|867|40006529|5370|4011
19|867|39926535|5345|3991
20|867|39909419|5627|4248
0|867|40026792|5663|4422
23|867|39813328|5192|3793
24|867|40220084|5306|3860
21|867|39969507|5316|3847
25|867|40058538|5168|3815
18|867|40258356|5165|3993
29|867|40106972|5460|4103
26|867|39918121|4359|3095
5|867|40114475|5145|3796
30|867|40013932|3849|2637
1|867|39824142|5149|3844
22|867|40381134|3727|2453
6|867|39817203|4402|3129
1|868|19885922|4332|3184
4|868|20429660|4328|3169
31|868|20425544|4087|2831
3|868|20217014|4036|2783
11|868|20256297|4315|3260
16|868|20139395|4278|3149
6|868|19869450|3336|2167
0|868|20092145|4396|3311
10|868|20340789|4416|3108
7|868|20250755|4332|3066
2|868|20279192|4376|3246
14|868|20203877|4094|2999
18|868|20020959|3808|2644
12|868|20292733|3866|2708
9|868|20322867|4629|3460
8|868|20369404|4332|3145
20|868|20125818|4331|3166
21|868|20060893|4280|3013
13|868|20195687|4242|3031
15|868|20229498|4470|3256
17|868|20432520|4409|3150
22|868|19928631|3438|2276
5|868|19941575|4429|3226
25|868|20067144|4217|3012
24|868|20104541|4348|2993
26|868|20015278|3302|2182
30|868|19978637|3459|2362
27|868|20214402|4455|3177
23|868|20128887|4211|3003
28|868|20421498|3897|2688
29|868|20062124|4444|3360
19|868|20235434|4203|2917
9|869|19427112|3978|2748
7|869|19533362|4419|3101
23|869|19252432|4474|3167
28|869|19243165|4259|2864
4|869|19677550|4466|3193
3|869|19636448|4177|2942
5|869|19319934|3943|2631
11|869|19619739|4442|3003
19|869|19184003|3941|2654
1|869|19711015|4159|2864
15|869|19381243|4575|3342
8|869|19433395|4092|2934
2|869|19495863|4166|2869
12|869|19481496|4054|2792
21|869|19416594|4266|2788
17|869|19374579|4358|3009
10|869|19565691|4410|2987
13|869|19409191|4072|2696
16|869|19615176|4096|2722
22|869|19361239|3741|2391
20|869|19445650|4635|3192
24|869|19323022|4497|3207
18|869|19519776|4107|2852
14|869|19498052|4305|2987
30|869|19293528|3544|2266
0|869|19556089|4478|3122
25|869|19356723|4079|2794
31|869|19708603|4372|3115
29|869|19245283|4337|3122
6|869|19637519|3621|2329
27|869|19298319|4157|2989
26|869|19345005|3280|2110
2|870|20041313|4303|2972
3|870|20187159|3951|2741
24|870|19956245|4341|2860
17|870|20049305|4249|2950
14|870|19898114|4173|2864
9|870|20269582|4172|2936
30|870|19974982|3415|2254
18|870|20021954|4036|2710
19|870|20150401|4231|2853
12|870|20068596|3814|2495
10|870|20020183|4284|2941
5|870|20339667|4248|2786
7|870|20282912|4336|3099
13|870|20011499|4107|2895
21|870|20063443|4239|2887
31|870|19855798|4086|2803
27|870|19804942|4018|2667
0|870|19851282|4458|3064
6|870|20082262|3605|2292
26|870|20058298|3278|2216
25|870|19869584|3770|2517
20|870|19982587|4727|3321
4|870|20198346|4127|2930
28|870|20291878|4165|2836
29|870|19868223|4458|3171
8|870|20151086|4049|2744
16|870|19979424|4067|2759
11|870|20165837|4230|2961
23|870|20424368|4494|3131
1|870|20139186|4128|2906
22|870|19988011|3369|2290
15|870|20144689|4246|2982
1|871|20660123|4164|2879
0|871|20872717|4767|3464
23|871|20734389|4632|3477
26|871|20900609|3485|2298
6|871|20850543|3850|2573
30|871|21126662|3541|2507
8|871|20755146|3884|2563
5|871|20952157|4274|2904
17|871|21089079|4562|3189
4|871|20801651|4489|3138
14|871|21072552|4602|3367
13|871|20929775|4552|3270
10|871|20996864|4859|3521
7|871|20960508|4905|3704
21|871|20933741|4136|2873
18|871|21046449|4157|2932
3|871|21123782|4468|3139
15|871|20676462|4710|3343
19|871|21035101|4282|2949
9|871|21088414|4870|3526
28|871|20814889|4128|2892
16|871|20771031|4343|3180
31|871|20936175|4732|3529
20|871|20855730|4787|3556
2|871|21143452|4649|3376
29|871|20812701|4450|3095
25|871|20878381|4045|2697
27|871|20933125|4564|3251
24|871|21158663|4729|3423
22|871|20719077|3396|2164
11|871|20714283|4399|3112
12|871|20999053|3782|2484
4|872|31331552|5443|4148
16|872|31167520|4591|3165
15|872|31263887|5393|3984
26|872|31503749|4129|2828
9|872|31179061|5100|3619
22|872|31105982|4138|2881
14|872|31329861|5348|4036
10|872|31286860|4847|3471
2|872|31098917|5216|3893
12|872|30986051|4079|2712
6|872|31445589|4186|2808
21|872|31270280|4895|3582
13|872|31323446|5139|3817
1|872|31493363|5147|3846
11|872|31033180|4836|3484
7|872|31305162|5334|3948
27|872|31087513|5151|3848
28|872|31200297|4690|3342
0|872|31511564|5484|4160
24|872|31076309|5420|4091
25|872|31100666|4860|3634
18|872|31287703|4750|3409
20|872|31162603|5615|4326
23|872|31504451|4989|3573
19|872|31249208|4760|3329
29|872|31135138|5223|4047
31|872|31186497|5186|3830
8|872|31394867|4051|2729
3|872|31287783|5044|3711
30|872|31489560|4164|2875
5|872|31384715|5173|3723
17|872|31364389|5131|3736
0|873|17092557|4279|3216
5|873|16913879|3966|2895
3|873|16978477|3902|2986
18|873|17108745|3618|2518
27|873|17207039|3524|2579
28|873|17218844|3434|2451
7|873|17175326|4075|2950
9|873|17384049|3994|2982
13|873|17241674|3629|2561
14|873|17360209|3805|2844
10|873|17330519|3843|2809
15|873|17412696|4106|3062
11|873|17204096|3651|2728
16|873|17434336|3821|2725
2|873|17284251|3958|3023
19|873|17049904|3588|2558
17|873|16930584|4014|2800
4|873|17428548|3683|2577
20|873|17092704|4059|3071
25|873|17139740|3658|2583
23|873|17092325|4230|2926
29|873|17062159|3890|2887
12|873|17342924|3688|2574
8|873|16975944|3682|2695
24|873|17168348|4041|3113
21|873|17306340|3798|2819
31|873|17053317|4025|3076
6|873|17327931|3154|2169
1|873|17182647|3833|2667
26|873|17518949|2955|2101
22|873|17566441|3276|2249
30|873|17454803|3067|2052
1|874|14515952|3023|2264
14|874|14835200|2973|2299
9|874|14873339|2929|2344
22|874|14530912|2521|1794
12|874|14635088|3061|2245
10|874|14902538|2943|2162
5|874|14990686|3146|2405
8|874|14624280|2963|2298
2|874|14882393|3158|2364
16|874|14784996|3004|2158
24|874|14613857|3097|2260
31|874|14593380|3030|2310
15|874|14838454|3387|2664
19|874|14775617|2919|2193
17|874|14940947|3104|2314
28|874|14958394|3127|2546
27|874|15167428|2813|2094
26|874|14761748|2361|1720
13|874|14918895|2875|2214
30|874|14543863|2513|1783
21|874|14652160|2595|1968
7|874|14982365|3141|2293
0|874|15009811|3261|2578
23|874|14763749|2999|2181
4|874|14823609|3092|2253
11|874|14799819|3165|2416
18|874|15111706|2760|2073
20|874|14884639|2809|2082
25|874|14719763|2960|2298
3|874|14958338|3000|2385
29|874|14706077|3079|2164
6|874|15037936|2523|1758
0|875|26279755|4556|3500
14|875|26660827|4687|3613
28|875|26473948|4450|3350
5|875|26553889|4644|3532
2|875|26526082|4737|3649
11|875|26245986|4351|3253
8|875|26550979|4656|3445
18|875|26367150|3431|2351
10|875|26586552|4729|3597
6|875|26160049|3800|2828
7|875|26326774|4910|3735
15|875|26485694|4890|3557
12|875|26602555|4669|3591
9|875|26644599|4937|3719
1|875|26690994|4535|3359
17|875|26470862|4877|3798
3|875|26169507|4343|3239
16|875|26544573|4887|3799
19|875|26485155|4445|3374
21|875|26358773|4046|2846
24|875|26537141|4769|3803
23|875|26315708|4732|3659
20|875|26249578|4546|3488
22|875|26648248|4130|3043
27|875|26455526|4907|3765
31|875|26530033|4803|3640
29|875|26208670|4492|3263
30|875|26402663|4152|2992
4|875|26253665|4514|3398
25|875|26271998|4526|3187
26|875|26474036|3954|2861
13|875|26377279|4515|3341
3|876|17585337|4126|3034
15|876|17704068|3837|2746
12|876|17714763|3871|2709
7|876|17700977|4072|2895
9|876|17647724|3713|2580
26|876|17449493|3081|1982
14|876|17880935|3896|2836
2|876|17829234|3914|2807
16|876|17598413|3839|2730
5|876|17989814|3879|2675
13|876|17357512|3486|2339
4|876|17392238|3896|2779
21|876|17570390|3815|2663
18|876|17806513|3624|2491
24|876|17562704|3846|2779
11|876|17838982|3951|2803
19|876|17600333|3706|2498
30|876|17700681|3249|2176
1|876|17674737|3633|2464
20|876|17539906|4016|2807
25|876|17420160|3571|2626
8|876|17781963|3831|2695
27|876|17515515|3653|2424
28|876|17908037|3736|2676
29|876|17490929|3972|2746
23|876|17572149|4139|3035
31|876|17528188|4028|3003
0|876|17907603|3993|3003
10|876|17760327|3993|2847
22|876|17733459|3196|2089
17|876|17654368|4032|2899
6|876|18197244|2919|1936
5|877|17598985|3531|2413
17|877|17286714|3685|2550
16|877|17676842|3611|2501
22|877|17350389|3059|2184
30|877|17559533|3207|2220
9|877|17693649|3695|2660
27|877|17496045|4132|2822
10|877|17322056|3828|2799
11|877|17528736|3841|2686
1|877|17466887|3692|2489
4|877|17598288|3635|2662
12|877|17742569|3953|2851
15|877|17766469|4363|3140
13|877|17617124|3599|2537
6|877|17489086|3301|2170
14|877|17692778|3785|2647
18|877|17579858|3796|2751
19|877|17530836|3863|2752
23|877|17397530|4139|3198
21|877|17604161|3915|2975
0|877|17327213|3720|2725
24|877|17576021|4107|3006
31|877|17387556|3778|2683
20|877|17499199|4001|3020
29|877|17427338|3975|2852
25|877|17495180|3725|2650
3|877|17772148|3890|2721
26|877|17748773|3217|2124
28|877|17464459|3521|2474
2|877|17656599|3914|2811
8|877|17428820|3782|2643
7|877|17733159|3955|2944
5|878|18841609|4216|3011
14|878|18626621|4276|3060
21|878|18588989|4099|2835
19|878|18646375|4314|3173
9|878|18783497|4278|3014
13|878|18648083|4154|2893
1|878|18713494|3716|2521
4|878|18710199|4490|3327
3|878|18458702|4615|3484
6|878|18794390|3337|2193
8|878|18387439|4147|2885
20|878|18510324|4313|2974
10|878|18782091|4280|3129
11|878|18766719|4083|2922
7|878|18385162|4593|3398
23|878|18601081|4260|2957
26|878|18459620|3444|2299
2|878|18377664|4117|2869
27|878|18813938|3956|2683
16|878|18855141|4074|2860
29|878|18519200|4279|3102
17|878|18883873|4578|3346
25|878|18505707|4019|2895
12|878|18737824|4250|3018
18|878|18658386|4306|3195
24|878|18577929|4212|3012
28|878|18467191|4045|2965
0|878|18535505|4216|2988
30|878|18865678|3601|2434
31|878|18585810|4494|3402
22|878|18880934|3505|2319
15|878|18683458|4382|3115
2|879|20511213|4728|3481
11|879|20613524|4403|3109
18|879|20432172|4272|3065
10|879|20613708|4522|3154
7|879|20580518|4888|3551
9|879|20741964|4493|3132
8|879|20654047|4331|3081
6|879|20673346|3746|2523
4|879|20698658|4788|3390
13|879|20728545|4301|3152
0|879|20347524|4382|3065
14|879|20819756|4528|3245
12|879|20432847|4384|3048
3|879|20694990|4755|3423
5|879|20827700|4712|3357
21|879|20799950|4423|3178
17|879|20476114|4537|3214
15|879|20302088|4192|2954
19|879|20784162|4468|3198
24|879|20407242|4486|3273
16|879|20524285|4350|3045
23|879|20596948|4224|2950
1|879|20701035|4940|3786
28|879|20403161|4490|3369
22|879|20332597|3844|2491
25|879|20488062|4330|3041
29|879|20522824|4377|3096
27|879|20567561|4498|3217
30|879|20383355|3739|2548
31|879|20368016|4541|3305
26|879|20602838|3497|2381
20|879|20697198|4644|3438
1|880|17543083|3695|2608
15|880|17646370|3950|2672
13|880|17796058|3513|2441
22|880|17577981|3378|2247
9|880|17840868|3906|2664
8|880|17816433|3982|2804
0|880|17773511|3906|2693
18|880|17920378|3687|2545
7|880|17882099|4150|3018
3|880|17730404|3952|2813
25|880|17527337|3689|2588
16|880|17619373|3696|2556
20|880|17425404|3855|2543
5|880|17712615|3915|2773
29|880|17523964|3893|2695
2|880|17948580|3950|2825
31|880|17471407|3751|2613
10|880|17916333|4402|3260
17|880|17695264|4106|2863
21|880|17716368|3993|2750
11|880|17978996|3838|2680
19|880|17666708|4093|2863
26|880|17773616|3179|2032
14|880|17789590|4216|2835
12|880|17772885|4035|2887
6|880|17858808|3180|2185
4|880|17781571|3934|2722
28|880|17603819|3525|2344
30|880|17519941|3357|2227
27|880|17594116|3505|2357
23|880|17760126|3406|2293
24|880|17653438|4038|2885
1|881|17914107|3917|2831
9|881|17847699|3991|2885
24|881|17453908|3598|2519
21|881|17659602|3897|2655
8|881|17822049|3644|2495
2|881|17669314|3761|2608
11|881|17599825|3617|2519
10|881|17650837|3682|2475
4|881|17487735|3675|2434
7|881|17782669|4263|3110
14|881|17566283|3736|2669
13|881|17898312|3869|2749
12|881|17553167|3697|2868
6|881|17516258|2942|1988
15|881|17929622|3896|2722
16|881|17755736|3950|2857
5|881|17728994|4284|3179
17|881|17656167|3769|2625
20|881|17745980|4101|2996
19|881|17607444|4316|3147
23|881|17468138|3429|2327
26|881|17961172|3044|1975
25|881|17792363|3849|2716
18|881|17847493|3758|2636
27|881|17501044|3728|2591
3|881|17752803|3689|2618
28|881|17537701|3592|2507
31|881|17712292|4041|2864
29|881|17757476|4181|3029
22|881|17933235|3496|2290
30|881|17538390|3059|2026
0|881|17803774|3862|2818
4|882|16565171|3490|2444
21|882|16694894|3561|2553
5|882|16412495|3520|2540
30|882|16247634|2985|1991
10|882|16589719|3916|3035
2|882|16632059|3825|2790
11|882|16624640|3783|2709
9|882|16711543|3803|2702
3|882|16277999|3564|2631
14|882|16537894|3850|2840
13|882|16519028|3401|2410
7|882|16554504|3614|2586
17|882|16414824|3488|2481
16|882|16450896|3402|2376
12|882|16497699|3514|2558
15|882|16469884|3541|2610
19|882|16388105|3944|2969
0|882|16185894|3529|2477
20|882|16406328|3632|2578
24|882|16731938|3997|2985
23|882|16388001|3414|2434
25|882|16357690|3132|2158
22|882|16242265|2893|2012
8|882|16651929|3437|2356
18|882|16344818|3517|2543
28|882|16296447|3482|2552
29|882|16267291|3731|2639
31|882|16284713|3511|2559
1|882|16744696|3572|2464
26|882|16408775|2692|1885
27|882|16402198|3571|2335
6|882|16894385|3198|2053
1|883|18136511|4047|3008
8|883|18234225|3655|2497
9|883|18495753|4066|2921
30|883|18604358|4226|3208
27|883|18173382|3750|2612
7|883|18421786|3662|2435
10|883|18544149|3956|2913
26|883|18241552|3148|2013
11|883|18511900|3796|2613
2|883|18532561|3771|2717
6|883|18113747|3177|2154
12|883|18391327|3827|2606
0|883|18317093|3682|2538
14|883|18473194|4097|2937
19|883|18367182|3870|2652
15|883|18383338|3945|2827
17|883|18428725|4120|3011
21|883|18637791|3954|2794
24|883|18331524|3844|2672
22|883|18281244|3940|2664
20|883|18347744|3899|2712
29|883|18224765|3840|2822
18|883|18257268|3702|2552
13|883|18479804|3832|2723
31|883|18214674|3995|2926
25|883|18310755|3725|2603
4|883|18602753|3789|2783
23|883|18334806|3433|2333
3|883|18455676|3669|2535
28|883|18264842|3902|2807
16|883|18498930|3719|2417
5|883|18572871|3951|2711
8|884|20442718|4094|2818
18|884|20088059|3942|2691
30|884|20468091|4228|3018
12|884|20281671|3982|2670
0|884|20240279|3904|2865
9|884|20428804|3987|2844
13|884|20060713|3730|2589
19|884|20211082|4241|3095
11|884|20339458|3825|2673
14|884|20227721|3918|2673
3|884|19983891|4065|2767
17|884|20186368|4041|2855
16|884|19950716|3853|2624
10|884|20377976|4107|2861
20|884|20129845|4136|2972
26|884|20657169|3296|2192
6|884|20620181|3346|2171
28|884|19979044|3534|2566
7|884|20365644|4181|2965
4|884|20031550|3347|2148
15|884|20215722|4044|2892
22|884|20153850|4323|3016
29|884|20122941|4044|2852
24|884|20167434|4111|3007
27|884|20420670|3851|2575
31|884|20074468|4057|2771
23|884|20024171|3237|2247
5|884|19981615|3649|2398
2|884|20308761|4080|3036
1|884|20530568|4153|2930
21|884|20176289|3871|2646
25|884|20044975|3597|2337
8|885|25548808|3985|2931
4|885|25209556|3929|2956
20|885|25325406|4302|3191
24|885|25207240|4209|3137
29|885|25237018|4193|3149
13|885|25433416|3671|2514
1|885|25027295|3814|2589
11|885|25403449|3878|2858
9|885|25460102|4144|3000
16|885|25335265|3975|2814
2|885|25075177|4050|2932
7|885|25240912|3689|2696
14|885|25390940|4043|2999
10|885|25319503|3648|2618
6|885|25271403|3324|2270
15|885|25206866|3935|2831
17|885|25360318|3798|2751
21|885|25047720|3885|2675
18|885|25560663|3474|2448
19|885|25444444|4235|3115
12|885|25517331|3851|2750
22|885|25212464|4084|3101
23|885|25130495|3217|2117
31|885|25151636|4104|3088
28|885|25284981|3687|2569
5|885|25065454|3821|2752
25|885|25055504|3803|2763
30|885|25554023|3864|2789
27|885|25179666|3808|2702
3|885|25348431|4117|2826
26|885|25354338|3118|2177
0|885|25459689|4063|3021
5|886|20162055|3965|2682
10|886|20379582|3951|2710
25|886|20199725|3577|2478
27|886|20176404|3245|2151
17|886|20383580|3819|2646
13|886|20492166|3896|2592
18|886|20391297|3390|2307
26|886|20206209|3253|2098
0|886|20075701|3722|2494
8|886|20604709|3763|2536
12|886|20268031|3719|2489
7|886|20414723|3922|2764
19|886|20288075|3855|2811
11|886|20454548|3823|2620
16|886|20449567|3851|2632
22|886|20258295|3914|2727
20|886|20569010|4286|3080
24|886|20557410|3942|2843
29|886|20532601|3994|2708
15|886|20363796|3818|2539
30|886|20172234|4130|2989
28|886|20216953|3705|2518
31|886|20234562|3865|2701
21|886|20337868|3758|2621
4|886|20569440|3961|2826
23|886|20268992|3640|2484
6|886|20404510|3243|2152
9|886|20444162|4105|2821
1|886|20536914|3908|2749
3|886|20106808|3737|2532
2|886|20414752|3906|2581
14|886|20384677|3976|2673
0|887|20115460|3906|2596
6|887|19870989|3572|2229
29|887|20030133|4132|2662
30|887|20029930|4366|2903
31|887|20009637|4343|2971
12|887|20093962|3523|2215
2|887|19786239|3942|2601
13|887|20197493|3815|2493
5|887|20292021|4027|2695
11|887|20049192|3797|2500
9|887|19833747|3835|2496
14|887|19794752|3952|2594
16|887|20055631|3920|2619
17|887|20254078|4295|2871
1|887|19808467|4128|2794
24|887|20028842|4300|3044
4|887|19920696|4307|2973
20|887|20045743|4343|2957
10|887|20302221|4161|2948
19|887|20108501|4192|2862
15|887|20005687|4428|3025
22|887|20066585|4240|2891
21|887|19944474|4082|2784
25|887|20306214|3821|2514
7|887|20072368|4276|2966
18|887|20252362|4221|2977
27|887|20312554|4041|2701
8|887|20109157|3976|2610
28|887|20014583|4048|2781
23|887|19958964|4020|2673
3|887|19800752|4006|2592
26|887|20262444|3392|2166
4|888|18231707|4162|2851
18|888|18113682|3869|2539
29|888|18508453|4224|2731
0|888|18528486|3916|2664
8|888|18054915|4041|2646
1|888|18281651|3929|2600
9|888|18344358|4312|2904
5|888|18378175|4175|2766
7|888|18116717|3956|2664
12|888|18439519|3788|2533
10|888|18219538|4061|2707
15|888|18189035|3993|2725
22|888|18170705|4033|2676
6|888|18506259|3497|2224
16|888|18324593|3962|2686
20|888|18241609|4401|3064
11|888|18367374|4084|2739
13|888|18414476|4154|2828
23|888|18049485|4086|2697
28|888|18068810|3819|2430
3|888|18000233|3997|2609
24|888|18287518|3985|2671
17|888|18321349|4128|2697
2|888|18401746|4268|2895
27|888|18112298|3803|2477
30|888|18501336|4219|2884
19|888|18240905|4301|3003
14|888|18375134|4385|2973
31|888|18493587|4316|2919
25|888|18231776|3694|2340
21|888|18280661|4035|2619
26|888|18235943|3337|2017
2|889|19029540|4319|2939
7|889|19273713|4268|2894
21|889|18974816|4271|2877
8|889|19348482|4487|3168
13|889|19138173|4130|2740
15|889|19237555|3878|2507
0|889|19373986|4599|3293
3|889|19094076|4699|3383
4|889|19428135|4661|3152
14|889|18990330|4061|2668
12|889|19261786|4132|2828
6|889|19394977|3436|2235
10|889|19246869|4376|2985
16|889|19197335|4295|2869
11|889|19173099|4307|2908
22|889|19235139|4159|2795
1|889|19325833|4441|3166
18|889|19438726|4604|3219
19|889|19027472|4560|3179
23|889|19154321|4343|2905
24|889|19110859|4218|2841
17|889|19090487|4430|2970
28|889|19147765|4163|2774
30|889|19054780|4394|2981
20|889|19198777|4653|3263
5|889|19287087|4445|2955
25|889|18999136|4216|2780
31|889|19018433|4225|2854
29|889|19436837|4457|3094
27|889|19079856|4336|2932
26|889|19054914|3669|2353
9|889|19316795|4771|3504
1|890|22609052|4141|2880
6|890|22718846|3695|2456
13|890|22855150|4497|3212
30|890|22589485|4648|3216
29|890|22523549|4518|3027
5|890|22481042|4205|2761
0|890|22792638|3829|2534
7|890|22894007|4779|3493
12|890|22735652|4029|2748
11|890|22679436|4094|2633
14|890|22758335|4282|2835
10|890|22721371|4157|2812
9|890|22416392|4188|3057
8|890|22859858|4514|3153
20|890|22524131|4381|3051
17|890|22571886|4136|2879
15|890|22831610|4308|2891
4|890|22753554|4434|3122
16|890|22727855|4169|2863
19|890|22640573|4400|3068
23|890|22622404|3971|2656
25|890|22517636|4070|2613
21|890|22906801|4226|2874
22|890|22698445|4938|3422
28|890|22579573|4278|2945
18|890|22661639|4159|2857
24|890|22609893|4760|3412
3|890|22767117|4365|3033
31|890|22535177|4719|3290
2|890|22912686|4437|3075
27|890|22527312|4504|3214
26|890|22551694|3671|2310
1|891|15773529|3151|2223
10|891|15575128|3274|2217
11|891|15632260|3457|2415
13|891|15732876|3262|2263
8|891|15555751|3396|2491
12|891|15706768|3139|2105
17|891|15524076|3385|2339
5|891|15684872|3432|2347
0|891|15672685|3472|2495
20|891|15542535|3627|2498
2|891|15268225|3479|2385
22|891|15376620|3605|2660
4|891|15477828|3355|2353
7|891|15662418|3687|2618
3|891|15313112|3438|2484
15|891|15512472|3363|2316
21|891|15406888|3486|2248
14|891|15622912|3465|2384
9|891|15567810|3620|2403
23|891|15455289|3481|2366
27|891|15279434|3254|2282
18|891|15371380|3236|2168
29|891|15742053|3240|2167
28|891|15397985|3481|2442
19|891|15486766|3522|2428
31|891|15330433|3243|2317
30|891|15773473|3387|2477
24|891|15366824|3408|2447
26|891|15290823|2665|1826
25|891|15479959|3094|2011
16|891|15458668|3229|2162
6|891|15858856|2786|1818
1|892|20556177|4293|2927
7|892|20332625|4294|2891
30|892|20145913|4170|2746
4|892|20324126|4066|2749
2|892|20365390|4667|3443
3|892|20288690|4349|3001
11|892|20535037|4180|2831
12|892|20472509|4416|2960
14|892|20257144|4491|2971
15|892|20295874|4294|2951
9|892|20232613|4474|3045
6|892|20230700|3640|2336
10|892|20535983|4377|2992
19|892|20151196|4287|2904
8|892|20497157|4283|2965
18|892|20202842|4185|2786
20|892|20400236|4496|3059
0|892|20396815|4444|3079
21|892|20287905|4142|2863
22|892|20377844|4215|2852
13|892|20528607|4178|2895
24|892|20122190|4386|2973
16|892|20063768|4205|2968
25|892|20092075|3842|2584
29|892|20207158|4302|2832
27|892|20244332|4313|2994
31|892|20169344|4099|2701
23|892|20266558|4084|2769
5|892|20437188|4401|3103
28|892|20211642|4341|2966
17|892|20469721|4365|3079
26|892|20692905|3623|2277
0|893|16710893|3535|2500
11|893|16916634|3658|2580
16|893|16676427|3641|2687
25|893|16685033|3367|2429
27|893|16662801|3652|2664
5|893|16543459|3456|2449
7|893|17010307|4041|2933
9|893|16844737|3796|2829
3|893|16911109|3727|2888
12|893|16906325|3483|2416
14|893|16896067|3744|2663
15|893|16882129|3598|2626
13|893|16704326|3535|2816
18|893|16789966|3287|2267
19|893|16825026|3584|2558
20|893|16775130|3859|2910
4|893|16945641|3717|2661
10|893|16847045|3290|2278
8|893|16814147|3680|2587
21|893|16753352|3484|2500
22|893|16742210|3825|2711
17|893|16566328|3598|2426
23|893|16612544|3560|2516
24|893|16709526|3956|3006
2|893|16930091|3836|2900
26|893|16493851|3006|2028
28|893|16597791|3287|2509
29|893|16682666|3590|2742
1|893|17029050|3782|2551
31|893|16656282|3981|3073
30|893|17062531|3596|2589
6|893|17075912|2992|1966
5|894|19952214|3927|2678
11|894|20047566|3915|2911
0|894|20086610|4051|2947
24|894|19719812|4125|3050
6|894|19618895|3156|2196
1|894|19598950|3645|2529
10|894|19773102|3399|2329
12|894|19902719|3712|2630
4|894|19789857|4104|3033
8|894|19760370|3551|2578
16|894|20016119|3867|2679
9|894|19942226|4233|2976
21|894|19745376|4055|2738
13|894|19846525|3631|2484
26|894|19885948|3114|2090
20|894|19821675|4118|2865
3|894|19905978|4027|2846
27|894|20005807|3983|2694
25|894|20027631|3860|2591
23|894|19711303|3770|2569
28|894|19652400|3924|2780
14|894|19875552|4216|2932
30|894|19600917|3911|2819
31|894|19618945|3968|2899
29|894|19655183|3843|2640
22|894|19766744|4061|3040
2|894|19646994|4092|2994
15|894|19934173|3846|2674
7|894|19939653|4143|2965
17|894|19818110|3702|2578
18|894|19969355|3873|2613
19|894|19832185|4054|2989
5|895|20394344|4155|2789
4|895|20257869|4085|2965
14|895|20098823|3949|2780
0|895|20376134|3979|2682
29|895|20106339|4194|2886
10|895|20309810|4166|2947
12|895|20294285|3846|2545
19|895|19937821|3851|2563
11|895|20428073|3966|2725
13|895|20209524|3728|2484
18|895|19947421|3985|2726
8|895|20276758|4128|2869
3|895|20166348|4057|2689
9|895|20248320|3930|2641
15|895|19999809|3789|2469
6|895|20382614|3555|2269
21|895|20244968|3931|2689
28|895|20121305|3942|2629
31|895|20078897|4033|2755
22|895|20040748|4013|2708
2|895|20037703|4074|2848
17|895|19998937|4033|2756
7|895|19956816|4090|2713
16|895|20284513|4093|2761
30|895|20103994|3576|2256
23|895|20151356|3944|2656
25|895|20171077|3947|2610
24|895|20415867|4369|3042
27|895|20193061|3622|2521
20|895|20235756|4348|3100
26|895|20260685|3305|2138
1|895|20326935|3993|2605
2|896|19462728|4416|3026
4|896|19814656|4274|2920
27|896|19406517|4324|3205
8|896|19613082|4280|3000
1|896|19301767|3781|2471
7|896|19446268|4214|2950
3|896|19603536|4257|2975
0|896|19752392|4218|2916
12|896|19709553|4123|2790
11|896|19677358|4102|2866
13|896|19663065|3911|2632
10|896|19726573|4422|3141
17|896|19480173|4063|2746
20|896|19359444|4285|2862
16|896|19454825|4180|2899
9|896|19576556|3994|2684
19|896|19707141|4595|3344
14|896|19795138|3872|2684
15|896|19595352|4387|3032
22|896|19516700|4200|2864
24|896|19401734|4050|2833
23|896|19434545|4093|2732
21|896|19571531|4235|2816
18|896|19670074|3964|2696
6|896|19590529|3515|2269
28|896|19559614|4352|2966
30|896|19460209|4283|3033
29|896|19771915|4038|2848
31|896|19549953|4309|2919
25|896|19440575|4033|2667
5|896|19825649|4063|2670
26|896|19540912|3569|2242
1|897|20975957|4564|3087
2|897|21090096|5026|3508
23|897|20749466|4410|2896
3|897|20948967|4782|3413
8|897|21001141|4641|3150
0|897|20928137|4716|3303
11|897|20901327|4255|2848
7|897|20976410|5091|3503
10|897|20865510|4597|3252
6|897|20670310|3698|2334
5|897|20563350|4464|2902
13|897|20894131|4469|3116
14|897|20791724|4561|3169
9|897|20805227|4704|3144
15|897|20777913|4513|3067
16|897|20837271|4457|3052
17|897|20870667|4561|3111
12|897|20939347|4560|3052
18|897|20708268|4450|3004
21|897|20723775|4469|2938
19|897|20817630|5083|3587
20|897|20860048|4671|3201
22|897|20776406|4794|3381
24|897|20762290|4834|3336
25|897|20627377|4233|2825
4|897|21049456|4644|3149
27|897|21074105|4516|3073
28|897|20696972|4821|3303
30|897|20683517|4538|3117
29|897|20669935|4576|3113
31|897|20661575|4811|3273
26|897|20976252|3611|2293
5|898|21422650|4506|3001
19|898|21296762|4843|3358
15|898|21423599|4095|2692
17|898|21386259|4877|3407
12|898|21413533|4123|2797
10|898|21466076|4993|3421
8|898|21547616|4575|3185
9|898|21385075|4951|3426
7|898|21479989|4874|3382
6|898|21451899|4169|2695
11|898|21519063|4576|3079
28|898|21399100|4040|2646
14|898|21410830|5014|3544
20|898|21284201|4908|3437
1|898|21627187|4658|3177
18|898|21332734|4757|3362
22|898|21274218|4807|3391
21|898|21322690|4724|3127
13|898|21445686|4047|2593
24|898|21267545|4796|3297
23|898|21614776|4795|3310
16|898|21396369|3967|2591
26|898|21145019|4432|2996
27|898|21229739|4503|2981
25|898|21263020|4491|3020
29|898|21188995|4842|3334
2|898|21601827|4774|3325
31|898|21177054|4940|3438
30|898|21209352|4088|2692
0|898|21525899|4710|3296
4|898|21193905|4936|3451
3|898|21555898|4744|3291
1|899|18489569|3825|2633
5|899|18778130|3979|2758
8|899|18652050|3859|2664
4|899|18245952|4078|2946
12|899|18691533|3655|2376
31|899|18353302|4183|3107
0|899|18243211|4143|2903
3|899|18231534|4209|3073
7|899|18611124|4402|3195
2|899|18290924|4317|3182
10|899|18687381|4085|2953
9|899|18630516|3963|2830
11|899|18593984|4059|2933
28|899|18765538|3339|2154
17|899|18736024|4082|2929
15|899|18766876|3312|2202
13|899|18468735|3671|2495
18|899|18526958|3811|2757
22|899|18507821|3867|2807
19|899|18785197|4310|3218
20|899|18565744|4088|2865
24|899|18455900|4274|3057
21|899|18495853|3962|2652
29|899|18363630|3972|2740
25|899|18382763|3601|2449
26|899|18415507|4267|3217
30|899|18326525|3871|2585
23|899|18467363|3963|2784
27|899|18409824|4190|3065
6|899|18596059|3264|2159
14|899|18568920|4150|3100
16|899|18650542|2960|1854
1|900|18961886|4366|3317
11|900|18766946|3681|2651
13|900|18712938|4013|2944
29|900|18638985|3925|2728
3|900|18849341|4022|2777
0|900|18863571|4098|2908
16|900|18575171|3319|2135
7|900|18839960|3837|2579
6|900|18496897|3353|2261
5|900|18952342|4047|2891
14|900|18495239|3828|2593
10|900|18808306|4052|2892
12|900|18901801|4204|3073
9|900|18795425|4216|3103
18|900|18707837|3704|2595
2|900|18803222|4241|3128
21|900|18637605|3964|2712
22|900|18695297|4273|3059
28|900|19058993|3168|2034
24|900|18657092|4387|3263
23|900|18564174|3713|2506
17|900|18767570|3952|2879
15|900|18753567|3501|2327
20|900|18680591|4489|3453
26|900|18600135|3976|2796
25|900|18617567|3697|2522
27|900|18558953|3845|2654
4|900|18910872|4025|2876
30|900|18610118|4149|2774
31|900|18943789|4548|3381
8|900|18950524|4162|2945
19|900|18681505|4290|3106
0|901|16974911|3724|2624
2|901|16817006|3938|2798
25|901|16698409|3626|2449
3|901|17008313|3588|2613
27|901|16715896|3445|2416
7|901|16951843|3638|2570
9|901|16856477|3623|2622
11|901|17212159|3551|2457
14|901|16917990|3762|2683
16|901|16986409|3147|2153
12|901|16890684|3459|2420
17|901|16746346|3402|2490
4|901|16651735|3643|2688
21|901|16834888|3680|2606
13|901|17083009|3643|2737
6|901|17210742|3116|2060
28|901|17060792|3076|2128
23|901|16785690|3450|2484
10|901|16929728|3910|3047
1|901|17086436|3468|2372
24|901|16809186|3956|2837
19|901|16607633|3924|2888
18|901|16891440|3839|2868
26|901|16728786|3763|2677
29|901|17071888|3670|2516
31|901|16674671|3739|2643
8|901|16577577|3713|2741
5|901|16932515|3565|2546
15|901|16854404|3003|2054
30|901|16778196|3757|2550
20|901|16727112|3568|2509
22|901|16828254|3748|2662
1|902|19615161|4148|2972
12|902|19779695|3901|2691
23|902|19695510|3976|2640
27|902|19939244|4289|3067
16|902|19854858|3497|2277
11|902|19818506|4068|2846
4|902|19726841|4400|3064
13|902|19707490|4216|2899
0|902|19964386|4314|3055
10|902|19649056|4364|3160
6|902|19696252|3519|2293
7|902|19874274|4196|2894
20|902|19462829|4091|2812
9|902|19861791|4969|3885
2|902|19924856|4515|3260
14|902|19825705|4196|3012
22|902|19466912|4126|2863
24|902|19641418|4471|3216
25|902|19955537|4251|2981
8|902|19511473|4002|2866
17|902|19792059|4655|3267
15|902|19526750|3480|2287
26|902|19605358|4205|2907
21|902|19764220|4339|3093
18|902|19624935|3995|2838
30|902|19516956|3945|2994
19|902|19646589|4479|3261
28|902|19739108|3376|2259
31|902|19598235|4552|3338
5|902|19500989|4203|2976
29|902|19618173|4361|2962
3|902|19895984|4025|2875
7|903|19773075|3878|2847
22|903|19730399|3904|2733
29|903|19524922|3779|2648
28|903|19584965|3515|2236
3|903|19467000|3871|2689
8|903|19670458|3760|2710
10|903|19815854|3791|2618
11|903|19882163|3349|2182
1|903|19969978|3895|2700
20|903|19776985|3883|2794
14|903|19737969|3930|2734
9|903|19767043|4407|3171
12|903|19965780|3825|2688
4|903|19875255|3850|2640
13|903|19860418|3895|2803
17|903|19668778|3955|2746
19|903|19565255|4154|3051
18|903|19604059|3591|2480
24|903|19722266|3727|2593
21|903|19618274|3839|2638
16|903|19916938|3403|2219
0|903|19827430|3974|2930
25|903|19715468|3699|2514
31|903|19550895|3778|2722
15|903|19662818|3327|2227
27|903|19954654|3752|2563
30|903|19610312|3843|2558
5|903|19495286|3932|2714
6|903|19858778|3362|2176
2|903|19735453|4111|2989
23|903|20017074|3703|2549
26|903|19761975|3887|2646
3|904|16306567|3667|2653
19|904|16137263|3893|2928
26|904|15909763|3500|2569
10|904|16277938|3619|2729
1|904|16246525|3522|2622
2|904|15903167|3723|2663
5|904|15945086|3313|2393
14|904|16227562|3455|2600
11|904|16273281|3359|2403
7|904|16408143|3506|2411
12|904|16200062|3220|2364
6|904|15929119|2853|1972
8|904|16306266|3208|2321
20|904|16247747|3931|3069
21|904|16091747|3475|2594
13|904|16175690|3406|2570
4|904|16160499|3634|2897
22|904|16396206|3455|2704
17|904|16164119|3604|2761
18|904|16134421|3306|2453
25|904|16049093|3388|2398
24|904|16119699|3685|2724
23|904|15919964|3182|2370
15|904|16021292|2929|2120
27|904|16007534|3487|2502
30|904|16000237|3593|2656
29|904|16408026|3483|2563
16|904|16096442|2765|1792
0|904|16026976|3477|2565
31|904|16060073|3534|2595
9|904|16272107|3068|2211
28|904|16423058|3072|2046
6|905|17377682|3197|2122
14|905|17476641|3701|2638
21|905|17370151|3677|2611
30|905|17229045|3512|2421
3|905|17583192|3839|2737
9|905|17068298|3732|2523
0|905|17116692|3752|2826
19|905|17563348|3965|2933
28|905|17201631|3057|1961
7|905|17433203|3915|2793
5|905|17486889|3922|2900
13|905|17338757|3736|2580
22|905|17309657|3974|2951
12|905|17422699|3548|2507
17|905|17297120|3591|2490
23|905|17232160|3492|2327
15|905|17489992|2929|1911
20|905|17380601|3760|2706
2|905|17482572|3977|2663
26|905|17569863|3779|2588
4|905|17302874|3351|2220
31|905|17121944|3852|2814
24|905|17268532|3803|2804
27|905|17215622|3633|2575
16|905|17167040|2843|1911
29|905|17191845|3955|2774
18|905|17295250|3523|2380
11|905|17487533|3575|2440
25|905|17297238|3505|2406
8|905|17365508|3431|2364
10|905|17532257|3592|2558
1|905|17530681|3813|2620
5|906|19090422|4060|2957
0|906|19176880|4005|2839
29|906|18906433|4220|2946
9|906|19192530|4222|2979
13|906|19092529|3927|2773
12|906|19063078|3900|2795
8|906|18793477|4050|2849
1|906|18785572|3817|2781
7|906|19135272|4275|3078
10|906|18797079|4017|2847
4|906|18954597|3851|2792
14|906|19298814|4162|3077
11|906|18845369|3795|2631
19|906|19172252|4236|3085
18|906|18854244|3802|2765
23|906|19039999|3737|2599
3|906|19224981|4273|3164
17|906|19061741|4258|3117
6|906|19315765|3576|2460
22|906|19097792|4252|3160
15|906|19030005|3559|2415
21|906|19270322|4049|2857
24|906|18942713|4226|3113
20|906|19022404|4231|2939
25|906|18849233|3912|2666
26|906|18997997|4155|2992
27|906|18942613|4175|2976
2|906|18970844|4196|2854
31|906|18980420|4415|3171
30|906|19280850|4142|2865
16|906|18982717|3308|2200
28|906|19294706|3218|2082
1|907|20074275|4449|3440
4|907|20060131|4406|3248
22|907|19939078|4020|2880
24|907|19909677|4284|3076
28|907|19783328|3277|2317
8|907|20105811|4272|3090
18|907|19997513|4124|2942
3|907|19969711|4499|3552
7|907|20102603|4192|3050
12|907|20164150|4169|3145
16|907|19750383|3469|2288
9|907|20194359|4734|3500
15|907|19913027|3511|2443
10|907|20096237|4370|3160
11|907|20044571|3877|2777
20|907|19858131|4451|3346
13|907|20191141|4053|2949
14|907|20072375|4114|2971
19|907|20040488|4575|3396
2|907|19766857|4277|3097
17|907|19978689|4665|3581
25|907|19867291|4140|3036
23|907|20013634|3777|2678
21|907|19919424|4214|3161
26|907|19855262|4086|2924
30|907|19794526|4153|2916
29|907|20258820|4614|3469
27|907|19847621|3865|2708
31|907|19817224|4571|3376
5|907|20262816|4284|3049
6|907|19913959|3439|2363
0|907|20416499|3505|2312
1|908|17655290|3851|2776
10|908|17448933|4096|3042
14|908|17386238|3869|2852
13|908|17426622|4188|3232
12|908|17513409|3905|2862
8|908|17581844|3851|2729
0|908|17147232|3445|2409
19|908|17360582|4110|3099
5|908|17187491|3883|2681
15|908|17610351|3350|2330
4|908|17645679|3921|3004
3|908|17555488|3914|2971
2|908|17327760|3877|2787
21|908|17294298|3760|2756
9|908|17495193|4021|3009
24|908|17636779|4348|3252
6|908|17149940|3113|2103
18|908|17598284|3991|2830
30|908|17273526|3862|2875
17|908|17358485|4028|2853
26|908|17294141|4069|2878
25|908|17349210|4029|3034
31|908|17241657|3744|2628
27|908|17256018|3995|2946
7|908|17529525|4117|3061
22|908|17672383|4071|3132
29|908|17280420|4109|2968
23|908|17343738|3824|2892
20|908|17462151|4217|3068
28|908|17691319|3140|2194
11|908|17432741|3916|2853
16|908|17770318|3407|2255
1|909|16479659|3433|2588
13|909|16449696|3635|2612
17|909|16217213|3340|2401
22|909|16137012|3660|2659
12|909|16487737|3464|2440
4|909|16327985|3882|2832
7|909|16116319|3769|2710
0|909|16399008|3890|2830
3|909|16321887|3684|2688
2|909|16286707|3503|2365
14|909|16482631|3661|2599
10|909|16508096|3751|2688
18|909|16237482|3603|2569
15|909|16370582|2933|1956
6|909|16258974|3057|2096
19|909|16411860|3755|2548
20|909|16079477|3656|2704
24|909|16289679|3898|2771
9|909|16264212|3673|2731
16|909|16031555|2811|1958
5|909|16356925|3610|2536
29|909|16127965|3990|2987
21|909|16332053|3688|2650
31|909|16188803|4033|3175
27|909|16180700|3577|2693
26|909|16227690|3778|2744
30|909|16256012|3615|2586
25|909|16215491|3590|2626
11|909|16010428|3552|2426
23|909|16164736|3622|2455
28|909|16162099|3021|2027
8|909|16560378|3567|2392
3|910|17848105|3906|2758
10|910|17833591|4259|3209
27|910|17667161|3890|2712
25|910|17632600|3632|2642
5|910|17688468|3935|2754
19|910|17757513|4096|3089
20|910|17748774|4034|2857
13|910|17975490|3702|2623
16|910|17842145|3347|2187
8|910|17520802|3674|2489
11|910|17576313|4353|3303
2|910|17856715|4392|3180
4|910|17921443|4092|2883
12|910|17939693|4197|3044
7|910|17907823|4113|3044
14|910|17849750|4118|3051
26|910|17628191|3979|2796
0|910|17872967|3837|2740
21|910|17683431|3977|2837
22|910|17967871|4188|3011
18|910|17837971|3988|2907
23|910|17590347|3658|2529
24|910|17769802|4375|3193
9|910|17716678|4026|2953
29|910|17723512|4236|3001
30|910|17654545|4005|2965
1|910|17992530|3912|2695
28|910|17603724|3125|2077
31|910|17728781|4052|2905
15|910|17887700|3004|2018
17|910|17965124|3896|2767
6|910|17965105|3375|2234
4|911|17687767|3933|2731
14|911|17672587|3876|2556
28|911|17515037|3723|2545
27|911|17935594|3946|2812
21|911|17612298|3508|2386
13|911|17790556|3706|2504
9|911|17537180|3738|2581
20|911|17809407|4137|2881
17|911|17428104|3848|2509
3|911|17916596|4109|2882
23|911|17580366|3680|2599
1|911|17476497|3551|2464
10|911|17904348|4137|2890
6|911|17426776|2988|1992
15|911|17462050|3213|2107
11|911|17770160|4067|2942
26|911|17666758|3913|2725
7|911|17695618|3866|2642
12|911|17724251|3748|2453
25|911|17889880|3792|2556
8|911|17793772|4156|3080
29|911|17550975|3927|2752
19|911|17853478|4356|3202
2|911|17768494|4345|3070
16|911|17820756|3238|2130
22|911|17642934|4225|3109
0|911|17625420|3883|2634
24|911|17596832|4285|3017
30|911|17553554|3737|2648
18|911|17644892|3616|2409
5|911|17847221|3568|2448
31|911|17531533|3200|2168
4|912|21548798|4503|3200
18|912|21103197|4169|2843
24|912|21145426|4666|3302
2|912|21162741|4288|3028
0|912|21124845|4016|2715
8|912|21219475|4226|2856
9|912|21424808|4329|2936
7|912|21265159|4747|3385
6|912|21498295|3745|2384
1|912|21346159|4222|2881
12|912|21263558|4353|3041
10|912|21353834|3956|2663
15|912|21325408|3774|2554
17|912|21417065|4291|2984
14|912|21548083|4470|3104
13|912|21466436|3892|2655
20|912|21438578|4478|3126
19|912|21207220|4608|3279
21|912|21499201|4410|3065
23|912|21399878|3983|2799
3|912|21372606|4586|3291
22|912|21173875|4769|3576
16|912|21187695|3824|2480
25|912|21267564|4309|3109
5|912|21053297|4413|3115
27|912|21530977|4303|2978
28|912|21552654|4444|3151
26|912|21324454|4434|3216
29|912|21256316|4415|3147
30|912|21165979|4295|3071
31|912|21113059|3812|2512
11|912|21298178|4117|2848
8|913|20123693|4172|2881
15|913|20011728|3966|2642
20|913|19973028|4355|2974
24|913|20242504|3817|2606
26|913|19823737|4319|3142
12|913|20126279|4343|3080
6|913|20085703|4098|2607
5|913|19816874|4157|2898
2|913|20202799|4510|3181
10|913|20043985|4419|3050
0|913|20182787|4160|2864
13|913|19976416|4014|2751
4|913|20258492|4138|2904
19|913|19947321|4256|2920
21|913|19932347|4059|2644
9|913|20135878|4678|3261
28|913|19815440|4196|2799
1|913|20093459|4299|2902
22|913|19899872|4142|2862
17|913|20028951|4324|2930
29|913|19791561|4338|2954
18|913|20271104|4209|2958
3|913|19878606|4134|2946
23|913|19943693|3762|2486
30|913|19790142|3995|2696
7|913|20092885|4364|2959
25|913|19884476|4135|2921
14|913|19979502|4093|2788
27|913|19866032|4193|3020
31|913|19800840|3624|2331
11|913|19707926|3998|2688
16|913|19977546|3490|2235
1|914|20574471|4186|2921
11|914|20379494|4680|3598
0|914|20691608|4366|3097
16|914|20404875|3651|2462
6|914|20788744|4708|3485
4|914|20664414|4775|3508
2|914|20755679|4644|3290
10|914|20745642|4489|3249
7|914|20469225|4871|3691
14|914|20442086|4834|3753
15|914|20871072|5113|3796
13|914|20706686|4571|3410
8|914|20875996|4731|3453
12|914|20820948|4442|3154
17|914|20583818|4494|3384
20|914|20871883|4614|3474
5|914|20800898|4638|3432
18|914|20555398|4081|2945
21|914|20672602|4584|3475
19|914|20683199|4802|3483
22|914|20608451|4730|3424
31|914|20753094|3615|2375
26|914|20850956|4304|3194
3|914|20503035|4346|3086
29|914|20595644|4811|3640
23|914|20545880|3681|2514
27|914|20463563|4328|3043
25|914|20495021|4536|3307
28|914|20658248|4356|3113
30|914|20541138|4321|3130
24|914|20984150|3794|2528
9|914|20650325|4701|3287
0|915|18035533|3646|2545
10|915|17965035|3736|2825
15|915|17944008|3983|2984
25|915|17699871|3452|2415
5|915|17809486|3733|2768
9|915|17567150|3696|2550
4|915|17980542|3589|2583
6|915|18030206|3997|3015
31|915|17880906|2993|2083
11|915|18112705|3912|2929
22|915|17774219|3947|2897
12|915|17885721|3497|2527
7|915|17965396|3730|2725
21|915|17810142|3738|2529
17|915|17877925|3742|2693
8|915|17907359|3830|2854
18|915|17831421|3697|2504
14|915|17957378|3737|2674
28|915|17664611|3607|2495
19|915|17811783|4151|2986
3|915|17688844|3856|2658
2|915|18031222|4000|2928
26|915|17771695|3875|2732
29|915|17740945|3595|2584
30|915|17660290|3645|2519
16|915|18087508|3058|2048
27|915|17722916|3763|2754
1|915|18092903|3849|2761
20|915|17922130|3789|2867
13|915|17909659|3712|2667
23|915|17834659|3105|2109
24|915|17826929|3300|2158
0|916|20247579|4202|2981
21|916|20056191|4239|2884
28|916|19971924|4255|3046
1|916|19772094|3981|2822
16|916|19907294|3392|2172
9|916|20156410|4404|3192
4|916|20149233|3809|2761
13|916|19751740|4331|3095
11|916|20110189|4197|2947
22|916|20093727|4169|2941
10|916|20241035|4357|3043
5|916|20185326|4146|3027
6|916|20143908|4558|3288
14|916|19978748|4417|3280
12|916|20079994|4115|2950
18|916|20002830|3978|2754
25|916|20210526|3901|2805
8|916|20013003|4086|2850
17|916|20032081|4135|2841
26|916|19886003|3799|2606
15|916|20227948|4429|3359
20|916|19789858|4089|2911
3|916|19890715|3800|2582
24|916|19751436|3318|2320
27|916|19831397|3992|2870
23|916|19761017|3408|2352
30|916|19875782|4036|2769
7|916|20041712|4351|3123
19|916|19983275|4238|3060
29|916|19916683|4288|3093
2|916|19881362|4347|3235
31|916|20310945|3218|2152
1|917|14688909|3562|2682
4|917|14633356|3483|2599
20|917|14412321|3282|2451
5|917|14606118|3302|2478
24|917|14416724|2762|1912
30|917|14375435|3062|2127
18|917|14585895|3262|2289
11|917|14614242|3194|2313
28|917|14862901|3185|2333
14|917|14535059|3199|2418
21|917|14922795|3267|2328
6|917|14557834|3474|2646
0|917|14772985|3327|2455
15|917|14439648|3329|2470
22|917|14627930|3437|2495
26|917|14465299|3124|2307
25|917|14517270|3075|2186
13|917|14674134|3485|2605
10|917|14571302|3361|2288
29|917|14317469|3279|2437
27|917|14401233|3280|2396
12|917|14504910|3049|2228
19|917|14347870|3166|2245
8|917|14456654|3305|2337
17|917|14527862|3375|2471
2|917|14241599|3344|2616
7|917|14299987|3256|2381
9|917|14673010|3386|2417
31|917|14440915|2533|1720
3|917|14589908|3312|2257
16|917|14938013|2585|1710
23|917|14569623|2636|1777
0|918|20023118|4308|2928
20|918|20203306|4439|3125
23|918|19792046|3763|2556
11|918|20100161|4419|3066
1|918|20237031|4414|3159
13|918|19963858|4619|3304
10|918|19947478|4563|3294
2|918|19841005|4626|3339
9|918|19811546|4876|3577
12|918|19913457|4354|3012
4|918|20214169|4583|3257
7|918|19830651|4547|3189
15|918|20025044|4705|3403
5|918|20179048|4438|3044
6|918|20065289|4595|3326
14|918|20101507|4389|3077
17|918|19880632|4396|3030
26|918|20019241|4550|3304
3|918|19767359|4273|3066
19|918|19913660|4858|3548
25|918|20009621|4343|3103
18|918|20158814|4100|2795
21|918|20106106|4282|2954
22|918|20048474|4667|3453
28|918|20138340|4505|3104
24|918|20208464|3751|2590
29|918|19983614|4540|3273
27|918|19971737|4327|2915
8|918|19861244|4351|2994
30|918|20210928|4507|3194
16|918|19864729|3419|2241
31|918|20096859|3650|2375
1|919|20662103|4382|2966
10|919|20632711|4613|3194
22|919|20400692|4773|3354
16|919|20309534|3550|2265
6|919|20504164|4600|3124
12|919|20590940|4636|3131
9|919|20604750|4764|3168
11|919|20697701|4200|2766
14|919|20501277|4587|3233
7|919|20555822|4747|3364
17|919|20487208|4417|2999
15|919|20551219|4771|3387
5|919|20505991|4141|2725
3|919|20445700|4109|2733
19|919|20446865|4749|3248
4|919|20570119|4436|3082
18|919|20411685|4233|2889
0|919|20784489|4394|2953
20|919|20758459|4673|3290
13|919|20693621|4258|2909
29|919|20344241|4231|2790
28|919|20384246|4590|3175
30|919|20303742|4246|2866
2|919|20603303|4708|3312
26|919|20496234|4234|2792
25|919|20451449|4326|2865
23|919|20762673|3908|2477
27|919|20343217|4212|2709
21|919|20416639|4359|2958
31|919|20300617|3550|2279
8|919|20270430|4236|2807
24|919|20588933|3648|2253
5|920|23705927|4658|3137
19|920|23681709|5228|3705
30|920|23574927|4644|3150
18|920|23703443|4358|2907
3|920|23679389|4962|3372
2|920|23517751|4881|3379
14|920|23800994|5073|3470
17|920|23775650|4357|2846
4|920|23664448|5030|3515
22|920|23905514|4982|3389
11|920|23827341|4709|3149
24|920|23385187|4000|2547
8|920|23374515|4749|3201
1|920|23961687|5028|3497
7|920|23800397|4764|3230
6|920|23887906|4927|3470
13|920|23606746|4640|3091
23|920|23489158|4062|2579
26|920|23533663|4821|3266
12|920|23881143|4697|3253
28|920|23588742|5047|3427
25|920|23521112|4516|2988
20|920|23651543|4906|3350
10|920|23963347|4624|3194
9|920|23817106|4749|3147
15|920|23786521|4903|3372
31|920|23460198|3913|2390
21|920|23489213|4870|3364
29|920|23629929|4627|3092
27|920|23515318|4496|2907
0|920|23610316|4507|2961
16|920|24056928|4157|2621
6|921|20746522|4545|3185
23|921|20735254|4364|2964
20|921|20641219|3761|2447
21|921|20563689|4446|3096
16|921|20518314|3707|2354
4|921|20873508|4470|3130
11|921|20852536|4464|3010
5|921|21027186|4055|2705
2|921|20936700|4444|2994
7|921|20791566|4785|3496
0|921|20481823|4490|3153
12|921|20699300|4276|2921
14|921|20934416|4740|3308
15|921|20585311|4483|3195
13|921|20761979|4072|2700
26|921|20721143|4213|2812
8|921|20806195|4277|2953
17|921|20921549|4091|2816
24|921|20862258|4321|2938
9|921|20573578|4582|3229
10|921|20631513|4540|3167
19|921|21045964|4555|3110
18|921|21000960|4296|2982
3|921|20932089|4556|3260
25|921|20683634|4143|2856
30|921|21035210|4397|2992
22|921|20920565|3659|2396
29|921|20559302|4052|2671
27|921|20548674|4148|2849
28|921|20727129|4501|3291
1|921|20793600|4351|2918
31|921|20622545|3574|2209
4|922|19944663|4173|2836
18|922|19682468|3882|2706
24|922|19775591|3895|2716
23|922|20127834|4349|2947
1|922|19515626|3977|2649
8|922|19752259|4104|2760
3|922|19644325|4206|2862
11|922|19933049|3842|2695
2|922|19906300|4310|3039
7|922|19877909|4329|3037
13|922|19798587|3917|2596
19|922|19693569|4149|2936
16|922|20002178|3317|2136
14|922|19840693|4135|2967
5|922|19945203|4135|2794
22|922|19621982|3495|2241
25|922|19659608|3871|2653
6|922|20046717|4244|2996
21|922|20036407|3750|2457
10|922|19727658|3853|2751
12|922|19876839|4076|2823
17|922|19780183|3833|2525
15|922|19844588|4270|3149
20|922|20084641|3547|2304
26|922|19819839|4194|2815
28|922|19604638|4124|2845
0|922|19834698|4138|2673
27|922|19629257|3963|2729
29|922|19650506|3897|2730
30|922|19689594|4011|2735
9|922|19697604|4121|2814
31|922|19628990|3444|2230
1|923|24250830|3974|2696
2|923|24197758|4526|3304
24|923|24318880|4129|3088
17|923|24002560|3741|2604
9|923|23839984|4175|2916
7|923|24187673|4311|3068
4|923|24353108|4198|3043
14|923|24128154|4251|3070
0|923|23887127|3915|2809
5|923|24113162|4097|2961
19|923|24160125|3971|2928
31|923|24020010|3194|2113
23|923|24298766|4326|3121
12|923|24009323|3725|2715
11|923|24236093|3877|2753
6|923|24066475|3849|2713
8|923|24274824|3714|2660
18|923|24342834|3857|2773
26|923|23950801|3943|2658
22|923|24103816|3415|2293
13|923|24191193|3965|2865
16|923|24171253|3504|2351
10|923|24012350|4098|2942
27|923|23919586|3908|2684
29|923|23906184|3433|2311
21|923|24071038|4068|3002
30|923|23896315|4160|2876
25|923|24088232|3859|2686
3|923|24239471|4241|3067
28|923|23970734|4078|3051
20|923|24105867|3639|2400
15|923|23973599|4223|3042
1|924|20419661|4246|2997
5|924|20263875|4335|3154
6|924|20180700|3946|2706
19|924|20285440|4414|3280
17|924|20426665|3788|2468
29|924|20111038|4384|3125
30|924|20096947|4203|2994
0|924|20294557|4048|2771
12|924|20210034|3823|2572
8|924|20172667|4398|3108
7|924|20354213|4582|3244
9|924|20386286|4456|3170
14|924|20323596|3955|2583
15|924|19945588|4299|2982
25|924|20019036|4097|2909
13|924|20137202|4168|2804
11|924|20197225|4349|3057
23|924|20276549|4500|3219
21|924|20064975|4366|3096
4|924|20320796|4200|2976
18|924|20198238|3993|2800
26|924|20186941|4332|2934
24|924|20468163|4314|3054
28|924|20009987|4056|2835
16|924|20137030|3308|2165
20|924|19999141|3512|2279
27|924|20117492|4073|2888
2|924|20425727|4650|3438
3|924|20058159|4315|3019
10|924|20067727|4312|3029
31|924|20392696|3465|2209
22|924|20269647|3395|2176
4|925|18378581|3694|2535
13|925|18477211|3889|2832
18|925|18406262|3675|2566
29|925|18657108|3782|2821
5|925|18691058|3835|2561
1|925|18705787|3742|2585
8|925|18544062|3942|2713
9|925|18520915|3860|2670
12|925|18571604|3801|2613
11|925|18451667|3607|2454
7|925|18542891|4050|2947
10|925|18244716|3852|2802
15|925|18511023|4056|3014
6|925|18696127|3789|2634
0|925|18563589|3625|2498
14|925|18530052|4024|2781
17|925|18658094|3641|2532
19|925|18695365|3944|2935
3|925|18232025|3787|2647
21|925|18442620|3888|2811
16|925|18345806|3165|2116
23|925|18463252|3890|2775
20|925|18333460|3104|2162
24|925|18383851|3830|2765
25|925|18516078|3832|2570
26|925|18406412|4163|3020
28|925|18378816|4060|2790
27|925|18333719|3542|2456
22|925|18653269|3267|2074
2|925|18253971|3714|2551
31|925|18285910|3013|2029
30|925|18652380|3592|2452
5|926|16335258|3734|2702
11|926|16259930|3485|2533
13|926|16407543|3460|2454
21|926|16137132|3398|2501
1|926|16381201|3405|2460
27|926|16041450|3446|2573
8|926|16313142|3516|2669
2|926|15955863|3950|2992
15|926|16232075|3833|2893
7|926|16264061|4043|3119
3|926|16131811|3655|2738
10|926|16254017|3395|2437
17|926|16174565|3341|2403
16|926|16104162|2880|1966
9|926|16306048|3909|2934
18|926|16407248|3360|2438
24|926|16074238|3802|2856
14|926|16205335|3661|2708
23|926|16105069|3864|2917
12|926|16268436|3187|2438
25|926|16064080|3378|2401
6|926|16246152|3431|2611
0|926|16169918|3466|2646
19|926|16187338|3555|2605
30|926|15963802|3237|2391
26|926|16057301|3693|2805
20|926|16106405|3081|2132
28|926|16046750|3568|2588
4|926|16417858|3866|3033
29|926|16442504|3646|2681
31|926|16006756|2928|2046
22|926|16114216|3057|2060
1|927|19001203|3985|2963
9|927|18840490|4486|3451
22|927|18586175|3343|2290
29|927|18633741|3921|2789
16|927|18935594|3330|2188
31|927|18668724|3288|2171
5|927|19080669|4155|3079
10|927|18879316|4103|3028
6|927|18723699|4281|3011
14|927|18797769|4436|3204
7|927|18900042|4119|2864
18|927|18831461|3924|2882
11|927|19083174|3983|2919
8|927|18988497|4133|3094
15|927|18948396|4135|2962
25|927|18761690|3944|2764
17|927|18890204|3842|2833
12|927|18783414|3669|2661
19|927|18719237|4147|3071
20|927|18666796|3389|2413
13|927|19079166|4139|3090
21|927|19074521|4242|3159
0|927|18699636|4128|3154
24|927|18842914|4306|3174
26|927|18699403|4032|2853
23|927|18821198|3957|2844
3|927|18889231|3888|2808
27|927|19046084|3790|2686
28|927|18682194|3950|2862
2|927|18935430|4561|3417
30|927|18769058|3816|2836
4|927|18603296|3746|2624
5|928|19723359|4113|2703
12|928|19543118|3900|2666
7|928|19679637|4148|2949
25|928|19619787|4016|2615
31|928|19836514|3359|2233
9|928|19836995|4271|2934
4|928|19302847|4269|2885
10|928|19732504|4355|3029
8|928|19633380|4262|2873
0|928|19451855|4002|2746
19|928|19528211|4554|3303
3|928|19385904|4240|3062
1|928|19849594|4088|2671
15|928|19627902|4495|3232
13|928|19502035|4078|2937
14|928|19701616|4256|3006
21|928|19488884|4050|2772
2|928|19327769|4401|3165
24|928|19470265|4355|3124
17|928|19591927|3993|2679
26|928|19455945|4131|2883
16|928|19809398|3291|2182
18|928|19702056|3965|2765
27|928|19405625|4027|2803
23|928|19440094|4403|3031
6|928|19702219|3868|2615
28|928|19390153|4104|2794
30|928|19370707|4021|2677
22|928|19880783|3606|2298
20|928|19558458|3254|2084
29|928|19855183|4139|2789
11|928|19642920|3877|2645
3|929|22594792|4603|3066
13|929|22579108|4803|3370
30|929|22367687|4341|2892
29|929|22313734|4662|3154
27|929|22474184|4629|3122
0|929|22654972|4491|2990
12|929|22817087|4535|3043
10|929|22687723|4837|3311
1|929|22594941|4894|3406
7|929|22791837|4727|3301
8|929|22677427|4758|3331
2|929|22508046|4938|3542
6|929|22357512|4614|3042
17|929|22477389|4806|3285
14|929|22554582|4915|3441
19|929|22652115|4889|3428
4|929|22695576|4861|3299
15|929|22602053|5064|3546
23|929|22410610|4838|3329
21|929|22546829|4575|3042
25|929|22798567|4484|2958
9|929|22710312|5011|3475
28|929|22393754|4813|3360
24|929|22533700|5115|3526
18|929|22466309|4820|3308
5|929|22815341|4915|3391
31|929|22795657|3926|2500
11|929|22251326|4532|3085
26|929|22531514|4917|3403
16|929|22546430|3952|2531
20|929|22405007|4053|2544
22|929|22513885|4195|2639
1|930|29477668|4722|3291
5|930|29217580|4853|3221
4|930|29366902|4550|3092
31|930|29243798|4232|2724
9|930|29275922|5228|3654
10|930|29518957|4842|3383
17|930|29411090|4744|3188
11|930|29185898|4855|3369
3|930|29641181|5019|3455
15|930|29356741|4819|3386
13|930|29633212|5033|3491
2|930|29426086|5303|3914
14|930|29397967|4912|3323
12|930|29541755|4638|3208
19|930|29386901|4908|3519
23|930|29340566|5031|3591
24|930|29263703|5287|3669
0|930|29565207|4701|3169
6|930|29444588|4816|3272
28|930|29284001|4792|3414
18|930|29250009|4823|3423
20|930|29142854|4128|2744
8|930|29459475|4568|3135
29|930|29614832|4892|3368
16|930|29170578|4151|2750
21|930|29346469|4670|3156
27|930|29615133|4636|3187
26|930|29196609|4963|3450
25|930|29334860|4687|3230
30|930|29655023|4979|3479
22|930|29159222|4159|2575
7|930|29473725|4343|2924
0|931|21530850|4975|3573
15|931|21699746|4753|3338
22|931|21362880|3900|2501
6|931|21529352|4878|3481
5|931|21845608|4709|3259
16|931|21541713|3905|2537
4|931|21820785|5252|3914
2|931|21651999|5135|3837
13|931|21670242|4856|3527
1|931|21872569|4521|3129
14|931|21642516|4624|3247
10|931|21757341|4881|3520
11|931|21729267|4733|3282
23|931|21598877|4877|3557
8|931|21482942|4505|3220
3|931|21685377|4637|3333
21|931|21430082|4424|3015
12|931|21641089|4230|2867
27|931|21421262|4298|2931
17|931|21767972|4576|3110
26|931|21410062|4930|3507
18|931|21537850|4240|2970
29|931|21485221|4536|3104
25|931|21397685|4345|2986
30|931|21386043|4539|3091
24|931|21614473|4967|3593
19|931|21636287|5111|3783
9|931|21769987|4590|3107
20|931|21519902|3722|2435
28|931|21569180|4679|3387
31|931|21862345|3953|2641
7|931|21304785|4601|3164
1|932|20800610|4314|2916
4|932|20872841|4313|2937
20|932|20530278|3709|2403
5|932|20898049|4239|2817
31|932|20540260|3717|2343
11|932|20751438|4454|3077
10|932|20769139|4470|2995
3|932|20700384|4432|3014
0|932|20994748|4847|3551
6|932|20932966|4402|2982
2|932|20854413|4749|3240
24|932|20537998|4332|2936
21|932|20696415|4377|2876
18|932|20614275|4104|2851
8|932|20702986|4482|3040
19|932|20530924|4596|3169
15|932|20981310|4638|3239
9|932|20518602|4366|3074
23|932|20751116|4691|3268
26|932|20641774|4560|3275
17|932|20656030|4337|3013
22|932|20981045|3915|2417
16|932|20910160|3614|2312
25|932|20594592|4365|2984
29|932|20613922|4343|2846
28|932|20507239|4195|2891
30|932|20589477|4227|2852
27|932|20691129|4570|3214
7|932|20431963|4335|2925
14|932|20853625|4763|3361
13|932|20892389|4388|3081
12|932|20668310|4380|3023
4|933|20957549|3938|2579
27|933|20563341|3996|2740
5|933|20908615|4140|2791
0|933|20826611|3986|2664
2|933|20794708|4188|2867
9|933|20687085|3766|2542
3|933|20844332|4158|2860
15|933|20710038|4222|2857
7|933|20527903|4434|3024
24|933|20794983|4362|3052
19|933|20730531|4343|3023
6|933|20820337|3536|2393
14|933|20513366|4045|2557
8|933|20744310|4084|2855
12|933|20484985|3792|2646
18|933|20766726|3885|2509
13|933|20502746|3849|2662
11|933|20907533|4252|2864
10|933|20867452|4281|3053
17|933|20668717|4223|2905
26|933|20681416|4246|2903
25|933|20620461|3911|2603
21|933|20790903|4148|2713
20|933|20959497|3518|2331
28|933|20591545|4016|2771
22|933|20655134|3663|2260
29|933|20608158|4184|2740
23|933|20709281|4225|2730
1|933|20987732|4334|3068
16|933|20652678|3422|2161
30|933|20591076|3503|2328
31|933|21101981|3105|2057
0|934|24085145|4605|3176
19|934|23989820|4797|3393
15|934|24074773|4773|3445
28|934|23802366|4505|3148
11|934|23858340|4487|3181
16|934|23759290|3493|2339
4|934|24178220|4640|3360
13|934|23882188|4096|2936
1|934|23681419|4334|3096
7|934|24016407|4726|3422
14|934|23955892|4620|3369
12|934|23928017|4276|3124
24|934|24007113|4818|3488
10|934|23861005|4769|3418
3|934|24022889|4575|3283
9|934|24085061|4136|2942
20|934|23789948|3755|2571
17|934|23856738|4650|3235
25|934|23825802|4362|2922
23|934|23722993|4640|3307
18|934|23928319|4636|3395
22|934|23762794|3755|2505
2|934|24062441|4804|3380
26|934|23865654|4570|3385
27|934|24212708|4646|3383
21|934|23843428|4353|2941
29|934|23771453|4600|3381
30|934|23696672|3718|2501
5|934|24115441|4456|3104
31|934|23693444|3556|2369
8|934|23926667|4425|3192
6|934|24145552|3627|2341
3|935|18913850|4202|2929
11|935|19105325|4477|3283
27|935|18795409|3981|2725
4|935|19063223|4212|3048
9|935|18914872|4341|3239
30|935|18809572|3466|2198
8|935|18654829|3599|2382
12|935|18990972|4021|2948
14|935|19009964|4212|2934
19|935|19172207|4448|3037
1|935|19040847|4325|3018
13|935|19066913|4141|2873
23|935|18857479|4133|2864
15|935|19167020|4314|3117
7|935|19035084|4294|3077
10|935|18964068|4340|3295
24|935|18986237|4301|3106
2|935|18781134|4403|3192
18|935|18848110|3648|2549
25|935|18885531|4007|2752
17|935|18908199|4343|3230
22|935|18835130|3568|2322
16|935|19115422|3460|2242
21|935|18772094|4204|2873
20|935|18934899|3522|2346
28|935|19165136|4435|3252
29|935|18763009|4011|2814
26|935|18815516|4220|2912
0|935|19185612|4263|3165
31|935|18715751|3519|2401
6|935|18727473|3506|2240
5|935|18692941|4048|2805
1|936|20042589|4544|2983
4|936|20174113|4967|3444
18|936|19964640|4489|3086
29|936|19822358|4651|3104
12|936|20101845|4805|3500
7|936|19984324|4747|3309
17|936|19903764|5004|3877
10|936|19971712|4747|3471
16|936|20003193|3749|2421
3|936|20219632|4795|3286
2|936|19957931|5062|3626
6|936|19706168|3959|2545
9|936|20155672|4867|3680
5|936|19693764|4459|2906
8|936|20123033|4483|2995
15|936|20010479|4791|3285
23|936|20039982|4758|3343
21|936|19853940|4633|3087
19|936|20092892|5272|3634
14|936|20089321|4626|3139
24|936|19981276|4636|3095
25|936|19943105|4373|3058
30|936|20519892|4020|2517
27|936|20217922|4728|3234
26|936|19795540|4712|3158
0|936|19737123|4532|3155
22|936|19905268|4214|2721
28|936|19844297|4811|3424
11|936|20205266|4629|3146
31|936|19864672|3906|2627
13|936|20041071|4563|3177
20|936|19834199|3975|2583
1|937|23821117|5188|3606
9|937|23614894|5165|3865
28|937|23385397|5117|3705
22|937|23441992|4333|2761
3|937|23637149|5046|3510
12|937|23751066|4824|3299
13|937|23301868|4889|3482
31|937|23471705|4113|2644
2|937|23639071|5437|3940
19|937|23511987|5186|3565
7|937|23747675|5647|4030
18|937|23815499|4684|3236
8|937|23585214|4915|3472
26|937|23427255|5062|3499
4|937|23788731|5191|3586
25|937|23477853|4825|3363
5|937|23610018|5319|3662
17|937|23737456|5101|3789
24|937|23502456|5385|3744
15|937|23580648|5422|3956
27|937|23454888|4974|3412
10|937|23727644|5331|3810
23|937|23570502|5267|3651
21|937|23552214|4963|3506
29|937|23799384|5107|3560
6|937|23648642|4236|2800
0|937|23372237|5052|3567
20|937|23327917|4337|2898
30|937|23515785|4155|2816
11|937|23326743|4900|3329
16|937|23745693|4157|2893
14|937|23493255|5003|3411
1|938|18674862|4178|3089
2|938|18521763|4094|2955
17|938|18389427|4086|2864
28|938|18693452|4250|3116
30|938|18232931|3490|2393
8|938|18453308|3973|2890
7|938|18490518|4052|2992
10|938|18291257|4102|2800
3|938|18570979|4001|2862
6|938|18384653|3256|2065
11|938|18154125|3997|2880
15|938|18349768|4094|2879
13|938|18577071|3981|2833
14|938|18129769|3654|2654
9|938|18687682|4428|3280
19|938|18542604|4150|2788
5|938|18363240|3778|2623
16|938|18154753|3151|2118
23|938|18313882|4072|2795
26|938|18484707|4184|2973
21|938|18298567|3655|2383
25|938|18438450|3411|2341
24|938|18383245|4002|2691
20|938|18222747|3209|2262
18|938|18524981|3694|2582
22|938|18667430|3340|2256
27|938|18361727|3687|2514
29|938|18297888|4125|2977
0|938|18188244|3840|2684
4|938|18397790|4026|2845
12|938|18581664|3955|2757
31|938|18871530|3066|1958
5|939|19555170|4046|2890
9|939|19610953|4399|3319
19|939|19628047|4447|3110
3|939|19688548|4366|3122
8|939|19752488|4050|2989
2|939|19833696|4172|3063
30|939|19891902|3681|2529
10|939|19729141|4359|3245
12|939|19357653|4007|2794
1|939|19847622|4008|2892
14|939|19632253|4121|2940
16|939|19763690|3514|2438
15|939|19673005|4268|3184
17|939|19835014|4198|3028
23|939|19581723|4432|3385
21|939|19550618|4065|2983
4|939|19354012|3893|2850
25|939|19536484|4108|2928
18|939|19490710|3888|2792
11|939|19714218|4169|3153
28|939|19852744|4104|2978
27|939|19466677|4005|2899
13|939|19693822|4142|3019
26|939|19595027|4267|3082
29|939|19462157|4021|2961
6|939|19759670|3484|2418
24|939|19559485|4412|3391
7|939|19739418|4261|3058
22|939|19548004|3564|2515
0|939|19394706|4008|2911
20|939|19685865|3476|2292
31|939|19745782|3562|2338
7|940|16655494|3933|2983
1|940|16965478|3753|2827
18|940|16836376|3377|2554
6|940|16747809|3160|2081
30|940|17082708|3267|2218
9|940|17100596|3489|2564
5|940|17131244|3651|2684
14|940|16940844|3661|2698
19|940|17096099|3956|2803
8|940|17172009|3612|2717
20|940|16761596|3115|2108
16|940|16936269|3734|2813
17|940|16906862|3779|2775
10|940|16967568|3535|2541
4|940|16861126|3665|2722
21|940|16879307|3623|2540
13|940|16774984|3677|2679
26|940|16759029|3797|2771
22|940|16680140|3730|2716
0|940|16627549|3533|2645
28|940|16814103|3627|2650
25|940|16870569|3608|2707
24|940|16727905|3813|2798
12|940|16961628|3549|2626
27|940|16818248|3707|2792
23|940|16930208|3935|3044
29|940|16782600|3471|2529
3|940|17132524|3384|2418
15|940|16909472|3617|2586
11|940|16804118|3753|2712
2|940|17032488|3757|2673
31|940|16819517|3108|2070
12|941|20972330|4093|2763
23|941|20975594|4470|3077
1|941|21304899|4259|2990
7|941|21318473|4523|3288
4|941|21113323|4186|2891
0|941|21043232|4405|3126
3|941|20916810|4304|2975
9|941|21247967|4500|3155
13|941|21094346|4174|2777
5|941|21241657|4353|3001
22|941|21066513|4549|3234
16|941|21174359|4380|2989
2|941|20880102|4213|2918
14|941|21233394|4359|2997
11|941|20897716|4276|2928
24|941|21012065|4378|3212
15|941|20915843|4395|3076
10|941|21155283|4250|2881
19|941|21225442|4700|3400
6|941|21291142|3488|2368
8|941|21185681|4309|3049
17|941|21181006|4301|2966
20|941|21216749|3808|2467
27|941|21003953|4083|2864
18|941|21331620|4233|2969
29|941|20976051|4252|2868
25|941|21056927|3890|2571
30|941|21299872|3736|2496
28|941|21066997|4383|2968
26|941|21123680|4521|3147
21|941|21145455|3880|2642
31|941|20925131|3664|2317
3|942|22362532|5132|3595
14|942|22275817|4852|3344
15|942|22237382|4121|2757
8|942|22128558|5105|3766
4|942|22397114|5066|3590
1|942|22462685|4816|3370
9|942|22356237|5372|3861
11|942|22236933|4991|3576
7|942|22440498|4026|2709
2|942|22274167|4856|3309
13|942|22351020|4657|3241
6|942|22167034|4216|2768
12|942|22543878|4634|3250
16|942|22306481|5138|3664
10|942|22205133|5120|3712
17|942|22142257|4815|3333
19|942|22191019|5387|3906
18|942|22090798|4275|2828
22|942|22331593|5301|3822
5|942|22309358|4825|3271
24|942|22249217|5374|3866
20|942|22137191|4161|2730
21|942|21991074|4782|3293
25|942|22069138|4653|3119
26|942|22010933|4918|3417
31|942|22390825|4016|2575
29|942|22091531|5039|3562
23|942|22531991|5134|3645
27|942|22128012|4649|3206
30|942|22055605|4020|2701
0|942|22380651|5030|3523
28|942|22028459|4972|3511
3|943|18617986|4048|2973
1|943|18547018|4018|2818
21|943|18266140|3950|2856
11|943|18543262|3985|2905
26|943|18252277|4402|3433
6|943|18489689|3608|2383
20|943|18353820|3318|2238
5|943|18296043|3965|2784
0|943|18117775|4147|3043
7|943|18499305|3468|2292
2|943|18465122|3974|2871
4|943|18538649|3908|2833
27|943|18162052|3874|2713
14|943|18628882|4346|3353
23|943|18180460|4388|3428
16|943|18405412|4169|3058
19|943|18360448|4521|3463
22|943|18328733|4489|3445
8|943|18556847|3866|2797
18|943|18356214|3905|2871
25|943|18262575|4158|2888
28|943|18134860|4414|3341
13|943|18423979|4010|2851
29|943|18223485|4012|2821
15|943|18649651|3426|2380
30|943|18176550|3258|2322
17|943|18352686|3769|2644
12|943|18468757|3852|2777
9|943|18519139|4337|3226
24|943|18361565|4480|3532
31|943|18286861|3488|2356
10|943|18370059|3939|2979
1|944|36236796|4689|3152
15|944|35897636|3951|2521
13|944|35963666|5012|3532
8|944|35974905|4376|3018
11|944|36226028|4706|3284
2|944|36096228|4874|3482
17|944|35847350|4491|3000
10|944|35767576|4781|3319
19|944|36024311|4866|3487
4|944|36100286|4825|3344
6|944|36201861|4029|2709
21|944|36260114|4741|3234
24|944|35820116|4709|3156
18|944|35985258|4644|3144
3|944|36291238|5168|3722
12|944|35824786|4424|2950
5|944|36180214|4764|3365
9|944|35839888|4953|3457
28|944|35960649|4907|3667
20|944|36201867|4272|2885
16|944|36055512|4846|3369
22|944|36028099|5099|3705
25|944|35987723|4675|3210
23|944|36083030|5189|3657
26|944|36253685|4787|3397
31|944|35832547|3718|2519
27|944|36123380|4364|3055
0|944|36130872|5101|3634
14|944|36115934|4935|3450
30|944|35928094|4072|2640
29|944|35964483|5063|3524
7|944|36187280|4066|2640
5|945|18520376|4167|2698
19|945|18678707|4568|3173
29|945|18328824|4007|2639
8|945|18742534|3950|2744
10|945|18673920|4413|2983
9|945|18509885|4240|2839
11|945|18737619|4254|3030
0|945|18342138|3944|2591
12|945|18552955|4063|2708
13|945|18771348|3919|2653
3|945|18572132|4269|3010
14|945|18329427|4122|2721
16|945|18481557|4058|2759
17|945|18708847|4096|2785
1|945|18849585|4316|2893
2|945|18691018|3976|2532
18|945|18599227|4020|2691
6|945|18647838|3516|2254
23|945|18435948|4109|2785
22|945|18474493|4453|3072
24|945|18620491|4373|3014
21|945|18640984|4267|3039
26|945|18426036|4297|3045
25|945|18463804|3904|2556
28|945|18530085|4352|3051
15|945|18833486|3757|2381
27|945|18392309|3989|2639
20|945|18515511|3690|2304
4|945|18632083|4155|2746
30|945|18368897|3486|2266
7|945|18367907|3585|2231
31|945|18825828|3448|2130
2|946|17823557|4020|2911
10|946|18029468|4019|3027
8|946|18036325|3913|2934
30|946|17644163|3055|2229
12|946|17948729|3775|2726
0|946|17961290|4459|3474
11|946|17997039|3658|2685
6|946|17802506|3293|2332
9|946|18008872|4786|3754
15|946|17679234|3451|2281
19|946|18096740|4430|3387
7|946|17595598|3125|2153
1|946|17849550|4003|2969
14|946|17922130|4303|3204
24|946|17787768|4540|3480
5|946|18105541|4050|2976
22|946|17801348|3887|2942
3|946|17944046|4215|3124
29|946|18099799|4202|3174
20|946|17664069|3680|2428
16|946|17897983|3847|2772
21|946|17777723|3697|2637
17|946|17908009|3928|2900
18|946|17847480|3776|2742
13|946|17976421|4209|3359
27|946|17700023|3958|2866
28|946|17741320|4150|3116
26|946|17765055|3827|2792
25|946|17761805|3918|2859
4|946|17615324|4066|3005
23|946|17851496|4380|3323
31|946|17678213|3301|2398
0|947|21354705|4371|3033
26|947|21040367|4367|3028
11|947|21343065|3996|2803
1|947|21251223|4324|2944
5|947|21210172|3972|2587
7|947|21383645|3383|2067
2|947|21472074|4477|3045
10|947|21464658|4503|3169
14|947|21245064|4390|2964
12|947|21402579|4393|3024
19|947|21293783|4455|3058
23|947|20973852|4394|2991
6|947|21338828|3679|2419
8|947|21449305|4265|2921
22|947|21207035|4601|3158
16|947|21137495|4475|3183
24|947|21231679|4699|3328
21|947|21126536|4373|2979
25|947|21022507|4111|2730
29|947|21182328|4390|2976
18|947|21094931|4346|3084
20|947|21159911|3780|2472
9|947|21333737|4922|3494
4|947|20974729|4293|2948
17|947|21123760|4069|2725
27|947|21077684|4107|2786
15|947|21319259|3816|2471
31|947|20990050|3398|2205
28|947|21064790|4652|3343
30|947|21448549|3685|2311
13|947|21149099|4193|2814
3|947|21180416|4081|2715
1|948|20939092|4707|3187
8|948|20783897|4656|3226
12|948|20858605|4400|3069
0|948|21042869|4867|3415
28|948|20594434|5069|3594
6|948|20890909|3918|2544
27|948|20705042|4452|2965
11|948|20997221|4508|3127
3|948|20513314|4320|2907
2|948|20927692|4627|3199
9|948|20663135|5101|3626
14|948|20895094|4680|3191
16|948|20788551|4833|3439
10|948|20924500|4755|3327
19|948|20875741|4644|3226
24|948|20791098|4587|3178
18|948|20727381|4446|3033
26|948|21052102|5053|3647
17|948|20659724|4689|3198
5|948|20952115|3979|2549
23|948|20875427|4868|3405
21|948|20780762|4742|3335
31|948|20916125|3852|2487
22|948|20838422|4837|3407
7|948|20987423|3996|2553
13|948|20517102|4451|3015
15|948|20659694|3993|2550
29|948|20784398|4638|3162
30|948|20638207|3964|2575
4|948|20627081|4536|3079
20|948|20832955|4048|2578
25|948|20779319|4402|2883
1|949|20224958|4394|3018
10|949|20011596|4504|2988
24|949|20005645|4372|2958
2|949|20058006|4398|3026
9|949|20042554|4626|3195
7|949|19834287|3505|2275
8|949|20232284|4432|3016
5|949|19914944|4237|2958
11|949|20102942|4305|2991
0|949|20171367|4167|2838
14|949|20045372|4628|3246
6|949|20134857|3681|2479
17|949|19941171|4476|2988
3|949|20092903|4160|2694
19|949|20003741|4396|3043
15|949|19810978|3648|2379
12|949|20235333|4335|2886
16|949|20044645|4342|3036
18|949|19982203|4202|2849
20|949|19741959|3734|2299
21|949|19912581|4380|3002
13|949|19853271|4503|3068
22|949|19888957|5109|3647
25|949|19741310|4316|2874
23|949|19935092|4565|3293
4|949|19728993|4153|2739
28|949|20198051|4251|2795
26|949|19979938|4492|3091
30|949|19803249|3883|2445
29|949|19826677|4585|3145
27|949|20162548|4052|2759
31|949|19980202|3700|2364
4|950|19986366|4617|3214
11|950|20319712|4258|2924
14|950|20285550|4705|3412
10|950|20473524|4880|3346
31|950|19996432|3403|2198
2|950|20397812|4265|2929
8|950|20352606|4340|2959
21|950|20111935|4395|2987
9|950|20391220|4996|3634
5|950|20333726|4086|2817
6|950|20266887|3811|2507
17|950|20252668|4628|3345
3|950|20225888|4159|2738
22|950|20090393|4794|3387
19|950|20228382|4950|3487
7|950|20390840|3818|2488
23|950|20061210|4441|3086
16|950|20181485|4714|3353
1|950|20451241|4580|3258
18|950|20168157|4368|3031
25|950|20085325|4201|2899
13|950|20119442|4462|3137
15|950|20223782|3896|2518
28|950|20039722|4494|3212
20|950|20158352|3807|2586
24|950|20453987|5090|3683
26|950|20026672|4589|3112
27|950|19985127|4226|2885
29|950|19999594|4660|3364
30|950|20020179|3828|2548
12|950|20171471|4465|3089
0|950|20264151|4547|3117
8|951|19007511|4185|3036
11|951|19120829|4250|3019
6|951|18977855|3395|2290
13|951|18768912|3725|2569
4|951|19135295|4281|3150
0|951|18610672|4042|2854
7|951|18876598|3310|2280
12|951|18629549|3966|2745
2|951|19042358|4042|2960
16|951|18856937|4126|2969
1|951|18843014|4319|3262
3|951|18908806|4101|2989
24|951|18717410|4282|3132
17|951|18955166|4447|3361
14|951|19107847|4320|3174
22|951|18927430|4260|3213
9|951|19009115|4181|3109
27|951|18703712|4091|2853
19|951|18920122|4362|3198
10|951|19058873|4223|3154
20|951|18751155|3705|2555
5|951|19001166|4012|3007
26|951|18729346|4340|3159
25|951|18839068|3699|2607
21|951|19044656|4074|2945
18|951|18846140|4024|2980
28|951|18789198|4017|2880
23|951|18909214|4235|3199
15|951|18809526|3369|2331
31|951|19118010|3549|2459
30|951|18710208|3533|2390
29|951|18733206|4349|3305
10|952|18969709|4063|2830
3|952|19119906|3942|2870
12|952|19208445|3782|2807
24|952|19139342|4070|3017
9|952|19028400|3722|2644
14|952|19055469|3534|2490
16|952|19137359|4177|3145
15|952|18837680|3141|2134
19|952|19001321|3997|2894
30|952|18950957|3199|2124
1|952|19128075|3703|2506
4|952|19236278|4131|3120
0|952|19228487|3963|2841
5|952|18934849|3805|2577
6|952|19290179|3220|2258
20|952|18983138|3531|2378
17|952|19094303|4376|3287
21|952|18921124|3862|2801
13|952|19261393|3815|2833
18|952|18912875|3398|2539
23|952|18883378|4101|2922
29|952|18830294|3985|2826
28|952|18907003|4197|3116
25|952|18959067|3642|2481
26|952|18976820|4306|3152
8|952|19315953|3821|2753
31|952|18876258|2945|1952
22|952|19096462|4035|2946
27|952|19067690|3915|2639
2|952|19150846|3904|2771
7|952|19307955|2956|1926
11|952|19308671|4058|2981
3|953|15487278|3155|2381
11|953|15048709|3264|2291
0|953|15360586|3276|2241
15|953|15446597|2643|1851
8|953|15129221|3167|2227
5|953|15323186|2880|2099
10|953|15535291|3289|2405
6|953|15310703|2715|1920
9|953|15467171|3125|2287
1|953|15357786|3235|2391
12|953|15513647|3268|2331
17|953|15290934|3267|2432
7|953|15254327|2639|1728
14|953|15464948|3347|2472
13|953|15263855|3340|2438
18|953|15252867|3195|2466
19|953|15428095|3617|2668
16|953|15457264|3252|2393
22|953|15128226|3595|2780
24|953|15499198|3604|2632
23|953|15239123|3406|2502
4|953|15343375|3443|2589
20|953|15321834|2927|2036
26|953|15185634|3313|2275
25|953|15203621|2948|2137
2|953|15065545|3138|2176
28|953|15224613|3354|2349
29|953|15238242|3311|2381
30|953|15438319|2724|1981
27|953|15137264|3105|2198
31|953|15171876|2771|1949
21|953|15275638|2992|2112
4|954|17773267|3963|2783
6|954|18014908|3358|2348
22|954|17883710|4004|2905
3|954|18122393|4003|2869
30|954|17738166|3306|2251
8|954|18135714|4213|3016
9|954|18004255|3857|2759
12|954|17971301|3881|2729
14|954|17932723|3834|2695
0|954|18089454|4175|2966
11|954|18134817|3987|2850
10|954|18048657|3956|2859
16|954|17870685|4060|3047
13|954|17929265|3741|2590
15|954|18111153|3488|2325
17|954|17978919|4057|2879
21|954|17661310|3938|2666
24|954|17870695|4377|3175
23|954|17856851|4012|3011
29|954|17743733|4112|3069
20|954|17819329|3630|2394
19|954|17919545|4145|2986
18|954|17937157|3710|2680
26|954|17808617|4030|2868
1|954|17977478|4152|2918
2|954|17737350|3977|2932
27|954|17729902|4012|2840
28|954|17784894|4133|3049
5|954|18045368|3772|2680
25|954|17834284|3568|2401
7|954|18071177|3193|2104
31|954|17881378|3304|2154
3|955|20273598|4304|3007
17|955|20107911|4140|2874
1|955|19932023|4048|2791
15|955|20171467|3792|2581
2|955|19919139|4070|2847
13|955|20119999|4001|2810
8|955|20273596|4048|2845
4|955|20348048|4258|3109
6|955|20316994|3584|2374
25|955|19885878|4265|2800
16|955|20157462|4410|3162
12|955|20238423|4056|2909
9|955|20267401|4517|3286
21|955|20088963|4088|2774
19|955|20017520|4431|3140
28|955|19927040|4512|3359
0|955|20172401|4230|2952
29|955|20051707|4813|3601
18|955|20003644|4210|3100
23|955|20069856|4603|3348
26|955|19991049|4454|3276
14|955|20236438|4680|3469
7|955|19880880|3248|2139
20|955|20041042|3724|2409
22|955|20332594|4646|3416
11|955|20209091|3861|2670
27|955|19953618|4177|2971
10|955|20197059|4245|3092
24|955|20095556|4638|3479
30|955|20348563|3602|2543
5|955|19876862|4060|2736
31|955|19941233|3426|2247
3|956|20847803|4516|3191
18|956|20570914|4198|2918
22|956|20473250|4600|3129
0|956|20568895|4359|3136
2|956|20772769|4180|2866
7|956|20602173|3463|2221
1|956|20819695|4657|3357
8|956|20741384|4220|2842
4|956|20728448|4576|3242
14|956|20494327|4213|2852
11|956|20435508|4510|3247
24|956|20390462|4591|3321
19|956|20632524|4515|3168
6|956|20734506|3813|2544
21|956|20651600|4040|2763
13|956|20786311|4224|3009
23|956|20549247|4421|3056
16|956|20703654|4680|3433
26|956|20536094|4754|3405
29|956|20590264|4498|3101
27|956|20436497|4156|2787
17|956|20876206|4728|3333
25|956|20720856|4370|2973
20|956|20497290|3871|2546
15|956|20834752|3774|2481
10|956|20381037|4431|3031
28|956|20635871|4593|3300
12|956|20717275|4198|2974
5|956|20335120|4221|2803
30|956|20422004|3578|2358
31|956|20398904|3671|2375
9|956|20639565|4496|3162
1|957|19725125|3790|2578
3|957|19864747|4424|3149
27|957|19550928|4297|3040
2|957|19769914|4326|3027
12|957|19398777|4397|3107
25|957|19576607|4215|2834
14|957|19691638|4603|3250
9|957|19331799|4604|3239
11|957|19674217|3993|2657
8|957|19717890|4640|3253
31|957|19527358|3431|2210
0|957|19804029|4683|3372
19|957|19648472|4521|3125
5|957|19390182|4278|2840
6|957|19874948|3784|2517
18|957|19870560|4397|3077
10|957|19428812|4267|2935
24|957|19673128|4440|3102
23|957|19594205|4631|3258
22|957|19843633|4425|3133
21|957|19628755|4358|3008
15|957|19469553|3720|2485
28|957|19444974|4305|2946
29|957|19561400|4554|3230
20|957|19491090|3561|2290
26|957|19581408|4689|3221
4|957|19706365|4342|2998
30|957|19415350|3543|2355
13|957|19596092|4585|3288
17|957|19510005|4434|3170
16|957|19571675|4539|3342
7|957|20112009|3624|2370
1|958|21994386|4053|2874
5|958|21765342|3822|2599
21|958|21686969|4021|2709
27|958|22006980|3957|2740
20|958|21648639|3360|2291
30|958|21616875|3612|2326
31|958|21919053|3218|2105
14|958|21884498|4181|3069
9|958|21866782|3866|2643
16|958|21480094|4078|2998
2|958|21946601|3947|2700
11|958|21835291|3902|2700
8|958|21839052|3946|2800
13|958|21518112|3811|2605
24|958|21723073|4196|2897
22|958|21694234|3955|2866
23|958|21710979|4256|2943
12|958|21942773|3887|2572
17|958|21509315|4053|2799
19|958|21810653|3435|2309
26|958|21592775|3940|2806
28|958|21653540|4030|2860
4|958|21539877|3845|2714
7|958|21492917|3357|2149
25|958|21949789|3895|2651
15|958|21683957|3641|2343
6|958|21804555|3402|2271
29|958|21658840|3867|2611
0|958|21792071|3950|2662
3|958|21970871|4147|2918
10|958|21723899|4007|2778
18|958|21743197|3789|2577
2|959|20424848|4451|3115
19|959|20319896|4925|3402
25|959|20265506|4255|2793
31|959|20555210|3910|2539
29|959|20234902|4405|2926
11|959|20420277|4603|3150
10|959|20116373|4522|3054
8|959|20402875|4545|3058
9|959|20471353|4663|3151
5|959|20574554|4350|2896
12|959|20340442|4178|2865
13|959|20403246|4310|2874
14|959|20495795|4502|2997
16|959|20475458|4387|2982
6|959|20198932|3792|2422
7|959|20499387|3771|2323
20|959|20546645|3723|2534
23|959|20372871|4882|3442
22|959|20389053|4735|3373
21|959|20582465|4433|2974
26|959|20314991|4739|3336
17|959|20347986|4459|3028
18|959|20136300|4338|2939
24|959|20410657|4241|2826
0|959|20134660|4465|3134
28|959|20321520|4823|3505
27|959|20598811|4365|2819
30|959|20573259|4006|2539
3|959|20121389|4498|3004
15|959|20267051|3541|2196
1|959|20596771|4613|3128
4|959|20239096|4229|2790
1|960|18209134|4072|2850
12|960|18553794|3829|2574
23|960|18460702|4516|3321
26|960|18438047|4224|3141
18|960|18417879|3807|2580
0|960|18312328|4147|2889
11|960|18644349|4142|2840
31|960|18791276|3468|2327
8|960|18616385|4131|2876
14|960|18515958|4194|2803
24|960|18355912|3983|2800
17|960|18392172|4558|3184
21|960|18426077|3909|2564
13|960|18541809|4030|2826
27|960|18321136|3935|2633
16|960|18513029|4340|3192
6|960|18500219|3452|2322
5|960|18600287|4020|2772
19|960|18730682|4471|3155
22|960|18453867|4541|3252
3|960|18247116|4105|2850
7|960|18803106|3379|2105
25|960|18725172|4005|2780
28|960|18356707|4292|3048
15|960|18289698|3479|2242
4|960|18198704|3819|2538
30|960|18339232|3730|2449
29|960|18722309|4423|3275
9|960|18590916|4139|2847
20|960|18543359|3545|2281
2|960|18734842|4048|2868
10|960|18663640|4417|3157
3|961|19103287|3996|2851
26|961|19452365|4118|2914
0|961|19347768|4094|3103
9|961|18983704|3995|2808
12|961|19424726|4001|2949
8|961|19308546|4131|3023
10|961|18943129|4213|3096
11|961|19342721|3973|2914
2|961|18958847|3745|2646
7|961|19319055|3545|2336
14|961|19300451|4192|3017
5|961|19172259|3906|2764
4|961|19050662|4119|3170
17|961|19272495|4014|2911
18|961|19380329|3706|2656
16|961|19212669|3915|2893
6|961|19198855|3451|2371
19|961|19167021|4372|3282
22|961|19157829|4058|2975
15|961|19082491|3472|2377
23|961|19435260|4084|3044
24|961|19318035|3805|2634
29|961|19050402|4202|3059
28|961|19124878|4090|3005
27|961|19262520|3776|2700
20|961|19025857|3604|2433
1|961|19446653|4017|2869
21|961|19306469|3809|2607
30|961|19086489|3630|2412
25|961|19158373|3871|2788
31|961|19398017|3339|2327
13|961|19234558|3343|2381
1|962|19725810|4253|2974
3|962|20185085|4432|3063
22|962|19906313|4573|3248
29|962|19874137|4576|3133
25|962|19779961|4173|2963
0|962|20134957|4003|2706
31|962|19786658|3558|2287
10|962|20062592|4446|3053
12|962|20098408|4195|2823
5|962|19974048|4138|2727
11|962|20051378|4362|2990
2|962|20036870|3937|2660
13|962|19666700|4345|2933
14|962|20015478|4835|3487
17|962|19973250|4839|3503
19|962|19911847|4378|2947
23|962|19874072|4673|3211
16|962|19949227|4477|3159
18|962|19971787|4138|2805
8|962|20068025|4345|2987
24|962|19873817|4599|3155
26|962|20202582|4530|3237
6|962|19955665|3822|2432
28|962|19855688|4373|2994
27|962|19850243|4143|2856
9|962|20104768|4265|2918
15|962|19932434|3819|2425
21|962|19805006|4159|2715
4|962|19962106|4411|2929
20|962|19874571|3680|2362
7|962|20149426|3866|2437
30|962|19853427|3685|2331
0|963|19752889|4608|3192
7|963|19399160|3926|2463
22|963|19876886|4810|3476
30|963|19430755|3762|2502
16|963|19662643|4960|3601
31|963|19855612|3748|2534
10|963|19757630|4458|3072
11|963|19722162|4456|3033
6|963|19522585|3717|2414
4|963|19430997|4378|3042
13|963|19689460|4453|3017
17|963|19660066|4754|3451
3|963|19838587|4419|3110
14|963|19681140|4820|3458
24|963|19567787|4725|3353
21|963|19460707|4278|2935
23|963|19639521|4835|3453
19|963|19659302|4728|3473
2|963|19732732|4523|3327
18|963|19616503|3996|2788
28|963|19538434|4156|2864
27|963|19528579|4272|3057
26|963|19576868|4544|3320
8|963|19556126|4306|3015
29|963|19872148|4784|3603
5|963|19724469|4482|3121
25|963|19858583|4322|2921
20|963|19464404|3609|2411
15|963|19518429|3546|2259
12|963|19817451|4260|2907
9|963|19461481|4748|3333
1|963|19893752|4286|2883
0|964|21052208|4580|3246
23|964|20797532|4525|3213
1|964|20521195|4196|2729
3|964|20827067|4197|2784
31|964|21080851|3862|2417
9|964|20543027|4673|3272
10|964|20956091|4441|3082
14|964|20824622|4654|3243
2|964|20744278|4398|3034
12|964|20565592|4059|2660
6|964|20903875|3693|2352
13|964|20882925|4304|2831
11|964|20939690|4376|2860
8|964|20660793|4496|3070
7|964|21047423|3986|2444
21|964|20806273|4173|2743
22|964|21040399|4583|3264
17|964|20874831|4637|3233
24|964|20827059|4805|3424
19|964|20779602|4613|3115
16|964|21018747|4689|3195
15|964|20595085|3813|2421
20|964|20615571|3638|2321
18|964|20739516|4067|2619
26|964|20708130|4417|3205
5|964|20617806|4341|2852
28|964|20738481|4404|3064
25|964|20649401|4286|3055
30|964|21046027|3828|2561
27|964|20733214|4159|2794
29|964|20686193|4134|2784
4|964|20878503|4561|3246
3|965|20984900|4532|3229
21|965|20823541|4539|3272
23|965|21074864|4883|3599
27|965|20628408|4359|3205
7|965|20814073|3855|2504
5|965|20633475|4723|3418
10|965|20944143|4598|3276
8|965|20834731|4579|3295
13|965|20868177|4609|3213
4|965|20541372|4494|3131
1|965|21024284|4486|3240
9|965|20984009|4984|3742
6|965|20888989|3808|2603
15|965|20714792|3864|2634
12|965|20908494|4450|3138
20|965|20702795|3943|2732
0|965|21056320|4762|3464
19|965|20765463|4771|3531
11|965|20877672|4406|3230
22|965|20815036|5047|3698
16|965|20756381|4597|3306
28|965|20656919|3849|2501
2|965|20901832|4456|3148
29|965|20588343|4498|3236
18|965|20707258|4311|3165
25|965|20646086|4095|2866
17|965|20810492|4725|3487
24|965|20797564|4668|3377
26|965|20703126|4953|3544
31|965|21041500|3528|2423
14|965|20924950|5017|3778
30|965|20692697|3886|2595
2|966|18703763|3980|2967
9|966|18902089|4750|3691
25|966|18709468|4103|2961
5|966|18980233|4189|3108
0|966|18804390|4145|3012
11|966|18775699|4135|3199
21|966|19083362|3894|2664
8|966|18957000|3793|2808
10|966|18977879|4329|3169
1|966|18916634|4314|3253
22|966|18766490|4123|2985
19|966|18802010|4089|3137
13|966|18949446|4023|2951
6|966|18889640|3457|2463
14|966|18594399|4482|3319
24|966|18655432|4504|3460
31|966|18876306|3505|2349
12|966|18870232|3726|2597
18|966|18706676|3892|2695
16|966|18767897|4077|2965
3|966|19081230|4464|3287
28|966|18754924|4282|3102
15|966|18891669|3452|2457
26|966|18650159|4288|3197
17|966|18691062|4376|3166
27|966|19069923|3907|2870
29|966|18745623|4317|3207
4|966|18912288|4062|3037
30|966|18638193|3499|2324
7|966|19111991|3752|2454
20|966|18943923|3342|2292
23|966|19075547|4705|3584
2|967|21866474|4606|3175
12|967|21611633|4853|3339
30|967|21438186|4120|2742
23|967|21427515|5550|4011
5|967|21820627|5023|3646
3|967|21542294|4927|3485
4|967|21429351|4696|3249
6|967|21647352|3821|2447
9|967|21857453|5111|3604
21|967|21763892|4667|3130
22|967|21699108|4905|3482
17|967|21482013|4980|3571
19|967|21688673|4710|3183
14|967|21642963|4580|3028
13|967|21672669|4543|3034
15|967|21517942|4240|2806
26|967|21503291|4803|3258
18|967|21592607|4464|3079
7|967|21415093|3855|2422
0|967|21812123|4569|3050
20|967|21404164|4085|2587
27|967|21482975|4470|3019
16|967|21580777|5061|3673
1|967|21695483|4755|3289
10|967|21718550|4754|3210
8|967|21774686|4631|3163
25|967|21874101|4582|3053
28|967|21563612|4528|3087
29|967|21486433|5123|3557
31|967|21654216|3916|2474
24|967|21664183|5161|3775
11|967|21769865|4422|3164
2|968|20759051|4331|2987
5|968|20710780|4410|3055
25|968|20320868|4081|2689
21|968|20630911|4696|3283
11|968|20204621|4227|2823
13|968|20506699|4355|3002
14|968|20526895|4453|2984
10|968|20330341|4257|3022
24|968|20234019|4081|2745
23|968|20739898|4852|3491
12|968|20776931|4286|2916
19|968|20554716|4386|3169
22|968|20589785|4777|3532
18|968|20466195|3957|2654
17|968|20576350|4445|3139
0|968|20402309|4382|3027
8|968|20324227|4339|3032
3|968|20686036|4700|3357
26|968|20495782|4561|3164
16|968|20384889|4011|2800
9|968|20643271|5052|3730
29|968|20294081|4536|3260
15|968|20523820|3837|2452
27|968|20411144|4058|2634
6|968|20660112|3790|2442
4|968|20637751|4390|3119
1|968|20336015|4402|3009
28|968|20327752|4377|3203
7|968|20546595|3653|2365
30|968|20879611|3728|2415
31|968|20390517|3601|2255
20|968|20544798|3706|2429
1|969|17150293|3900|2712
3|969|17313444|3785|2710
9|969|17290304|3968|2853
23|969|17501783|4291|3115
5|969|17591885|3452|2456
27|969|17300992|3564|2553
10|969|17494846|3729|2676
6|969|17326452|3110|2237
14|969|17522321|4167|2949
13|969|17551010|3623|2529
0|969|17345486|3221|2252
7|969|17326410|2993|1943
12|969|17463507|3527|2417
21|969|17587203|4011|2856
30|969|17358085|3224|2104
16|969|17322709|3751|2546
19|969|17470542|4108|3121
18|969|17442340|3709|2457
4|969|17180057|4015|2766
26|969|17372954|3949|2774
22|969|17473746|4180|3131
31|969|17446829|2837|1831
28|969|17228487|3889|2663
25|969|17657474|3763|2603
11|969|17554804|3732|2666
24|969|17557632|4082|2944
15|969|17334243|3254|2192
8|969|17361259|3580|2593
2|969|17626117|3726|2641
20|969|17332598|3172|2052
17|969|17402498|3968|2842
29|969|17327448|3875|2712
2|970|23333209|3537|2502
4|970|23517357|3702|2568
15|970|23414787|3260|2182
20|970|23388348|3128|2046
3|970|23798124|3884|2741
29|970|23389006|3907|2961
28|970|23548462|3797|2801
14|970|23687276|3859|2711
5|970|23738629|3576|2445
6|970|23829694|2975|2063
12|970|23621904|3676|2581
8|970|23388597|3650|2543
16|970|23576316|3485|2446
22|970|23500413|3814|2735
18|970|23554718|3612|2466
9|970|23806481|4134|3010
0|970|23636642|3790|2700
25|970|23471440|3558|2479
13|970|23691874|3824|2708
23|970|23802369|3863|2757
21|970|23624446|3682|2589
27|970|23765334|3495|2409
17|970|23369374|3924|2783
26|970|23547015|3843|2687
24|970|23464112|3951|2919
1|970|23830229|4060|3006
7|970|23626936|3106|2102
11|970|23517937|3742|2671
19|970|23554108|3661|2603
30|970|23665850|3083|2135
31|970|23597125|3095|1908
10|970|23723152|3755|2615
0|971|23718483|5096|3664
13|971|23721640|4707|3501
17|971|23666342|5109|3789
30|971|23575099|3963|2744
10|971|23485952|4819|3305
18|971|23864461|4852|3510
11|971|23561587|4653|3324
12|971|23836154|4577|3281
4|971|23977353|4973|3567
9|971|23758837|5424|4009
14|971|23890996|4935|3563
3|971|23939765|5344|3987
6|971|23858880|4072|2831
15|971|23959965|4219|3015
16|971|23820804|4959|3535
1|971|23580480|4810|3402
19|971|23569653|5066|3683
20|971|23969322|4247|2902
26|971|23660641|4960|3629
5|971|23845570|3882|2556
24|971|23644438|4862|3616
23|971|23726096|5156|3903
21|971|23710750|5116|3676
25|971|23764193|4747|3380
22|971|23832273|4841|3430
27|971|23701684|4478|3141
31|971|23552291|3950|2622
29|971|23961308|5399|4168
2|971|23992667|5202|3847
28|971|23959858|4940|3818
8|971|23819769|4655|3267
7|971|23691571|4052|2661
1|972|22590922|4639|3268
14|972|22705258|5177|3678
20|972|22615069|3985|2684
6|972|22703723|3643|2489
0|972|22859078|4743|3337
4|972|22709952|4495|3135
11|972|22750372|4737|3367
12|972|22736189|4571|3201
9|972|22702644|5266|3861
3|972|22680554|4696|3401
13|972|22874311|4883|3518
18|972|22799829|4463|3129
5|972|22527545|4551|3225
16|972|22641129|4851|3432
24|972|22542148|4750|3531
15|972|22657532|4048|2789
22|972|22483178|4663|3269
26|972|22584993|4815|3344
7|972|22640080|3779|2400
21|972|22521088|4892|3483
17|972|22868056|4996|3554
31|972|22460161|4067|2672
29|972|22444822|4513|3203
10|972|22844779|4924|3272
28|972|22416725|4860|3590
30|972|22861521|3763|2652
8|972|22342823|4614|3178
27|972|22490238|4501|3104
23|972|22559197|5208|3880
25|972|22533008|4480|3085
2|972|22372048|4484|3050
19|972|22615346|5394|3977
4|973|21104143|4661|3561
16|973|20996675|4768|3524
30|973|20832177|3478|2369
2|973|20687902|4255|3133
9|973|21056959|4544|3225
7|973|21018759|3632|2453
10|973|20825149|4465|3227
31|973|20991046|3533|2359
8|973|20773484|4145|3017
13|973|21032837|4289|3222
3|973|21046501|4605|3464
17|973|20882891|4531|3350
12|973|21084130|4379|3230
14|973|21200776|4500|3339
1|973|21205492|4430|3233
24|973|20991286|4454|3284
20|973|21202978|3783|2604
22|973|20967620|4557|3413
23|973|20761452|4891|3658
19|973|20711243|4874|3775
18|973|21049214|4098|3021
21|973|20927319|4746|3530
28|973|20846156|4590|3478
27|973|20797215|4175|3064
26|973|20969251|4550|3336
25|973|20760564|4145|2945
0|973|21121009|4405|3042
29|973|20902418|4696|3492
15|973|21022031|3968|2697
11|973|21174297|4385|3204
5|973|20999485|4515|3413
6|973|21169478|3446|2414
0|974|22851050|4376|3074
26|974|22920479|4707|3330
4|974|23301066|4617|3248
30|974|23335080|3993|2697
16|974|23283354|4797|3419
13|974|23133238|4360|3012
6|974|22900877|3766|2385
9|974|23217295|4560|3209
14|974|23072086|4888|3601
11|974|22803630|4262|2902
17|974|23111469|5050|3770
18|974|22968696|4714|3325
2|974|23236309|4369|3067
19|974|22980984|4810|3396
12|974|23100720|4527|3109
22|974|23017984|4689|3300
23|974|23001842|5088|3772
10|974|23186909|4843|3516
8|974|23148014|4544|3244
21|974|22962227|4522|3133
24|974|23054783|4668|3260
7|974|23225429|3799|2557
25|974|22907231|4481|3048
3|974|23106883|4845|3514
31|974|23607625|3731|2408
28|974|22962529|4522|3206
29|974|22904438|4742|3345
1|974|23050310|4710|3298
20|974|23093994|3974|2578
5|974|22792077|4673|3284
15|974|23197550|3813|2398
27|974|22945776|4423|2993
8|975|21012816|4247|3020
14|975|21217349|4657|3302
27|975|20850744|4629|3389
5|975|20840130|4727|3415
13|975|21248582|4307|2944
12|975|21094470|4306|2928
6|975|21241851|3907|2559
4|975|21309333|4422|3120
0|975|21357825|4651|3340
2|975|21137434|4279|3089
3|975|20942482|4433|3046
19|975|21123758|4592|3274
7|975|20995120|3743|2563
1|975|20869908|4383|3130
10|975|21067054|4819|3444
9|975|21240693|4700|3336
15|975|20838067|3725|2522
25|975|20982864|3949|2625
18|975|21167564|4469|3143
24|975|21018699|4590|3282
16|975|21292679|4731|3318
17|975|21191734|4550|3239
26|975|21355506|4498|3160
21|975|21041885|4389|3130
22|975|21112532|4678|3204
23|975|21100806|4776|3399
20|975|20895642|4084|2667
11|975|21169597|4421|3020
30|975|21329259|3843|2589
28|975|20966119|4462|3152
31|975|20991869|3759|2457
29|975|20962948|4497|3374
5|976|20309786|4438|3062
11|976|19929006|4348|3005
0|976|20225709|4237|3053
28|976|19929384|4476|3233
4|976|20244195|3903|2529
2|976|20210999|3995|2733
8|976|20405650|4342|2991
14|976|20377018|4549|3170
1|976|20145509|4627|3256
13|976|20301783|4199|2928
17|976|20034561|4604|3294
19|976|20194578|4657|3242
12|976|20293011|4049|2727
3|976|20191751|4560|3263
9|976|20136503|4715|3346
16|976|20062298|4602|3176
21|976|20017670|4294|2883
7|976|20190810|3686|2366
22|976|20002736|4778|3471
24|976|20080479|4634|3337
23|976|19990415|4406|3020
18|976|20098652|4387|3086
6|976|20289502|3808|2542
20|976|19978584|3497|2215
15|976|20136542|3884|2562
25|976|20121413|4106|2825
26|976|20046236|4403|2959
27|976|20383698|4683|3308
29|976|19887892|4528|3158
10|976|20134585|4577|3218
30|976|19961996|3709|2511
31|976|19929180|3532|2265
3|977|19685423|4506|3183
13|977|19780453|4247|3026
24|977|19631650|4451|3243
31|977|19447057|3395|2340
7|977|19706905|3685|2478
9|977|19683125|4884|3639
6|977|19556499|3572|2427
10|977|19436306|4678|3397
21|977|19658394|4320|2929
18|977|19582422|4350|3041
2|977|19852383|4312|3114
17|977|19755908|4618|3158
8|977|19834521|4082|2869
12|977|19730599|4113|2842
22|977|19640635|4572|3259
14|977|19817368|4793|3513
0|977|19881375|4318|3023
23|977|19615479|4493|3211
26|977|19509930|4451|3204
28|977|19894064|4490|3150
16|977|19694923|4733|3480
4|977|19881536|4293|2988
19|977|19761370|4638|3345
29|977|19477184|4609|3334
25|977|19535406|4080|2857
1|977|19770929|4551|3262
20|977|19570434|3616|2477
27|977|19500796|4409|3114
15|977|19557972|3948|2672
30|977|19446555|3706|2502
5|977|19932568|4202|2974
11|977|19925768|4201|3043
1|978|20014120|3680|2581
9|978|20371179|4691|3457
14|978|20231455|4464|3322
0|978|20167547|3986|2853
28|978|20220552|4263|3180
4|978|20099053|3804|2669
6|978|20349438|3716|2564
11|978|19923488|3684|2607
10|978|20330432|4138|3118
3|978|20427196|4339|3141
16|978|20130748|4433|3219
15|978|19991429|3532|2457
17|978|20283093|4104|2981
13|978|20456082|4252|3103
8|978|20268588|4090|2847
18|978|20317692|4397|3283
20|978|20037066|3488|2415
22|978|20242394|4523|3358
21|978|20338111|4214|2938
24|978|20446896|4962|3829
19|978|20124940|4358|3072
26|978|20192328|4538|3417
23|978|20210662|4606|3408
5|978|19922142|4406|3261
30|978|20020465|3648|2384
12|978|20295231|4528|3344
31|978|20460858|3434|2311
29|978|20139417|4631|3502
27|978|20070794|4480|3303
25|978|20135544|4338|3179
2|978|20267867|4349|3102
7|978|20506300|3510|2333
5|979|19935857|4382|3101
4|979|20267520|4012|2649
26|979|20014860|4481|3173
29|979|19910191|4474|3176
28|979|20332852|4362|3133
25|979|19904195|4019|2703
9|979|20363923|4755|3530
12|979|19915872|4143|2962
11|979|20235249|4393|3106
13|979|20133308|4007|2758
14|979|20360000|4565|3228
8|979|20101623|4305|2895
3|979|20190939|4581|3260
19|979|20016293|4746|3380
18|979|20104974|4204|2934
6|979|20267517|3844|2522
22|979|20078595|4151|2991
24|979|20041521|4734|3481
21|979|20061250|4430|3152
23|979|19997979|4640|3458
16|979|20212834|4492|3287
0|979|20303549|4386|3144
17|979|20184747|4527|3205
15|979|20203982|3858|2637
2|979|19820429|4508|3153
20|979|20118791|3899|2531
7|979|19855717|3669|2440
27|979|19911024|4352|3043
10|979|20213003|4508|3132
1|979|20388550|4324|3077
30|979|19997802|3712|2449
31|979|19962652|3603|2340
10|980|17028391|3666|2559
12|980|17380424|3764|2649
19|980|17319229|3963|2921
18|980|17330468|3833|2661
29|980|17568059|4190|3073
1|980|17011526|3464|2441
0|980|17155580|3382|2465
9|980|17406380|4149|3071
13|980|17357785|3524|2385
2|980|17106893|3826|2836
6|980|17262192|3123|2145
15|980|17142825|3196|2158
21|980|17230720|3664|2491
11|980|17395335|3851|2742
3|980|17331478|3993|2859
16|980|17201341|3626|2551
26|980|17518722|4002|2827
25|980|17470911|3682|2624
24|980|17260282|4059|2892
27|980|17093645|3602|2443
23|980|17227289|3824|2637
8|980|17312148|3566|2597
28|980|17513850|3857|2780
22|980|17287875|3998|2833
17|980|17187511|3932|2800
31|980|17043916|3017|1974
5|980|17508058|3998|2838
14|980|17405733|3886|2674
30|980|17076300|3186|2082
4|980|17490801|3443|2331
20|980|17208732|3057|2071
7|980|17234250|3017|2042
1|981|19095760|4013|2797
4|981|18717495|3834|2601
5|981|18755373|3989|2727
18|981|19192319|3976|2821
26|981|18990001|3817|2783
30|981|18820295|3230|2225
0|981|19093151|3915|2675
31|981|18913482|3395|2173
13|981|19075380|3813|2605
10|981|19231161|3926|2773
14|981|18775146|4013|2809
9|981|19102283|3970|2752
11|981|19015546|3543|2452
6|981|19063331|3290|2203
16|981|18982107|4053|2846
19|981|19210041|4106|2774
23|981|18916905|3741|2573
3|981|18960481|3943|2810
21|981|19049176|3690|2538
15|981|19070789|3390|2371
28|981|18894064|3559|2512
2|981|19049959|3811|2688
29|981|19195340|4226|3101
27|981|18949206|3848|2737
24|981|18966150|3998|2802
22|981|18891128|4102|2790
17|981|18879729|3906|2696
8|981|18858657|3743|2565
20|981|18787496|3374|2252
12|981|19206042|3935|2783
25|981|19047216|3590|2454
7|981|18946164|3227|2124
1|982|17227358|4301|3054
8|982|16784147|3683|2564
2|982|16881042|3688|2661
5|982|17199155|4049|2930
19|982|17023029|4025|2950
29|982|16934130|3771|2538
14|982|17062737|4137|2953
9|982|17051049|4017|2851
6|982|17009208|3305|2165
11|982|17034683|3602|2525
3|982|16932961|3879|2735
18|982|17203089|3501|2451
10|982|17098253|4341|3165
20|982|16796938|3184|2105
12|982|16795076|3560|2488
21|982|16973668|3712|2509
13|982|17132475|3689|2512
16|982|17031319|3991|2788
22|982|16871853|4141|2831
15|982|16960983|3431|2187
0|982|17107433|3824|2601
17|982|16860958|4087|2884
24|982|16894175|4128|3010
30|982|17200238|3332|2263
28|982|16957227|3864|2827
7|982|16790318|3279|2129
23|982|17025041|4117|2976
26|982|17228149|4295|3156
31|982|17183607|3098|2009
4|982|17217829|4088|2985
27|982|16938736|3834|2748
25|982|16847842|3695|2442
1|983|17691937|3974|2787
11|983|17548597|3616|2588
2|983|17684543|3707|2625
8|983|17734749|3695|2481
29|983|17667941|3844|2827
16|983|17481840|3742|2787
3|983|17542736|3527|2442
9|983|17605457|4352|3274
5|983|17647801|3984|2884
0|983|17404374|3575|2394
23|983|17310867|4292|3101
18|983|17550078|3757|2732
10|983|17535942|3500|2511
13|983|17472147|3796|2708
14|983|17642201|3989|2869
20|983|17527082|3405|2240
7|983|17341262|3001|2046
22|983|17454193|3978|2813
15|983|17440867|3501|2350
25|983|17248714|3744|2551
17|983|17367105|3928|2809
31|983|17291580|2968|2033
24|983|17393970|4072|3030
21|983|17500274|3807|2789
6|983|17623493|3416|2320
12|983|17527107|4017|2966
4|983|17236144|4049|2948
26|983|17328300|4086|2931
28|983|17377311|3836|2704
27|983|17279216|3828|2657
19|983|17635650|3896|2679
30|983|17401989|3361|2304
1|984|23527590|5077|3572
8|984|23494421|4829|3314
15|984|23248592|4074|2643
28|984|23127297|4685|3200
13|984|23302598|4573|3053
10|984|23323463|5020|3603
9|984|23409274|5391|3973
0|984|23380303|4905|3408
11|984|23515444|4754|3248
14|984|23304320|5109|3532
17|984|23219135|5153|3514
5|984|23388710|5114|3513
4|984|23120519|5368|3847
12|984|23148015|4866|3370
23|984|23387629|5361|3850
21|984|23182854|4829|3385
2|984|23525704|4322|2836
22|984|23280328|4902|3357
20|984|23291489|4197|2751
6|984|23173435|4224|2782
24|984|23211578|4957|3557
27|984|23102501|4808|3297
30|984|23072779|4065|2608
18|984|23387997|4606|3185
19|984|23092083|5110|3539
16|984|23494949|5532|4022
29|984|23524596|4647|3244
25|984|23260826|4763|3342
3|984|23419405|4822|3327
26|984|23149276|5007|3532
7|984|23382915|4105|2706
31|984|23310291|4015|2679
1|985|27353332|5297|3771
3|985|26861647|5488|3795
21|985|27140305|5443|3741
25|985|26935548|5159|3471
30|985|27048766|4725|3217
8|985|27378638|5459|3985
5|985|27137594|5508|3943
12|985|27144576|5230|3579
18|985|26965074|5716|4171
16|985|26930884|5715|4092
9|985|27264571|5999|4362
13|985|27299181|5395|3861
19|985|26951663|6125|4500
17|985|27201992|5826|4381
15|985|27359716|4817|3294
22|985|27091007|5597|4004
20|985|27076716|4760|3092
23|985|27144084|5807|4208
4|985|27124315|5589|4170
24|985|27064573|5408|3752
27|985|27052139|6108|4503
26|985|26887398|5769|4205
2|985|27137110|5367|3766
10|985|27263802|5861|4150
29|985|26958774|5706|4233
28|985|27377915|5722|4127
0|985|27232519|5550|3925
31|985|26862080|4560|2933
6|985|27162296|4197|2707
7|985|26902759|4602|3081
11|985|27357375|5609|4125
14|985|29124739|6110|4554
1|986|25503527|4843|3090
0|986|25089374|5015|3469
26|986|25204712|5161|3443
10|986|25116321|5508|3746
4|986|25201328|5246|3642
9|986|25331922|5246|3545
11|986|24981014|4752|3071
2|986|25144692|4990|3395
14|986|23597522|5088|3355
7|986|24999027|4221|2645
8|986|25425144|5019|3320
15|986|25281187|4269|2757
5|986|25382171|5095|3337
19|986|25321850|5619|4068
16|986|25369702|5087|3367
22|986|25276793|5170|3443
21|986|25504204|5038|3278
24|986|25214954|5207|3525
13|986|25346785|4761|3073
20|986|25271485|4383|2719
12|986|25415629|5476|3670
18|986|25399695|4958|3216
30|986|25462796|4519|2888
23|986|25261349|5128|3441
17|986|25325823|4848|3161
28|986|25141895|5217|3641
29|986|25159209|5041|3299
3|986|25482473|5156|3611
31|986|25104134|3723|2361
25|986|25505808|5086|3343
27|986|25240421|5638|4009
6|986|25153140|4190|2614
11|987|31620986|6229|4267
17|987|31318397|5994|4054
28|987|31318614|5739|3954
30|987|31368337|4952|3138
19|987|31520519|6338|4337
15|987|31559437|4733|2991
6|987|31276725|4758|2952
7|987|31597680|4846|3023
20|987|31408447|4695|2934
27|987|31206174|5687|3778
3|987|31268965|6063|4026
24|987|31464316|6242|4295
5|987|31525165|6100|4133
12|987|31401150|5845|3930
4|987|31702970|5789|3793
16|987|31526368|5915|3985
22|987|31511376|6088|4154
31|987|31253153|4549|2835
21|987|31504416|5947|4009
1|987|31796046|6299|4376
10|987|31736920|6717|4653
13|987|31456034|5672|3759
23|987|31354630|6168|4326
2|987|31655327|5754|3809
26|987|31753120|6436|4549
0|987|31772285|5659|3638
14|987|31602705|5843|3873
18|987|31411343|5727|3786
9|987|31656349|6016|4065
29|987|31337627|6232|4284
25|987|31276323|5694|3927
8|987|31580449|5920|4237
9|988|31037458|5795|3913
18|988|31085303|5603|3665
14|988|31077590|5756|3908
25|988|31087839|5839|4119
10|988|31191287|6087|4091
4|988|31293885|5425|3539
16|988|31282659|6192|4368
2|988|31136585|5628|3629
13|988|31180279|5285|3389
3|988|31374822|5870|3929
1|988|31221522|6006|4064
11|988|31558783|5578|3648
23|988|31168446|5682|3690
17|988|31547188|5755|3813
5|988|31348603|5649|3789
22|988|31279848|5757|3768
20|988|31443269|5045|3146
24|988|31372351|5790|3910
26|988|31143571|6156|4170
0|988|31130079|5701|3836
8|988|31026673|5762|3874
12|988|31341949|5430|3509
6|988|31443708|4829|3019
21|988|31258828|5603|3658
27|988|31440454|5891|3989
19|988|31526299|6055|4044
31|988|31286145|4695|2869
30|988|31543842|4982|3098
28|988|31570850|5877|4022
29|988|31080046|6062|4065
7|988|31436552|4804|3011
15|988|31564760|4684|2907
5|989|36515554|6834|4882
28|989|36278468|6266|4358
12|989|36391008|6415|4319
4|989|36695579|6184|4308
15|989|36198795|5295|3386
0|989|36553233|6712|4766
14|989|36758674|6761|4830
3|989|36617593|6391|4405
2|989|36655800|6648|4670
9|989|36811573|7243|5176
17|989|36552887|6921|4850
19|989|36313940|6862|4690
6|989|36388395|5260|3377
29|989|36260015|6733|4619
24|989|36741146|6765|4752
18|989|36789670|6261|4305
1|989|36587150|6855|4877
8|989|36727291|6810|4806
16|989|37004795|6786|4767
7|989|36244769|5473|3560
26|989|36484065|6512|4442
30|989|36308701|5776|3807
20|989|36524920|5821|3765
23|989|36970168|6834|4744
25|989|36908468|6581|4721
31|989|36317344|5107|3241
22|989|36529800|6884|4700
13|989|36655166|6406|4335
21|989|36352340|6623|4643
10|989|37729979|6940|4769
11|989|38578521|6891|4783
27|989|38449406|6875|4844
1|990|40960506|7352|4954
17|990|41085601|7332|4894
16|990|40989487|7467|5035
2|990|41147938|6506|4192
25|990|40917263|7120|4718
8|990|40964387|7304|4907
29|990|41116019|7062|4664
15|990|41186934|5608|3514
23|990|40883646|7657|5229
9|990|41085388|8137|5722
3|990|41147056|7000|4736
11|990|39307597|6756|4486
21|990|40816144|6312|4019
13|990|40829725|6679|4363
20|990|40918875|6180|3859
7|990|40932563|5460|3346
4|990|41237026|6232|4008
12|990|41257741|6687|4407
18|990|41040632|6768|4418
10|990|40304514|7045|4707
30|990|40944987|6097|3849
26|990|40972600|7138|4737
28|990|41303645|7104|4756
0|990|41154792|6821|4489
27|990|39234291|6858|4571
5|990|41346388|7225|4872
14|990|41225769|7183|4883
6|990|41047885|5437|3324
22|990|40829618|7131|4754
31|990|40971917|5506|3367
24|990|42213404|7324|4894
19|990|42543174|7384|4920
3|991|51568239|7506|5048
7|991|51512798|6016|3812
1|991|51804207|7847|5360
23|991|51696900|8288|5815
17|991|51812179|7276|4973
31|991|51329520|6095|3902
0|991|51338761|6946|4644
4|991|51479091|6523|4314
14|991|51296278|7837|5396
22|991|51266528|6867|4600
24|991|50564931|7875|5514
30|991|51419392|6106|3897
27|991|51356131|6447|4230
6|991|51262033|5860|3684
29|991|51703905|6901|4572
19|991|50319060|7928|5512
20|991|51777786|6325|4119
8|991|51729577|7973|5599
16|991|51699912|7420|5182
21|991|51592875|7633|5170
28|991|51427201|7644|5082
26|991|51444747|7560|5076
11|991|51629317|7681|5308
10|991|51410821|7172|4687
15|991|51725096|6046|3882
18|991|51437784|6641|4407
2|991|51687312|7019|4736
9|991|51812680|8139|5699
5|991|51356033|7635|5176
25|991|53724202|7375|4972
12|991|53559662|7517|4963
13|991|54551305|7377|4941
2|992|37405299|6510|4684
23|992|37837180|8077|6147
4|992|37792675|5328|3687
30|992|37766992|5448|3659
5|992|37391549|7012|5125
0|992|37768353|6554|4706
9|992|37420234|6930|4980
14|992|37762246|7208|5479
20|992|37637907|5696|3856
1|992|37854001|7214|5296
19|992|37655487|7547|5629
27|992|37713764|5376|3659
15|992|37506145|5835|4200
25|992|35887778|6914|5124
28|992|37580947|7510|5705
26|992|37561750|6926|5024
24|992|37749937|7515|5716
11|992|37554035|7119|5254
29|992|37683715|6946|4955
6|992|38006062|5881|4124
7|992|37878740|5522|3832
22|992|37773972|6922|5119
31|992|37837449|5673|4039
18|992|37481851|6367|4458
13|992|34867029|6870|4927
17|992|37870352|6696|4797
3|992|37879156|6727|4774
21|992|37726170|6573|4751
12|992|36026290|6590|4688
10|992|37539483|6865|4971
8|992|39280771|6732|4820
16|992|41278242|6832|4890
0|993|20225069|4960|3878
5|993|20275851|4690|3579
1|993|20197367|4810|3630
8|993|18713616|4591|3496
18|993|19960202|4291|3035
16|993|16730058|4044|2984
30|993|20366908|3782|2693
2|993|20350677|4500|3359
7|993|19987739|3684|2592
10|993|19824765|5093|3878
24|993|20109002|5463|4198
21|993|20010784|4797|3541
27|993|20189775|4291|3168
12|993|19871204|5208|3986
3|993|20077580|4988|3802
25|993|20157721|4961|3824
22|993|19987228|5546|4283
20|993|20244952|3720|2655
15|993|20185340|3886|2809
4|993|20317665|4081|2875
17|993|19944111|5036|3823
28|993|20173708|5192|4038
31|993|19994307|3812|2612
6|993|20028625|3636|2640
29|993|20114428|4733|3519
11|993|20132151|4862|3857
9|993|20245084|4952|3715
14|993|20251573|4865|3862
13|993|19934129|4995|3624
19|993|20429560|5377|4097
23|993|21396201|5701|4454
26|993|21814164|5734|4471
2|994|18042214|3808|2703
9|994|17723059|4225|3053
26|994|16468416|4308|3153
20|994|17933453|3325|2199
0|994|18155774|3812|2676
10|994|18020836|3751|2574
4|994|17850961|3518|2322
1|994|18123981|3904|2698
12|994|17957526|3950|2807
11|994|17749342|3624|2451
8|994|18122549|3865|2664
6|994|17791560|3281|2119
14|994|17724612|4111|2885
7|994|18055243|3199|2044
13|994|17699921|3908|2685
19|994|17697876|4230|2984
16|994|18104764|3949|2738
17|994|17865888|3995|2831
24|994|18037153|4061|2786
18|994|18138310|3971|2646
5|994|18139460|4149|2843
23|994|17131864|4341|3164
22|994|17939837|4245|3076
25|994|17959224|3927|2694
29|994|17802620|4068|2855
28|994|17868263|4046|2758
21|994|18037985|3672|2502
27|994|18022625|3613|2348
30|994|18136051|3346|2238
3|994|17927803|3963|2847
15|994|17936706|3379|2151
31|994|17867940|3224|2125
0|995|18925207|3996|2661
11|995|18866528|4325|3118
8|995|18860478|4421|3080
18|995|18742295|4045|2716
29|995|18675034|4503|3239
23|995|18728589|4699|3416
4|995|18915090|4425|3278
9|995|19010275|4433|3088
6|995|18838492|3736|2506
1|995|18884900|4337|2919
12|995|18892579|4239|3040
7|995|18958025|3598|2275
3|995|18532308|4260|3039
13|995|18810163|4312|3022
17|995|18764760|4692|3173
31|995|18737284|3632|2302
16|995|18783663|4330|2984
22|995|18690233|4481|3192
24|995|18755784|4671|3435
20|995|19005077|3874|2549
19|995|18807955|4721|3463
21|995|18638307|4384|3145
26|995|19021038|4381|3088
2|995|19029726|4181|2855
25|995|18687968|4095|2789
30|995|18609004|3669|2483
28|995|18664656|4497|3161
5|995|18689267|4445|2880
27|995|18637632|4191|2760
10|995|18928055|4285|3057
14|995|18835304|4620|3405
15|995|18553723|3771|2598
2|996|17339083|3770|2581
1|996|17571898|4056|2768
4|996|17625996|3794|2525
6|996|17619801|3305|2171
16|996|17527264|4221|2984
20|996|17486171|3637|2473
8|996|17692656|4226|2988
27|996|17348346|4122|2738
21|996|17408144|4308|3051
12|996|17574239|3505|2471
13|996|17538283|4042|2862
11|996|17712957|3854|2691
23|996|17665128|4380|3122
19|996|17442419|4255|3082
5|996|17296284|4017|2628
18|996|17706723|4254|2934
14|996|17272403|4276|2930
26|996|17412975|4275|3087
17|996|17541548|4108|2833
22|996|17499413|4418|3135
10|996|17289626|4320|3216
7|996|17590097|3236|2120
15|996|17265358|3281|2179
24|996|17492408|4348|3154
0|996|17724481|3990|2708
28|996|17368793|4392|3121
29|996|17727959|4226|3133
25|996|17419078|3954|2795
31|996|17563611|3404|2246
9|996|17617171|4679|3368
30|996|17402496|3291|2222
3|996|17541013|3816|2760
2|997|16983313|3847|2567
0|997|16620177|3893|2574
1|997|16969406|3873|2663
19|997|16838914|4334|2998
26|997|16806130|3968|2656
30|997|16629239|3424|2365
18|997|16882151|3904|2560
13|997|16853937|3817|2616
11|997|16867985|3760|2620
24|997|16680371|3808|2549
12|997|16897737|3853|2609
23|997|16863108|4108|2859
14|997|16801829|4021|2839
4|997|16956503|3787|2595
7|997|16909723|3164|2094
31|997|16807345|3242|2079
15|997|16711381|3366|2166
27|997|16955598|4088|2590
28|997|16672441|4070|2644
21|997|16936361|4008|2687
29|997|16661327|3917|2734
16|997|16991566|4049|2924
8|997|16908364|3787|2477
6|997|17017453|3314|2125
3|997|16500000|3787|2587
25|997|16690311|3871|2759
9|997|16552649|3884|2695
5|997|16933593|3683|2362
20|997|17128625|3431|2239
10|997|16908234|3732|2549
17|997|16775514|3888|2731
22|997|16759023|3878|2714
3|998|17382280|3918|2904
11|998|17655418|3606|2527
23|998|17617022|3806|2695
13|998|17711427|4154|2881
20|998|17379193|3480|2319
4|998|17575325|3831|2697
17|998|17310876|3875|2586
2|998|17800424|3766|2741
12|998|17635355|3962|2775
16|998|17471729|3773|2637
5|998|17340264|3784|2541
14|998|17608086|3908|2918
15|998|17556808|3276|2289
1|998|17794270|4095|2935
8|998|17468101|4078|3072
30|998|17732244|3613|2497
10|998|17348747|3973|2810
0|998|17822047|4079|2832
31|998|17588894|3338|2310
22|998|17326052|3935|2765
21|998|17528486|4080|2860
24|998|17681190|4181|3061
6|998|17412519|3507|2306
18|998|17735334|3839|2861
19|998|17791052|4306|3144
27|998|17571230|3987|2819
29|998|17527798|4033|2914
9|998|17370197|4267|2995
25|998|17443417|3872|2823
26|998|17768026|4169|3008
28|998|17584704|4186|2988
7|998|17649492|3480|2388
1|999|17102887|3451|2396
10|999|17065529|3917|2812
26|999|16880686|3996|2911
29|999|16933791|3939|2672
20|999|17312847|3412|2307
2|999|17198453|3962|2993
12|999|17199567|3780|2467
9|999|16884952|4090|3013
14|999|17151417|3892|2846
8|999|17100848|3727|2585
13|999|17288359|3703|2520
4|999|17237572|3571|2399
16|999|17189033|3907|2740
6|999|16974586|3256|2219
19|999|16943561|3875|2737
18|999|16959473|3616|2492
17|999|17238439|3810|2781
23|999|17308888|3819|2666
24|999|17002375|3738|2648
22|999|17031925|3640|2523
11|999|17317263|3653|2556
25|999|16895895|3569|2478
27|999|16942246|3752|2593
0|999|17038377|3675|2380
28|999|16874097|3904|2716
7|999|16840261|3121|2115
21|999|17013070|3816|2598
3|999|17317932|3960|2771
15|999|17160722|3103|2134
30|999|17129955|3149|2011
5|999|17154714|3849|2780
31|999|17117333|3209|2121
